{
"lowlevel": {
    "average_loudness": 0.765697360039,
    "barkbands_crest": {
        "dmean": 2.6569006443,
        "dmean2": 4.33358240128,
        "dvar": 6.05507516861,
        "dvar2": 14.6485815048,
        "max": 25.7201309204,
        "mean": 7.92468357086,
        "median": 6.79762744904,
        "min": 2.24583172798,
        "var": 15.8798093796
    },
    "barkbands_flatness_db": {
        "dmean": 0.0187666919082,
        "dmean2": 0.0278774183244,
        "dvar": 0.000278815597994,
        "dvar2": 0.000604699016549,
        "max": 0.339143633842,
        "mean": 0.0927647277713,
        "median": 0.088818654418,
        "min": 0.0213031582534,
        "var": 0.00116474600509
    },
    "barkbands_kurtosis": {
        "dmean": 1.33675765991,
        "dmean2": 2.14931559563,
        "dvar": 7.75205135345,
        "dvar2": 17.2621421814,
        "max": 78.3071212769,
        "mean": 0.947504758835,
        "median": -0.0325920581818,
        "min": -1.90222334862,
        "var": 14.3690748215
    },
    "barkbands_skewness": {
        "dmean": 0.425517350435,
        "dmean2": 0.662620782852,
        "dvar": 0.188749745488,
        "dvar2": 0.407611072063,
        "max": 8.13100719452,
        "mean": 0.645491063595,
        "median": 0.468186318874,
        "min": -3.21119213104,
        "var": 0.756957948208
    },
    "barkbands_spread": {
        "dmean": 5.95592832565,
        "dmean2": 8.90660667419,
        "dvar": 36.3872261047,
        "dvar2": 76.7907180786,
        "max": 130.395751953,
        "mean": 25.3413391113,
        "median": 23.7055549622,
        "min": 1.71164226532,
        "var": 133.378112793
    },
    "dissonance": {
        "dmean": 0.0171985812485,
        "dmean2": 0.0292131155729,
        "dvar": 0.000261236797087,
        "dvar2": 0.000734500237741,
        "max": 0.500000119209,
        "mean": 0.469998091459,
        "median": 0.474737048149,
        "min": 0.313470602036,
        "var": 0.000474403816042
    },
    "dynamic_complexity": 3.40272879601,
    "erbbands_crest": {
        "dmean": 2.97290062904,
        "dmean2": 4.97526884079,
        "dvar": 7.30633163452,
        "dvar2": 19.0299987793,
        "max": 30.4971694946,
        "mean": 8.97095775604,
        "median": 7.99598646164,
        "min": 2.13170742989,
        "var": 15.6507692337
    },
    "erbbands_flatness_db": {
        "dmean": 0.0201571881771,
        "dmean2": 0.0283345468342,
        "dvar": 0.000309224502416,
        "dvar2": 0.000576014805119,
        "max": 0.395815849304,
        "mean": 0.155902579427,
        "median": 0.153640568256,
        "min": 0.0471990741789,
        "var": 0.00137388450094
    },
    "erbbands_kurtosis": {
        "dmean": 0.921919584274,
        "dmean2": 1.52643060684,
        "dvar": 1.74905371666,
        "dvar2": 4.86182117462,
        "max": 41.2448654175,
        "mean": 0.564224481583,
        "median": 0.160595417023,
        "min": -1.75742590427,
        "var": 2.87051105499
    },
    "erbbands_skewness": {
        "dmean": 0.367020308971,
        "dmean2": 0.580180704594,
        "dvar": 0.103297621012,
        "dvar2": 0.252685934305,
        "max": 4.03545188904,
        "mean": 0.244387596846,
        "median": 0.220423534513,
        "min": -6.02698087692,
        "var": 0.412786126137
    },
    "erbbands_spread": {
        "dmean": 7.02219390869,
        "dmean2": 10.7807455063,
        "dvar": 50.8404388428,
        "dvar2": 110.776550293,
        "max": 128.912857056,
        "mean": 29.90741539,
        "median": 27.252166748,
        "min": 3.27474617958,
        "var": 190.716079712
    },
    "hfc": {
        "dmean": 6.72283840179,
        "dmean2": 9.95617294312,
        "dvar": 59.7934684753,
        "dvar2": 130.709823608,
        "max": 170.483428955,
        "mean": 25.8187847137,
        "median": 23.6503429413,
        "min": 1.12021907219e-16,
        "var": 310.534362793
    },
    "melbands_crest": {
        "dmean": 3.21335458755,
        "dmean2": 5.23760414124,
        "dvar": 9.12879943848,
        "dvar2": 22.0234336853,
        "max": 39.1198348999,
        "mean": 10.250330925,
        "median": 8.96697616577,
        "min": 1.73330700397,
        "var": 22.7735958099
    },
    "melbands_flatness_db": {
        "dmean": 0.0216291788965,
        "dmean2": 0.032079089433,
        "dvar": 0.000402005156502,
        "dvar2": 0.000853325705975,
        "max": 0.377093940973,
        "mean": 0.134596124291,
        "median": 0.130058377981,
        "min": 0.00353895663284,
        "var": 0.00183058658149
    },
    "melbands_kurtosis": {
        "dmean": 2.85900688171,
        "dmean2": 4.56772708893,
        "dvar": 45.0503540039,
        "dvar2": 95.2730178833,
        "max": 234.039550781,
        "mean": 3.95324611664,
        "median": 1.40276479721,
        "min": -1.56977880001,
        "var": 87.5543518066
    },
    "melbands_skewness": {
        "dmean": 0.523867607117,
        "dmean2": 0.812610864639,
        "dvar": 0.337420016527,
        "dvar2": 0.715385258198,
        "max": 13.3391304016,
        "mean": 1.32624530792,
        "median": 1.08875834942,
        "min": -2.40811252594,
        "var": 1.27070355415
    },
    "melbands_spread": {
        "dmean": 8.47925853729,
        "dmean2": 13.2607479095,
        "dvar": 73.4672698975,
        "dvar2": 158.304504395,
        "max": 173.781982422,
        "mean": 35.6859970093,
        "median": 33.5034370422,
        "min": 1.64682722092,
        "var": 308.088134766
    },
    "pitch_salience": {
        "dmean": 0.0670065283775,
        "dmean2": 0.10948985815,
        "dvar": 0.00379160256125,
        "dvar2": 0.00931612122804,
        "max": 0.875839114189,
        "mean": 0.578872859478,
        "median": 0.587277770042,
        "min": 0.0554752536118,
        "var": 0.00866714958102
    },
    "silence_rate_20dB": {
        "dmean": 0,
        "dmean2": 0,
        "dvar": 0,
        "dvar2": 0,
        "max": 1,
        "mean": 1,
        "median": 1,
        "min": 1,
        "var": 0
    },
    "silence_rate_30dB": {
        "dmean": 0,
        "dmean2": 0,
        "dvar": 0,
        "dvar2": 0,
        "max": 1,
        "mean": 1,
        "median": 1,
        "min": 1,
        "var": 0
    },
    "silence_rate_60dB": {
        "dmean": 0.0108651909977,
        "dmean2": 0.0217325687408,
        "dvar": 0.0107457228005,
        "dvar2": 0.0260897446424,
        "max": 1,
        "mean": 0.0594507604837,
        "median": 0,
        "min": 0,
        "var": 0.0559156127274
    },
    "spectral_centroid": {
        "dmean": 248.964263916,
        "dmean2": 383.052703857,
        "dvar": 68939.46875,
        "dvar2": 147644.515625,
        "max": 11251.0751953,
        "mean": 1748.5814209,
        "median": 1717.45336914,
        "min": 326.048370361,
        "var": 395658.90625
    },
    "spectral_complexity": {
        "dmean": 3.48108649254,
        "dmean2": 5.27055025101,
        "dvar": 11.3604049683,
        "dvar2": 22.4454574585,
        "max": 54,
        "mean": 23.5214767456,
        "median": 24,
        "min": 0,
        "var": 98.7836914062
    },
    "spectral_decrease": {
        "dmean": 1.65866687052e-09,
        "dmean2": 2.5629660616e-09,
        "dvar": 4.84606284765e-18,
        "dvar2": 1.12184583867e-17,
        "max": 1.59058687201e-29,
        "mean": -4.97875607408e-09,
        "median": -4.12990130982e-09,
        "min": -2.88550676686e-08,
        "var": 1.36146773714e-17
    },
    "spectral_energy": {
        "dmean": 0.00672387750819,
        "dmean2": 0.0103546949103,
        "dvar": 7.66435696278e-05,
        "dvar2": 0.000176310728421,
        "max": 0.116835422814,
        "mean": 0.0211327672005,
        "median": 0.0180068779737,
        "min": 1.02176911632e-20,
        "var": 0.000229570592637
    },
    "spectral_energyband_high": {
        "dmean": 0.000411421817262,
        "dmean2": 0.000581401749514,
        "dvar": 2.89083061489e-07,
        "dvar2": 5.99930842782e-07,
        "max": 0.00866943132132,
        "mean": 0.00103497575037,
        "median": 0.000722949393094,
        "min": 7.37237807194e-21,
        "var": 1.08230301521e-06
    },
    "spectral_energyband_low": {
        "dmean": 0.00148505996913,
        "dmean2": 0.00238714856096,
        "dvar": 1.24836715258e-05,
        "dvar2": 2.94017954729e-05,
        "max": 0.0353174395859,
        "mean": 0.00243989704177,
        "median": 0.00132807728369,
        "min": 2.84539225505e-23,
        "var": 1.64738412423e-05
    },
    "spectral_energyband_middle_high": {
        "dmean": 0.00290818279609,
        "dmean2": 0.00461891619489,
        "dvar": 1.77791316673e-05,
        "dvar2": 4.29803294537e-05,
        "max": 0.0822430327535,
        "mean": 0.00909266527742,
        "median": 0.00704640988261,
        "min": 1.34937159474e-21,
        "var": 6.90384258633e-05
    },
    "spectral_energyband_middle_low": {
        "dmean": 0.00441723782569,
        "dmean2": 0.00694074248895,
        "dvar": 5.07685253979e-05,
        "dvar2": 0.000124316065921,
        "max": 0.0993679240346,
        "mean": 0.00892164185643,
        "median": 0.00548326177523,
        "min": 2.37915046895e-22,
        "var": 0.000101714867924
    },
    "spectral_entropy": {
        "dmean": 0.145789831877,
        "dmean2": 0.202552989125,
        "dvar": 0.0180534645915,
        "dvar2": 0.0334310643375,
        "max": 9.80946922302,
        "mean": 7.76057815552,
        "median": 7.74314069748,
        "min": 6.09143781662,
        "var": 0.0803695768118
    },
    "spectral_flux": {
        "dmean": 0.019757412374,
        "dmean2": 0.0312589108944,
        "dvar": 0.000513303326443,
        "dvar2": 0.00110040174332,
        "max": 0.244839429855,
        "mean": 0.0830400437117,
        "median": 0.0788647681475,
        "min": 6.32203039919e-11,
        "var": 0.00158063776325
    },
    "spectral_kurtosis": {
        "dmean": 1.17492187023,
        "dmean2": 1.81024169922,
        "dvar": 1.28229224682,
        "dvar2": 2.998878479,
        "max": 26.5349712372,
        "mean": 4.53198432922,
        "median": 4.46998786926,
        "min": -1.28325104713,
        "var": 3.85266470909
    },
    "spectral_rms": {
        "dmean": 0.000672249414492,
        "dmean2": 0.00101013714448,
        "dvar": 5.58779504445e-07,
        "dvar2": 1.20981462715e-06,
        "max": 0.0106764119118,
        "mean": 0.00421950081363,
        "median": 0.00419138232246,
        "min": 3.15728996766e-12,
        "var": 2.81315760731e-06
    },
    "spectral_rolloff": {
        "dmean": 565.727050781,
        "dmean2": 920.414428711,
        "dvar": 857929.6875,
        "dvar2": 1749981.5,
        "max": 18970.7519531,
        "mean": 2300.84448242,
        "median": 1981.0546875,
        "min": 21.533203125,
        "var": 2472268
    },
    "spectral_skewness": {
        "dmean": 0.171929642558,
        "dmean2": 0.26430273056,
        "dvar": 0.023356013,
        "dvar2": 0.052469201386,
        "max": 3.74835896492,
        "mean": 1.62636899948,
        "median": 1.6221678257,
        "min": -0.0289911776781,
        "var": 0.0919996872544
    },
    "spectral_spread": {
        "dmean": 639994.75,
        "dmean2": 832640,
        "dvar": 560500441088,
        "dvar2": 876777635840,
        "max": 41907100,
        "mean": 4828396,
        "median": 4476549,
        "min": 1347629,
        "var": 2.9744258089e+12
    },
    "spectral_strongpeak": {
        "dmean": 0.906561136246,
        "dmean2": 1.54162549973,
        "dvar": 1.24336206913,
        "dvar2": 3.20026230812,
        "max": 20.4193000793,
        "mean": 1.48038637638,
        "median": 1.10302531719,
        "min": 0,
        "var": 2.10869312286
    },
    "zerocrossingrate": {
        "dmean": 0.0125047648326,
        "dmean2": 0.0145105356351,
        "dvar": 0.000198395646294,
        "dvar2": 0.000214698826312,
        "max": 0.5048828125,
        "mean": 0.0866071730852,
        "median": 0.07958984375,
        "min": 0,
        "var": 0.00143988837954
    },
    "barkbands": {
        "dmean": [4.39989817096e-05, 0.000968918786384, 0.000693033449352, 0.000435379246483, 0.00160747813061, 0.000957666721661, 0.0010889028199, 0.000907580950297, 0.00120878161397, 0.00113539642189, 0.000642196158879, 0.000945524137933, 0.00054176338017, 0.000483286741655, 0.000709586369339, 0.000372664188035, 0.000457117013866, 0.000261597306235, 0.000169878694578, 0.000128289524582, 0.000147830607602, 6.50043148198e-05, 5.61839078728e-05, 5.67014722037e-05, 8.67405542522e-05, 3.36461926054e-05, 2.3323991627e-06],
        "dmean2": [7.39892275305e-05, 0.00141539110336, 0.00125105027109, 0.000718028459232, 0.00261586206034, 0.00153370876797, 0.00174832635093, 0.00145325122867, 0.00197203410789, 0.0018656742759, 0.00105518079363, 0.00154309661593, 0.000898671045434, 0.000786040502135, 0.0011817450868, 0.000630669761449, 0.000763478106819, 0.00043546789675, 0.000275010475889, 0.000202954586712, 0.000229413199122, 9.82077108347e-05, 8.27010007924e-05, 8.09938283055e-05, 0.000123282210552, 4.61503113911e-05, 3.55982683686e-06],
        "dvar": [9.72161195989e-09, 5.54423922949e-06, 5.01544536746e-06, 6.16400427589e-07, 1.58883922268e-05, 4.44122269982e-06, 6.4655728238e-06, 5.70321526538e-06, 8.42984354676e-06, 6.72332362228e-06, 2.98809572996e-06, 3.81788913728e-06, 1.44718910633e-06, 1.78615607638e-06, 2.05728542824e-06, 1.47486355218e-06, 5.85512850648e-07, 1.73164536932e-07, 6.50438423122e-08, 3.32095311251e-08, 4.8204906733e-08, 1.15346567853e-08, 9.02873242836e-09, 9.69675006957e-09, 2.47923619412e-08, 2.9551237013e-09, 2.96850252712e-11],
        "dvar2": [2.5755440447e-08, 9.68243057287e-06, 1.45658723341e-05, 1.58575051046e-06, 4.03359081247e-05, 9.70350993157e-06, 1.61058105732e-05, 1.38094719659e-05, 2.23603801714e-05, 1.70939056261e-05, 7.60606508265e-06, 9.58205237112e-06, 3.98175552618e-06, 4.18190938944e-06, 5.4025672398e-06, 3.66044901057e-06, 1.62395667758e-06, 4.77857668102e-07, 1.66368465671e-07, 8.41236911242e-08, 1.14782309879e-07, 2.93838500198e-08, 2.14292192879e-08, 2.00388718952e-08, 5.16607308043e-08, 5.94118798602e-09, 7.25999330098e-11],
        "max": [0.00212105712853, 0.0260329004377, 0.0220637768507, 0.0123624559492, 0.0792739242315, 0.0558887273073, 0.0531933531165, 0.0736903175712, 0.0509908050299, 0.0599255263805, 0.0307507831603, 0.0623056925833, 0.0396931357682, 0.0631580874324, 0.031741335988, 0.054458245635, 0.0158632621169, 0.00618623895571, 0.0045262016356, 0.00371563597582, 0.00333176623099, 0.00309139699675, 0.00171024433803, 0.00225363788195, 0.00313637522049, 0.00102839898318, 0.000205327567528],
        "mean": [4.51001906185e-05, 0.00139062921517, 0.000766845420003, 0.000583144719712, 0.00212206505239, 0.00134699570481, 0.00154419906903, 0.0012680493528, 0.00187236000784, 0.00165198743343, 0.000922498991713, 0.00146592082456, 0.000817194697447, 0.000724932469893, 0.00111064477824, 0.000611565832514, 0.000849728705361, 0.000553023011889, 0.000342040322721, 0.000284562731395, 0.00034054115531, 0.000100310986454, 9.48830056586e-05, 0.000113567359222, 0.00015184127551, 5.55297046958e-05, 2.60787760453e-06],
        "median": [1.29682766783e-05, 0.000530813296791, 0.000272773730103, 0.000289863732178, 0.000741832074709, 0.000526476185769, 0.000510440324433, 0.00044781921315, 0.000653799914289, 0.000641078921035, 0.000228254124522, 0.000608675298281, 0.000378157099476, 0.000331686576828, 0.000581601401791, 0.000315971090458, 0.000396993011236, 0.000257388339378, 0.000227070951951, 0.000184523174539, 0.000175967681571, 5.46667179151e-05, 4.58420145151e-05, 5.89781084273e-05, 6.80712328176e-05, 2.89133022306e-05, 7.60134867051e-07],
        "min": [1.14329571551e-24, 1.07297034353e-23, 1.68963356276e-24, 4.83418380341e-24, 2.83400520566e-23, 1.09833506153e-23, 2.5807347856e-23, 2.75236409731e-23, 2.39667697034e-23, 2.14691729686e-23, 2.70053940682e-23, 3.78747645379e-23, 4.67436626381e-23, 5.68611066701e-23, 1.00824160835e-22, 1.287430085e-22, 1.05419023172e-22, 1.56327593711e-22, 1.55321915964e-22, 2.86307990494e-22, 3.36627168341e-22, 3.12546211021e-22, 4.39763120768e-22, 7.663191733e-22, 1.00324174482e-21, 1.54655814437e-21, 2.16298925233e-21],
        "var": [8.5534921368e-09, 8.40545362735e-06, 3.04797049466e-06, 7.27886003915e-07, 2.1904184905e-05, 8.60568161443e-06, 1.20377590065e-05, 1.07115420178e-05, 1.38370360219e-05, 1.05802319013e-05, 5.07934373672e-06, 7.05009824742e-06, 2.2669230475e-06, 2.90043976747e-06, 3.06122547045e-06, 1.9257402073e-06, 1.24857206174e-06, 5.14502403348e-07, 1.39673616673e-07, 9.47667402329e-08, 1.60596869136e-07, 1.62910609447e-08, 1.77779106991e-08, 2.91354691484e-08, 6.6699946899e-08, 6.49025944099e-09, 2.98194628712e-11]
    },
    "erbbands": {
        "dmean": [0.0344908758998, 0.217976823449, 0.714741647243, 1.12587547302, 3.18791675568, 5.83422470093, 8.79638767242, 7.20867395401, 13.449010849, 16.7332515717, 21.0113506317, 28.1050701141, 24.4247093201, 32.8868103027, 30.1641845703, 29.6203022003, 24.5242576599, 16.752374649, 43.7857627869, 20.6453876495, 21.7589607239, 24.1075572968, 14.0093450546, 11.0692014694, 6.48889017105, 6.05101680756, 7.04447698593, 4.31111574173, 2.52041244507, 2.21182155609, 1.42962253094, 1.16565597057, 1.00636231899, 1.02895486355, 0.59859585762, 0.167058512568, 0.0590488612652, 0.011317724362, 0.000238950553467, 1.35742129714e-05],
        "dmean2": [0.0508551001549, 0.326204717159, 1.27481341362, 1.9118629694, 5.13081932068, 9.72863483429, 14.2266559601, 11.6217536926, 21.5706043243, 27.1624755859, 33.2839775085, 45.4382781982, 39.621055603, 53.76537323, 49.5315742493, 48.1613426208, 40.6468925476, 27.4169464111, 72.4411849976, 34.5217475891, 36.8049163818, 40.2915306091, 23.1613674164, 18.0963039398, 10.2968568802, 9.64946937561, 11.0533046722, 6.59977960587, 3.8298201561, 3.39616656303, 2.05964517593, 1.688398242, 1.4469025135, 1.47342216969, 0.867716491222, 0.229984521866, 0.0823419317603, 0.0163099821657, 0.000341791048413, 1.93692249013e-05],
        "dvar": [0.00790223106742, 0.280000329018, 4.97105312347, 6.13932991028, 75.2176895142, 249.971878052, 417.091217041, 255.358306885, 874.622131348, 2729.28735352, 2550.02783203, 4954.390625, 3393.59716797, 4574.95751953, 4363.83447266, 3504.57592773, 3319.71777344, 1082.99523926, 8338.54589844, 3382.97070312, 6493.01367188, 1815.10559082, 425.540039062, 305.572692871, 83.2679901123, 75.8671188354, 109.43032074, 45.3234710693, 16.8204517365, 15.694688797, 5.80348396301, 4.04235982895, 3.18855285645, 3.61913895607, 1.2180891037, 0.0798941552639, 0.00954084564, 0.000405585160479, 1.927665636e-07, 2.85515250331e-10],
        "dvar2": [0.01662764512, 0.517899692059, 14.3659906387, 17.031785965, 185.234863281, 626.577392578, 995.573669434, 570.617675781, 2062.61572266, 7355.6875, 6000.57128906, 12952.8759766, 8585.81445312, 11608.4960938, 11223.8945312, 8851.6484375, 9174.66503906, 2690.38867188, 20822.0625, 9449.29199219, 16020.3251953, 5091.05566406, 1134.09985352, 809.007385254, 206.907913208, 191.621566772, 268.955078125, 108.000152588, 42.6045265198, 41.3412017822, 12.7631959915, 8.79783248901, 6.46871185303, 7.77717971802, 2.59159183502, 0.157135307789, 0.0198870375752, 0.000899288570508, 4.27038287398e-07, 5.97726979024e-10],
        "max": [0.919210076332, 5.37271976471, 21.9595069885, 26.6127796173, 120.506340027, 387.971191406, 525.044067383, 468.129333496, 768.32434082, 1284.98205566, 1840.84924316, 1368.93603516, 1571.37963867, 1273.07385254, 1639.7668457, 1317.0213623, 2032.41345215, 912.21081543, 2705.03491211, 2230.02563477, 3732.61914062, 835.252380371, 422.19732666, 276.855957031, 168.015991211, 190.353561401, 160.885437012, 141.396057129, 104.634033203, 80.6838760376, 61.2666435242, 50.9098472595, 38.3668441772, 45.727180481, 19.5202903748, 6.05280160904, 1.68141388893, 0.448322474957, 0.0113011961803, 0.000279520842014],
        "mean": [0.0403853319585, 0.315012395382, 0.85877263546, 1.43568789959, 3.89232444763, 7.53347110748, 11.8633642197, 10.5482034683, 19.756937027, 23.0328083038, 32.4586906433, 44.4306640625, 38.1788024902, 51.8382720947, 50.5508575439, 50.2205505371, 38.7639656067, 29.9639205933, 69.2229614258, 36.8680763245, 37.4109954834, 47.0154304504, 33.2519378662, 24.2171573639, 14.5631284714, 13.881816864, 16.6664218903, 9.35746574402, 4.02607488632, 3.24148726463, 2.53494358063, 2.21525526047, 1.984364748, 1.81419456005, 0.999187469482, 0.298861980438, 0.0910928398371, 0.0147992800921, 0.000329330418026, 3.84966115234e-05],
        "median": [0.0112610571086, 0.124710530043, 0.395069748163, 0.765562355518, 1.48395717144, 2.33715891838, 4.17041444778, 4.54107666016, 7.42668676376, 8.2259721756, 13.58335495, 16.2215957642, 16.6363372803, 22.9855632782, 20.4334354401, 23.7598781586, 18.6931743622, 16.9514656067, 36.7395057678, 20.1421661377, 21.7521362305, 22.2510547638, 17.4635391235, 13.2909660339, 10.1672744751, 9.31841945648, 8.70902252197, 4.94546365738, 2.26718950272, 1.6653740406, 1.19900023937, 1.10143232346, 1.02952122688, 0.804645955563, 0.437558352947, 0.154644846916, 0.045331787318, 0.00619358895347, 0.000146020640386, 3.32755626005e-05],
        "min": [2.92514066521e-22, 1.2107387696e-21, 2.68275735868e-21, 1.15884885736e-20, 1.02173833939e-20, 6.83580184133e-20, 7.50371528928e-20, 1.35796328308e-19, 3.13954747133e-19, 6.3142072087e-19, 6.38696704936e-19, 6.08748217268e-19, 5.45231241078e-19, 7.74573631655e-19, 1.74460580275e-18, 2.10243875907e-18, 2.60666841494e-18, 2.23443052185e-18, 5.23133090334e-18, 5.17532994869e-18, 7.81878908254e-18, 5.33968866846e-18, 8.45896980119e-18, 6.50767348365e-18, 1.23744738985e-17, 1.42387545379e-17, 1.13631173866e-17, 1.5004004138e-17, 1.11354069717e-17, 1.38609215951e-17, 1.27362537471e-17, 1.09456964069e-17, 1.39669727671e-17, 9.63453572669e-18, 8.11770816768e-18, 4.56893004549e-18, 2.77309425906e-18, 1.18717799034e-18, 2.83678980286e-19, 2.70014450937e-20],
        "var": [0.00905353296548, 0.415000170469, 3.2109439373, 4.83344602585, 78.7038879395, 390.950897217, 643.926452637, 500.632019043, 1821.36706543, 4128.17724609, 4862.49853516, 8100.04931641, 5276.94287109, 7880.99609375, 8665.26660156, 7182.46875, 4953.28173828, 2147.73974609, 13216.1074219, 4163.31005859, 8162.48339844, 3871.64868164, 1545.91821289, 839.006225586, 211.561508179, 208.184158325, 390.075439453, 131.088760376, 24.8567886353, 19.3973178864, 13.7570381165, 10.630531311, 9.76807498932, 9.85239028931, 2.8666741848, 0.209953099489, 0.0179252177477, 0.000564916525036, 2.68650723001e-07, 7.76630870725e-10]
    },
    "gfcc": {
        "mean": [10.5057144165, 63.7046203613, -135.444839478, 14.4531230927, -59.9761009216, 13.7388515472, -42.4583740234, 15.9769086838, -31.1409683228, 7.83244276047, -20.827419281, 3.16709256172, -9.67594242096],
        "cov": [[12563.9785156, 91.1803283691, -303.68371582, 288.863372803, -347.426971436, -133.812789917, -196.61555481, 159.800369263, -173.590560913, 56.440284729, -138.560958862, -13.6298112869, -21.8124275208], [91.1803283691, 815.649414062, -43.4081535339, 40.2617378235, 149.215499878, -11.2081422806, 79.8773193359, -29.597070694, 39.7267494202, -51.4655265808, 34.2113075256, -43.2110671997, 13.9222221375], [-303.68371582, -43.4081535339, 668.683349609, 159.596054077, 2.28587245941, 99.5724258423, -16.7484798431, 33.7901992798, 9.78094863892, 1.74446678162, -11.1475992203, 19.7771987915, -40.979511261], [288.863372803, 40.2617378235, 159.596054077, 288.498626709, 84.7265319824, 17.616065979, 31.78150177, 53.4936065674, 19.3693122864, 19.0694313049, 14.6493425369, 4.87202835083, 5.92374610901], [-347.426971436, 149.215499878, 2.28587245941, 84.7265319824, 232.828948975, 90.8562774658, 93.6488571167, 37.0635643005, 30.3862800598, 22.190864563, 11.6466159821, 9.48719215393, 5.73064517975], [-133.812789917, -11.2081422806, 99.5724258423, 17.616065979, 90.8562774658, 190.781997681, 90.6864776611, 19.1133747101, 18.8574771881, 19.5737934113, -6.08450603485, 7.02329206467, -13.247095108], [-196.61555481, 79.8773193359, -16.7484798431, 31.78150177, 93.6488571167, 90.6864776611, 152.588989258, 48.1843948364, 29.0339317322, 16.3447933197, 7.18007421494, 1.79460084438, 3.29105186462], [159.800369263, -29.597070694, 33.7901992798, 53.4936065674, 37.0635643005, 19.1133747101, 48.1843948364, 131.830352783, 44.3558731079, 36.1569213867, 12.4317436218, 2.64786434174, 9.56498336792], [-173.590560913, 39.7267494202, 9.78094863892, 19.3693122864, 30.3862800598, 18.8574771881, 29.0339317322, 44.3558731079, 91.6459960938, 38.127407074, 15.3705406189, 2.56953382492, -4.50365257263], [56.440284729, -51.4655265808, 1.74446678162, 19.0694313049, 22.190864563, 19.5737934113, 16.3447933197, 36.1569213867, 38.127407074, 88.0658111572, 34.7138977051, 10.252120018, -0.102860912681], [-138.560958862, 34.2113075256, -11.1475992203, 14.6493425369, 11.6466159821, -6.08450603485, 7.18007421494, 12.4317436218, 15.3705406189, 34.7138977051, 75.6772689819, 23.8623924255, 11.6106061935], [-13.6298112869, -43.2110671997, 19.7771987915, 4.87202835083, 9.48719215393, 7.02329206467, 1.79460084438, 2.64786434174, 2.56953382492, 10.252120018, 23.8623924255, 72.9677963257, 15.7964076996], [-21.8124275208, 13.9222221375, -40.979511261, 5.92374610901, 5.73064517975, -13.247095108, 3.29105186462, 9.56498336792, -4.50365257263, -0.102860912681, 11.6106061935, 15.7964076996, 75.7209320068]],
        "icov": [[0.000131946813781, -0.000235498475377, 0.000225896961638, -0.000329663482262, 0.000478193192976, -0.00030986010097, 0.000345042004483, -0.000460176932393, 0.000549246149603, -0.00051270093536, 0.000597390637267, -0.000363773287972, 0.000198343899683], [-0.000235498475377, 0.00248797168024, -0.000670754758175, 0.000765076081734, -0.00240766699426, 0.00170906353742, -0.00175204384141, 0.00205539120361, -0.00252397498116, 0.00316987163387, -0.00306822243147, 0.00250781304203, -0.000848931376822], [0.000225896961638, -0.000670754758175, 0.00271849776618, -0.00204889569432, 0.00179688411299, -0.00264742504805, 0.00212513259612, -0.00158910220489, 0.0010221793782, -0.000562483619433, 0.00143163790926, -0.00168280722573, 0.00152070540935], [-0.000329663482262, 0.000765076081734, -0.00204889569432, 0.00590537162498, -0.00336470012553, 0.00242982874624, -0.00150592578575, 0.00019688901375, -0.00118640309665, 0.00110557884909, -0.00217405334115, 0.00163520209026, -0.00116297753993], [0.000478193192976, -0.00240766699426, 0.00179688411299, -0.00336470012553, 0.00988404080272, -0.00443040952086, -9.17887955438e-05, -0.00247456412762, 0.00233631767333, -0.00347538362257, 0.00343259843066, -0.00327707314864, 0.000901109771803], [-0.00030986010097, 0.00170906353742, -0.00264742504805, 0.00242982874624, -0.00443040952086, 0.0114012649283, -0.00679469760507, 0.00313061103225, -0.00179951754399, 0.00013104910613, -0.000558925094083, 0.00128814217169, -8.64478788571e-05], [0.000345042004483, -0.00175204384141, 0.00212513259612, -0.00150592578575, -9.17887955438e-05, -0.00679469760507, 0.0139884529635, -0.00517902802676, 0.00117458635941, -0.000833261525258, 0.00153374904767, -0.00151696056128, 0.000703923637047], [-0.000460176932393, 0.00205539120361, -0.00158910220489, 0.00019688901375, -0.00247456412762, 0.00313061103225, -0.00517902802676, 0.0134843531996, -0.00621371669695, 0.000147703191033, -0.0024007675238, 0.00277705281042, -0.0027097298298], [0.000549246149603, -0.00252397498116, 0.0010221793782, -0.00118640309665, 0.00233631767333, -0.00179951754399, 0.00117458635941, -0.00621371669695, 0.0185972917825, -0.00857401452959, 0.00353584508412, -0.00269888411276, 0.00262583605945], [-0.00051270093536, 0.00316987163387, -0.000562483619433, 0.00110557884909, -0.00347538362257, 0.00013104910613, -0.000833261525258, 0.000147703191033, -0.00857401452959, 0.0220968592912, -0.0114724794403, 0.00331328716129, -0.000229919431149], [0.000597390637267, -0.00306822243147, 0.00143163790926, -0.00217405334115, 0.00343259843066, -0.000558925094083, 0.00153374904767, -0.0024007675238, 0.00353584508412, -0.0114724794403, 0.0231967214495, -0.00837818346918, -5.42091547686e-05], [-0.000363773287972, 0.00250781304203, -0.00168280722573, 0.00163520209026, -0.00327707314864, 0.00128814217169, -0.00151696056128, 0.00277705281042, -0.00269888411276, 0.00331328716129, -0.00837818346918, 0.0189969427884, -0.00425039837137], [0.000198343899683, -0.000848931376822, 0.00152070540935, -0.00116297753993, 0.000901109771803, -8.64478788571e-05, 0.000703923637047, -0.0027097298298, 0.00262583605945, -0.000229919431149, -5.42091547686e-05, -0.00425039837137, 0.0156128257513]]
    },
    "melbands": {
        "dmean": [0.000286549737211, 0.000330891401973, 0.000248607626418, 0.000312759191729, 0.000302432774333, 0.000166460304172, 0.000208506404306, 0.000187228302821, 0.000185129509191, 0.000167985373992, 0.000132412387757, 0.000147752580233, 9.98883988359e-05, 0.000113717447675, 6.74741095281e-05, 4.3995652959e-05, 3.2925112464e-05, 7.60829352657e-05, 3.58319666702e-05, 2.43840477196e-05, 2.6595482268e-05, 2.56103430729e-05, 2.25535604841e-05, 1.44270525197e-05, 9.4095030363e-06, 6.84259202899e-06, 3.72791078007e-06, 4.46553576694e-06, 5.05549724039e-06, 4.4653452278e-06, 2.04251841751e-06, 1.43652823681e-06, 1.3252182498e-06, 1.31675676585e-06, 8.93582466688e-07, 7.31426951006e-07, 7.59392435157e-07, 7.41710493912e-07, 7.31134264242e-07, 9.95021878225e-07],
        "dmean2": [0.000400644697947, 0.000555596605409, 0.000411508779507, 0.000510060752276, 0.000490577425808, 0.000266329734586, 0.000334630633006, 0.000304742861772, 0.000296156358672, 0.000272058328846, 0.000215348569327, 0.000242502210313, 0.000163797012647, 0.000184090953553, 0.000111566332635, 7.22320037312e-05, 5.39786306035e-05, 0.000125796170323, 5.92075193708e-05, 4.09003587265e-05, 4.5043805585e-05, 4.25793077738e-05, 3.76938478439e-05, 2.42454134423e-05, 1.53533710545e-05, 1.11950212158e-05, 5.92330252402e-06, 7.20131129128e-06, 8.10393521533e-06, 7.01167391526e-06, 3.15668967232e-06, 2.2024601094e-06, 2.07573179978e-06, 2.04593698072e-06, 1.31485887778e-06, 1.07681125883e-06, 1.12704947242e-06, 1.08731865112e-06, 1.06248467091e-06, 1.45330523083e-06],
        "dvar": [4.97931921473e-07, 8.52864616263e-07, 2.54788631082e-07, 6.33931222183e-07, 5.04202432694e-07, 1.31193047537e-07, 2.04024871664e-07, 3.0114040328e-07, 1.91403245253e-07, 1.65862232393e-07, 9.93375195435e-08, 9.66064206409e-08, 5.90500732756e-08, 5.91826960772e-08, 2.47739659898e-08, 9.34129751329e-09, 4.83438578058e-09, 2.73487348323e-08, 5.92144333567e-09, 3.7852792012e-09, 1.01534647357e-08, 2.43634135089e-09, 1.54660173557e-09, 5.98244898065e-10, 2.39704589511e-10, 1.08208129956e-10, 2.88724513048e-11, 4.47860741548e-11, 6.71476901859e-11, 5.21724330405e-11, 1.01417069187e-11, 4.99378750157e-12, 6.92114941747e-12, 5.9071914027e-12, 2.66200039442e-12, 1.50694766995e-12, 1.83515485794e-12, 1.75335234612e-12, 1.82799261839e-12, 3.58234709258e-12],
        "dvar2": [9.21554430988e-07, 2.34542039834e-06, 6.53348308788e-07, 1.59113039899e-06, 1.23765698845e-06, 2.89375662987e-07, 4.82516099964e-07, 8.04349440386e-07, 4.73848416505e-07, 4.30850406019e-07, 2.50899404364e-07, 2.4603727411e-07, 1.49284787199e-07, 1.43369717875e-07, 6.94771458143e-08, 2.5108914059e-08, 1.19698873036e-08, 6.66963515528e-08, 1.55324890727e-08, 1.04060431383e-08, 2.49546641129e-08, 6.79070488729e-09, 4.23607282585e-09, 1.62581248464e-09, 6.24852336539e-10, 2.82258660889e-10, 6.94333895934e-11, 1.14523161787e-10, 1.70307865033e-10, 1.26700108738e-10, 2.43454770232e-11, 1.21792957664e-11, 1.89004749351e-11, 1.57028695602e-11, 6.03846096389e-12, 3.37005900616e-12, 4.14395818008e-12, 3.76905928343e-12, 3.91755855186e-12, 7.88877123348e-12],
        "max": [0.00789537560195, 0.00932149216533, 0.00625451747328, 0.0140769630671, 0.0194075871259, 0.0104973707348, 0.0114242089912, 0.0142907844856, 0.0146953668445, 0.00745918229222, 0.00852798763663, 0.00560215301812, 0.00433432823047, 0.00843351986259, 0.00351960887201, 0.00346524012275, 0.00233311392367, 0.00619919737801, 0.00239966576919, 0.00203178101219, 0.00468894653022, 0.00113417697139, 0.000800475187134, 0.000372676877305, 0.000262150279013, 0.000209304926102, 0.000130447049742, 0.000158898939844, 0.000144996825838, 0.000120000586321, 5.45647890249e-05, 4.50338702649e-05, 8.60564905452e-05, 4.22321136284e-05, 4.93352417834e-05, 2.28122953558e-05, 3.349056351e-05, 2.99946477753e-05, 3.63798426406e-05, 3.9622427721e-05],
        "mean": [0.000375405041268, 0.000442682357971, 0.00031888554804, 0.000406548497267, 0.000414839509176, 0.000241695524892, 0.000304430141114, 0.000260284752585, 0.000285780522972, 0.000261584762484, 0.000197336368728, 0.000225167023018, 0.000155905654537, 0.000175977605977, 0.000103541402495, 6.84323094902e-05, 5.2563045756e-05, 0.000116799332318, 5.95701858401e-05, 4.13734887843e-05, 4.15824761149e-05, 4.58578397229e-05, 4.26485530625e-05, 2.78328934655e-05, 1.83805059351e-05, 1.31843053168e-05, 7.70177939557e-06, 9.28858844418e-06, 1.0919478882e-05, 8.92456409929e-06, 4.0321428969e-06, 2.21324580707e-06, 1.7901869569e-06, 1.84667953818e-06, 1.48611252371e-06, 1.29002455651e-06, 1.38153552598e-06, 1.38442487696e-06, 1.34179754241e-06, 1.64637299349e-06],
        "median": [0.000134737623739, 0.000224446252105, 0.000166201847605, 0.000138150586281, 0.000146812657476, 0.000100348297565, 0.000111323541205, 9.48890519794e-05, 0.000117762436275, 9.18461955735e-05, 8.06216921774e-05, 9.47568260017e-05, 5.18653723702e-05, 7.07422150299e-05, 4.17857845605e-05, 3.34191645379e-05, 2.59777716565e-05, 6.02008549322e-05, 3.32431191055e-05, 1.95531756617e-05, 2.24759587582e-05, 2.03405106731e-05, 1.75091900019e-05, 1.23322906802e-05, 9.36976448429e-06, 8.56801034388e-06, 5.20168941875e-06, 5.70610200157e-06, 5.17525404575e-06, 4.08186997447e-06, 2.09924951378e-06, 1.15138175261e-06, 9.29780526349e-07, 9.08034735403e-07, 6.74747923313e-07, 6.09536641605e-07, 6.79657944147e-07, 7.06053242538e-07, 6.65184984427e-07, 6.66990104037e-07],
        "min": [3.02185239317e-24, 1.81174252557e-24, 2.11050663291e-24, 1.27203742081e-24, 3.84077678749e-24, 2.63270257546e-24, 5.04308127086e-24, 6.0743713596e-24, 4.61106199054e-24, 3.71138624409e-24, 2.46423659598e-24, 3.3016205327e-24, 4.45989888616e-24, 3.44660074252e-24, 6.38119604767e-24, 5.52258642779e-24, 3.84043678844e-24, 8.23827480389e-24, 6.998269869e-24, 6.14379348584e-24, 8.05476682468e-24, 5.87067485209e-24, 6.12825608145e-24, 6.40583730133e-24, 4.71690503592e-24, 6.83486285451e-24, 5.77839232568e-24, 9.22801440546e-24, 6.18129751099e-24, 1.00051607262e-23, 7.65198470166e-24, 5.47373661066e-24, 6.41930000154e-24, 7.93559991861e-24, 6.45897694406e-24, 5.89645245989e-24, 6.31122408537e-24, 1.01855850482e-23, 6.80616409478e-24, 7.66381051549e-24],
        "var": [6.90492299782e-07, 7.12473820386e-07, 2.44371392455e-07, 8.51203935781e-07, 7.97233781213e-07, 2.66380567382e-07, 4.22672371769e-07, 4.79820073451e-07, 3.34109472533e-07, 2.78322204394e-07, 1.5275873011e-07, 1.61467838211e-07, 1.07570464536e-07, 1.1147515977e-07, 4.10266949302e-08, 1.56093147297e-08, 8.75240946385e-09, 4.42170815518e-08, 8.84379414146e-09, 5.18484544187e-09, 1.23962990983e-08, 4.68556304867e-09, 3.67960240055e-09, 1.42761402699e-09, 5.69791769323e-10, 2.12801179456e-10, 6.95584354005e-11, 1.09736386644e-10, 2.04979228036e-10, 1.35680022773e-10, 2.66692466722e-11, 8.16106383861e-12, 6.87369952623e-12, 6.96965792371e-12, 5.48412617402e-12, 3.71866643381e-12, 4.37391399141e-12, 4.77070726673e-12, 5.19872990143e-12, 8.84881577734e-12]
    },
    "mfcc": {
        "mean": [-626.729064941, 102.494781494, -19.8896865845, 4.90289878845, -1.15666079521, -4.70370531082, 1.33285963535, -1.86949253082, 2.3952858448, -1.34751999378, -3.29348731041, 0.0238911509514, -2.94941425323],
        "cov": [[7943.60546875, 357.033630371, -247.153366089, 305.025268555, -31.9965896606, -186.418518066, 63.8363304138, -49.9931488037, 112.19581604, -43.8353462219, -23.016040802, 84.4904937744, -128.82774353], [357.033630371, 754.989013672, -99.6499404907, 41.5937423706, 43.5013580322, 44.5369720459, 40.6722831726, 37.5088768005, 4.18118810654, 26.6891098022, -4.7751994133, -17.4728431702, 8.11559104919], [-247.153366089, -99.6499404907, 586.405090332, 71.252494812, 79.02318573, 36.5017051697, -8.61474323273, 32.9051933289, -21.6694564819, 18.7590675354, 16.9170188904, -14.2610254288, 2.91190838814], [305.025268555, 41.5937423706, 71.252494812, 268.598236084, 81.4751663208, -9.4395236969, 32.2597618103, 23.2387866974, 29.4321308136, 0.455947160721, 15.4006519318, 47.2458267212, -5.40512704849], [-31.9965896606, 43.5013580322, 79.02318573, 81.4751663208, 143.72088623, 44.5062866211, 31.9080924988, 25.8993797302, 28.2173137665, 14.0749225616, 13.8817815781, 26.2486476898, 10.9514837265], [-186.418518066, 44.5369720459, 36.5017051697, -9.4395236969, 44.5062866211, 184.378189087, 62.1753768921, 48.7087135315, 19.9317798615, 24.6855754852, 22.0014724731, -24.6214256287, 32.2481155396], [63.8363304138, 40.6722831726, -8.61474323273, 32.2597618103, 31.9080924988, 62.1753768921, 131.454818726, 45.5555305481, 42.3636741638, 20.3528194427, 14.0497198105, 22.0114974976, 3.68105912209], [-49.9931488037, 37.5088768005, 32.9051933289, 23.2387866974, 25.8993797302, 48.7087135315, 45.5555305481, 103.860458374, 43.3555908203, 15.567481041, 18.8665409088, 1.98700714111, 21.7737636566], [112.19581604, 4.18118810654, -21.6694564819, 29.4321308136, 28.2173137665, 19.9317798615, 42.3636741638, 43.3555908203, 108.772369385, 38.1062927246, 14.6634197235, 23.0674247742, 7.50022411346], [-43.8353462219, 26.6891098022, 18.7590675354, 0.455947160721, 14.0749225616, 24.6855754852, 20.3528194427, 15.567481041, 38.1062927246, 81.6349563599, 36.4892463684, 7.80715560913, 4.70409679413], [-23.016040802, -4.7751994133, 16.9170188904, 15.4006519318, 13.8817815781, 22.0014724731, 14.0497198105, 18.8665409088, 14.6634197235, 36.4892463684, 88.0685119629, 37.5356407166, 18.0601272583], [84.4904937744, -17.4728431702, -14.2610254288, 47.2458267212, 26.2486476898, -24.6214256287, 22.0114974976, 1.98700714111, 23.0674247742, 7.80715560913, 37.5356407166, 100.597808838, 24.7890167236], [-128.82774353, 8.11559104919, 2.91190838814, -5.40512704849, 10.9514837265, 32.2481155396, 3.68105912209, 21.7737636566, 7.50022411346, 4.70409679413, 18.0601272583, 24.7890167236, 80.4097137451]],
