{
"lowlevel": {
    "average_loudness": 0.857443928719,
    "barkbands_crest": {
        "dmean": 2.01366043091,
        "dmean2": 3.23831319809,
        "dvar": 3.4668366909,
        "dvar2": 9.11465930939,
        "max": 26.1379909515,
        "mean": 10.3450555801,
        "median": 9.54365348816,
        "min": 2.85137820244,
        "var": 16.949716568
    },
    "barkbands_flatness_db": {
        "dmean": 0.021046904847,
        "dmean2": 0.0302419830114,
        "dvar": 0.000503135845065,
        "dvar2": 0.00104203971568,
        "max": 0.454973399639,
        "mean": 0.154110834002,
        "median": 0.13874283433,
        "min": 0.0219522807747,
        "var": 0.00492591550574
    },
    "barkbands_kurtosis": {
        "dmean": 4.25715637207,
        "dmean2": 6.64030647278,
        "dvar": 58.0145988464,
        "dvar2": 138.61340332,
        "max": 165.4037323,
        "mean": 9.15488910675,
        "median": 4.76348686218,
        "min": -1.93803262711,
        "var": 166.130813599
    },
    "barkbands_skewness": {
        "dmean": 0.526219546795,
        "dmean2": 0.805176794529,
        "dvar": 0.361112475395,
        "dvar2": 0.824930489063,
        "max": 10.2290401459,
        "mean": 2.12824821472,
        "median": 1.89710068703,
        "min": -4.16997861862,
        "var": 1.69386696815
    },
    "barkbands_spread": {
        "dmean": 4.16039085388,
        "dmean2": 6.1581697464,
        "dvar": 31.7616443634,
        "dvar2": 61.3862495422,
        "max": 137.974121094,
        "mean": 17.5946159363,
        "median": 14.3560438156,
        "min": 0.394624322653,
        "var": 234.408782959
    },
    "dissonance": {
        "dmean": 0.0210481472313,
        "dmean2": 0.034821934998,
        "dvar": 0.000403735350119,
        "dvar2": 0.0010543075623,
        "max": 0.500000119209,
        "mean": 0.448325484991,
        "median": 0.45741713047,
        "min": 0.21201133728,
        "var": 0.0014568308834
    },
    "dynamic_complexity": 3.62289118767,
    "erbbands_crest": {
        "dmean": 2.31187963486,
        "dmean2": 3.66115689278,
        "dvar": 4.97683620453,
        "dvar2": 11.9192438126,
        "max": 31.3276729584,
        "mean": 9.63654899597,
        "median": 8.2111492157,
        "min": 1.96892845631,
        "var": 24.6177062988
    },
    "erbbands_flatness_db": {
        "dmean": 0.0201884228736,
        "dmean2": 0.0270863138139,
        "dvar": 0.000480561284348,
        "dvar2": 0.000891829375178,
        "max": 0.392700105906,
        "mean": 0.154657661915,
        "median": 0.148239701986,
        "min": 0.0249566175044,
        "var": 0.00271340110339
    },
    "erbbands_kurtosis": {
        "dmean": 1.35816133022,
        "dmean2": 2.11094737053,
        "dvar": 8.11094093323,
        "dvar2": 18.3397979736,
        "max": 84.3509902954,
        "mean": 1.68207073212,
        "median": 0.108562111855,
        "min": -1.88329005241,
        "var": 24.6215744019
    },
    "erbbands_skewness": {
        "dmean": 0.365800589323,
        "dmean2": 0.552779257298,
        "dvar": 0.140570148826,
        "dvar2": 0.308824777603,
        "max": 7.32965373993,
        "mean": 0.800493001938,
        "median": 0.644022643566,
        "min": -5.06028366089,
        "var": 1.01855671406
    },
    "erbbands_spread": {
        "dmean": 7.93588590622,
        "dmean2": 11.8183698654,
        "dvar": 96.7543487549,
        "dvar2": 206.312210083,
        "max": 144.555297852,
        "mean": 37.4543113708,
        "median": 34.9597167969,
        "min": 2.28702402115,
        "var": 356.459991455
    },
    "hfc": {
        "dmean": 4.61699867249,
        "dmean2": 6.42741727829,
        "dvar": 44.2212486267,
        "dvar2": 84.844581604,
        "max": 131.22833252,
        "mean": 17.9400119781,
        "median": 13.6761369705,
        "min": 1.15012317335e-16,
        "var": 272.618255615
    },
    "melbands_crest": {
        "dmean": 2.55947899818,
        "dmean2": 4.19366025925,
        "dvar": 5.51822853088,
        "dvar2": 14.8963479996,
        "max": 33.1853561401,
        "mean": 13.8555822372,
        "median": 13.125038147,
        "min": 2.95983934402,
        "var": 19.8739967346
    },
    "melbands_flatness_db": {
        "dmean": 0.0238891616464,
        "dmean2": 0.0354005582631,
        "dvar": 0.000669752422255,
        "dvar2": 0.00144657818601,
        "max": 0.578879654408,
        "mean": 0.240592032671,
        "median": 0.225445717573,
        "min": 0.0124784260988,
        "var": 0.00710179610178
    },
    "melbands_kurtosis": {
        "dmean": 7.68219804764,
        "dmean2": 11.9395217896,
        "dvar": 188.736923218,
        "dvar2": 467.370910645,
        "max": 345.142700195,
        "mean": 18.6253051758,
        "median": 11.7527542114,
        "min": -1.92070662975,
        "var": 500.554412842
    },
    "melbands_skewness": {
        "dmean": 0.647081196308,
        "dmean2": 0.996605575085,
        "dvar": 0.546707451344,
        "dvar2": 1.27723741531,
        "max": 15.2096624374,
        "mean": 2.97274446487,
        "median": 2.68078756332,
        "min": -2.83049201965,
        "var": 2.2921769619
    },
    "melbands_spread": {
        "dmean": 4.1211438179,
        "dmean2": 6.39075422287,
        "dvar": 62.130405426,
        "dvar2": 157.065063477,
        "max": 219.927749634,
        "mean": 16.3909435272,
        "median": 12.2209091187,
        "min": 0.548249423504,
        "var": 290.896881104
    },
    "pitch_salience": {
        "dmean": 0.0609135478735,
        "dmean2": 0.0992617979646,
        "dvar": 0.00310844206251,
        "dvar2": 0.00823716819286,
        "max": 0.960864245892,
        "mean": 0.560226619244,
        "median": 0.56492626667,
        "min": 0.114996530116,
        "var": 0.00988147035241
    },
    "silence_rate_20dB": {
        "dmean": 0,
        "dmean2": 0,
        "dvar": 0,
        "dvar2": 0,
        "max": 1,
        "mean": 1,
        "median": 1,
        "min": 1,
        "var": 0
    },
    "silence_rate_30dB": {
        "dmean": 0.00218542478979,
        "dmean2": 0.00437121698633,
        "dvar": 0.00218104198575,
        "dvar2": 0.00536082405597,
        "max": 1,
        "mean": 0.99815094471,
        "median": 1,
        "min": 0,
        "var": 0.00184585584793
    },
    "silence_rate_60dB": {
        "dmean": 0.0158023033291,
        "dmean2": 0.0316072627902,
        "dvar": 0.0155477607623,
        "dvar2": 0.0353224389255,
        "max": 1,
        "mean": 0.0893427431583,
        "median": 0,
        "min": 0,
        "var": 0.0813720151782
    },
    "spectral_centroid": {
        "dmean": 170.94442749,
        "dmean2": 256.298919678,
        "dvar": 52857.0664062,
        "dvar2": 99696.6328125,
        "max": 11450.875,
        "mean": 954.163024902,
        "median": 787.555541992,
        "min": 146.556686401,
        "var": 412261
    },
    "spectral_complexity": {
        "dmean": 2.60099196434,
        "dmean2": 4.03295230865,
        "dvar": 7.42051887512,
        "dvar2": 15.5107288361,
        "max": 50,
        "mean": 16.5959815979,
        "median": 16,
        "min": 0,
        "var": 82.6274185181
    },
    "spectral_decrease": {
        "dmean": 1.95460159169e-09,
        "dmean2": 3.10227088463e-09,
        "dvar": 8.56506150502e-18,
        "dvar2": 2.18915648674e-17,
        "max": 6.30348023557e-29,
        "mean": -7.47257900002e-09,
        "median": -7.22746085202e-09,
        "min": -5.48985141791e-08,
        "var": 2.75384820639e-17
    },
    "spectral_energy": {
        "dmean": 0.00765977753326,
        "dmean2": 0.0120898494497,
        "dvar": 0.000129236272187,
        "dvar2": 0.000327636138536,
        "max": 0.211090222001,
        "mean": 0.0298304818571,
        "median": 0.0288832895458,
        "min": 1.01940494689e-20,
        "var": 0.000433823617641
    },
    "spectral_energyband_high": {
        "dmean": 0.000302616157569,
        "dmean2": 0.000410213164287,
        "dvar": 3.5481130567e-07,
        "dvar2": 6.37103937606e-07,
        "max": 0.0180843938142,
        "mean": 0.000675930117723,
        "median": 0.000221630645683,
        "min": 7.34643093477e-21,
        "var": 1.36974313136e-06
    },
    "spectral_energyband_low": {
        "dmean": 0.00455725518987,
        "dmean2": 0.00759616028517,
        "dvar": 8.20499262773e-05,
        "dvar2": 0.000222497386858,
        "max": 0.180109187961,
        "mean": 0.0110045690089,
        "median": 0.00893521308899,
        "min": 2.25026624804e-22,
        "var": 0.000133152629132
    },
    "spectral_energyband_middle_high": {
        "dmean": 0.00116151105613,
        "dmean2": 0.00175070983823,
        "dvar": 3.40728047377e-06,
        "dvar2": 7.61989849707e-06,
        "max": 0.043728530407,
        "mean": 0.00389742758125,
        "median": 0.00225385208614,
        "min": 1.37161934029e-21,
        "var": 2.16020853259e-05
    },
    "spectral_energyband_middle_low": {
        "dmean": 0.00475866114721,
        "dmean2": 0.00748213939369,
        "dvar": 4.28051280323e-05,
        "dvar2": 0.000107294865302,
        "max": 0.122718952596,
        "mean": 0.0161399971694,
        "median": 0.0134608633816,
        "min": 2.59189906068e-22,
        "var": 0.000164716446307
    },
    "spectral_entropy": {
        "dmean": 0.198930367827,
        "dmean2": 0.279299676418,
        "dvar": 0.0555530413985,
        "dvar2": 0.109666131437,
        "max": 9.7940158844,
        "mean": 7.22499847412,
        "median": 7.34745168686,
        "min": 4.5540189743,
        "var": 0.408350497484
    },
    "spectral_flux": {
        "dmean": 0.0193592067808,
        "dmean2": 0.0291977412999,
        "dvar": 0.000530975405127,
        "dvar2": 0.00104824628215,
        "max": 0.315609276295,
        "mean": 0.0727082788944,
        "median": 0.0680510699749,
        "min": 1.00965583116e-10,
        "var": 0.00187232915778
    },
    "spectral_kurtosis": {
        "dmean": 2.77236819267,
        "dmean2": 4.2431845665,
        "dvar": 29.4048862457,
        "dvar2": 63.5406608582,
        "max": 126.689712524,
        "mean": 7.54176187515,
        "median": 5.12094974518,
        "min": -1.45380198956,
        "var": 84.4583358765
    },
    "spectral_rms": {
        "dmean": 0.000631689967122,
        "dmean2": 0.000978930504061,
        "dvar": 5.72836768242e-07,
        "dvar2": 1.39489202411e-06,
        "max": 0.0143506675959,
        "mean": 0.00497588422149,
        "median": 0.00530837289989,
        "min": 3.15363512214e-12,
        "var": 4.34335743194e-06
    },
    "spectral_rolloff": {
        "dmean": 286.739074707,
        "dmean2": 480.02520752,
        "dvar": 417482.875,
        "dvar2": 889278.0625,
        "max": 19143.0175781,
        "mean": 1078.56115723,
        "median": 602.9296875,
        "min": 64.599609375,
        "var": 3221510.25
    },
    "spectral_skewness": {
        "dmean": 0.307447016239,
        "dmean2": 0.456970006227,
        "dvar": 0.1669613868,
        "dvar2": 0.352834314108,
        "max": 8.88808727264,
        "mean": 2.01129722595,
        "median": 1.80729734898,
        "min": -0.0245909765363,
        "var": 0.822579801083
    },
    "spectral_spread": {
        "dmean": 717705.125,
        "dmean2": 931695.8125,
        "dvar": 761377652736,
        "dvar2": 1.23721626419e+12,
        "max": 41071012,
        "mean": 4653508,
        "median": 4379542,
        "min": 768903.625,
        "var": 3.60595429786e+12
    },
    "spectral_strongpeak": {
        "dmean": 0.354370057583,
        "dmean2": 0.603730022907,
        "dvar": 0.383382380009,
        "dvar2": 0.953220069408,
        "max": 13.7877283096,
        "mean": 0.786126732826,
        "median": 0.493978112936,
        "min": 0,
        "var": 0.826696693897
    },
    "zerocrossingrate": {
        "dmean": 0.00839242897928,
        "dmean2": 0.00984213408083,
        "dvar": 0.000105489751149,
        "dvar2": 0.000120178265206,
        "max": 0.51806640625,
        "mean": 0.0497866310179,
        "median": 0.0419921875,
        "min": 0.0029296875,
        "var": 0.00218354561366
    },
    "barkbands": {
        "dmean": [0.000160114068422, 0.00244166189805, 0.00219380110502, 0.00152297434397, 0.00229197693989, 0.00142695894465, 0.000585727451835, 0.00104487501085, 0.000723221513908, 0.0002770870924, 0.000291426491458, 0.000248954660492, 0.000273926852969, 0.000337935023708, 0.000162382377312, 0.000182651579962, 0.00016730306379, 0.000135693844641, 9.19622179936e-05, 0.000134796253406, 5.92009200773e-05, 5.05971474922e-05, 5.18864617334e-05, 6.46812623017e-05, 3.6384586565e-05, 3.39215221175e-05, 1.1012437426e-05],
        "dmean2": [0.000247528369073, 0.00413769576699, 0.00368412863463, 0.0025936786551, 0.00369442114606, 0.00224974518642, 0.000871583353728, 0.00155776250176, 0.00107731332537, 0.000433028355474, 0.000459432601929, 0.000398625765229, 0.000432241504313, 0.000551366189029, 0.000257959036389, 0.000299716979498, 0.00026916275965, 0.000210800630157, 0.000142747609061, 0.000196562643396, 9.28764857235e-05, 7.40865289117e-05, 7.44205171941e-05, 9.31841495913e-05, 5.11226135131e-05, 5.10123281856e-05, 1.6657906599e-05],
        "dvar": [1.28103309294e-07, 3.8679852878e-05, 1.54022327479e-05, 6.47460092296e-06, 1.55809375428e-05, 5.63612047699e-06, 3.07963750856e-06, 5.8708983488e-06, 3.63453477803e-06, 6.75245644288e-07, 3.67406784108e-07, 4.57085434391e-07, 2.80755642734e-07, 5.27377551407e-07, 1.74215401216e-07, 1.53225869326e-07, 1.45435976151e-07, 9.92828859125e-08, 5.64095508082e-08, 1.26464314576e-07, 2.08636929955e-08, 1.36022908492e-08, 1.61083182348e-08, 3.75457496204e-08, 1.26358337127e-08, 9.2125747031e-09, 1.09290698713e-09],
        "dvar2": [3.04774403048e-07, 0.000105113926111, 4.15613067162e-05, 1.80232491402e-05, 4.09406238759e-05, 1.37670649565e-05, 6.41235010335e-06, 1.34515612444e-05, 7.93248727859e-06, 1.50777054841e-06, 8.75440662185e-07, 1.16866237931e-06, 6.41131407519e-07, 1.33433331939e-06, 4.20507689114e-07, 4.07592068541e-07, 3.6894394384e-07, 2.26858333008e-07, 1.25469483692e-07, 2.61514259137e-07, 4.64461074046e-08, 2.62377781723e-08, 3.36077690122e-08, 7.84740521453e-08, 2.63631072528e-08, 2.05435828349e-08, 2.30317231953e-09],
        "max": [0.00543355662376, 0.120732694864, 0.066694393754, 0.0472374670208, 0.0896946415305, 0.0892321392894, 0.049274712801, 0.0601762458682, 0.0633707493544, 0.0421689487994, 0.0192897114903, 0.0216014385223, 0.0112590678036, 0.0239554811269, 0.0144780417904, 0.0106104006991, 0.00928044877946, 0.0150320548564, 0.0104214558378, 0.0122514609247, 0.00491057196632, 0.00353076145984, 0.00584298558533, 0.00584934838116, 0.00706947827712, 0.00235507148318, 0.00106046639849],
        "mean": [0.00022886658553, 0.00419564591721, 0.00485875457525, 0.00308352825232, 0.00490584038198, 0.00323995598592, 0.00110747583676, 0.00197541760281, 0.00153867632616, 0.000540352019016, 0.000513187318575, 0.000429155596066, 0.000428647879744, 0.00054562598234, 0.000299705134239, 0.000331272865878, 0.000324934342643, 0.000261846900685, 0.000185221913853, 0.000304905057419, 0.000109312895802, 0.000105799197627, 9.22962935874e-05, 0.000104260638182, 6.23497980996e-05, 4.46938756795e-05, 1.27515349959e-05],
        "median": [3.23787498928e-05, 0.00175644084811, 0.00303125660866, 0.00177166727372, 0.00337184197269, 0.00144269410521, 0.000440646195784, 0.000669036875479, 0.000426164828241, 0.000225285519264, 0.000206050259294, 0.000129669293528, 0.000182280433364, 0.000174150249222, 0.000115702721814, 0.000123992242152, 0.000102148347651, 7.95800515334e-05, 5.80299274588e-05, 5.782511289e-05, 2.85497080768e-05, 2.72898396361e-05, 2.22742746701e-05, 2.55638224189e-05, 1.36139897222e-05, 8.87409078132e-06, 9.47742591961e-07],
        "min": [2.16830883802e-23, 6.99991811498e-23, 1.09425849658e-22, 6.39508205064e-23, 5.3845985627e-23, 9.07453283888e-24, 2.7295742213e-23, 5.12918370317e-23, 4.02549756146e-23, 6.00726162132e-23, 7.56510476804e-23, 5.09046483222e-23, 6.46356022592e-23, 1.37085080044e-22, 1.27972083136e-22, 1.64555778984e-22, 1.55120851096e-22, 1.61245403081e-22, 3.0408644143e-22, 2.31096436153e-22, 5.85461312341e-22, 2.53586368312e-22, 6.13608879182e-22, 6.87039990233e-22, 1.16958956335e-21, 1.59806942357e-21, 2.41637228385e-21],
        "var": [2.14101731899e-07, 4.54394139524e-05, 3.20752660627e-05, 1.60388699442e-05, 2.80587355519e-05, 4.13290072174e-05, 7.58060923545e-06, 1.33144376377e-05, 1.4891353203e-05, 2.94945652968e-06, 8.58876433085e-07, 1.16871478895e-06, 5.41957263067e-07, 1.07480400402e-06, 5.35036917881e-07, 4.20506893306e-07, 4.16401576331e-07, 2.86916417735e-07, 1.66429941828e-07, 4.44633030838e-07, 5.84797561487e-08, 4.97741190486e-08, 4.13223517626e-08, 8.38112512724e-08, 2.75362115332e-08, 1.39751223927e-08, 1.8477218644e-09]
    },
    "erbbands": {
        "dmean": [0.0576599836349, 0.630193769932, 2.22845625877, 3.9568901062, 6.20682001114, 8.14788913727, 10.5023202896, 11.6072235107, 8.1020565033, 17.8115406036, 16.5962314606, 18.4523544312, 8.76436233521, 6.42923259735, 13.4310970306, 10.4084529877, 12.8694219589, 16.5823078156, 9.33525562286, 9.27660274506, 7.01143693924, 7.24787902832, 8.36332798004, 4.90265703201, 5.07180452347, 6.45632886887, 3.05939555168, 2.04462885857, 1.74307239056, 1.65641152859, 1.43816065788, 1.55185937881, 0.93147277832, 0.438170701265, 0.267506629229, 0.172774523497, 0.0481903776526, 0.0161413922906, 0.0019462130731, 5.88864422753e-05],
        "dmean2": [0.0940266996622, 1.09804141521, 3.81823730469, 6.64529657364, 10.3621387482, 13.0345993042, 16.5279064178, 18.4175167084, 11.9560804367, 26.6636581421, 24.7064762115, 27.4529075623, 13.6742830276, 9.9279756546, 21.3027553558, 16.7454299927, 20.2130737305, 27.1203899384, 14.6273527145, 14.694560051, 11.3802232742, 11.5121297836, 13.0929012299, 7.79028224945, 7.55766916275, 9.26482009888, 4.54759883881, 3.19045209885, 2.56708979607, 2.36914515495, 2.07827663422, 2.24885892868, 1.34284937382, 0.616018891335, 0.384126335382, 0.259676873684, 0.0722541436553, 0.0244014207274, 0.00293126655743, 8.85119370651e-05],
        "dvar": [0.0169638302177, 2.78250265121, 19.6250762939, 42.5226745605, 138.594390869, 205.785064697, 257.972320557, 484.914337158, 531.732055664, 1912.34716797, 2259.09423828, 2522.78686523, 853.708740234, 175.651031494, 796.641357422, 862.416687012, 620.891723633, 1310.0657959, 487.039916992, 351.388397217, 200.698669434, 273.652313232, 351.049224854, 120.148086548, 213.089538574, 337.199462891, 64.9287033081, 25.1194477081, 16.2680778503, 16.0082569122, 13.2898187637, 24.9890232086, 7.7511138916, 1.92118632793, 0.611860752106, 0.314690262079, 0.0184638872743, 0.00236029038206, 3.43046667695e-05, 2.61922163958e-08],
        "dvar2": [0.0411746911705, 7.84395503998, 54.2611274719, 115.606063843, 372.598632812, 533.065246582, 601.098083496, 1194.76611328, 1163.70129395, 4411.86328125, 5082.58886719, 5626.98291016, 1878.34545898, 383.638671875, 1946.78076172, 2241.31298828, 1430.31677246, 3330.98950195, 1154.21704102, 838.693664551, 522.602294922, 677.773986816, 833.399108887, 301.782775879, 423.263000488, 664.802978516, 143.453613281, 58.1618156433, 32.3854904175, 30.708694458, 27.5865440369, 52.0168266296, 16.3187446594, 3.97830963135, 1.31031680107, 0.755942285061, 0.0380339510739, 0.00509208440781, 7.17942093615e-05, 5.51923555747e-08],
        "max": [2.06182360649, 31.6336402893, 99.0477218628, 143.043731689, 250.960189819, 332.64050293, 404.004333496, 965.133544922, 654.027587891, 1726.76245117, 1621.80249023, 1959.17150879, 1685.01696777, 458.509002686, 909.17175293, 1083.06152344, 521.078430176, 1551.4552002, 667.572814941, 670.795227051, 354.485015869, 441.401733398, 855.075866699, 313.227478027, 674.741699219, 756.225402832, 212.850189209, 176.096679688, 111.249565125, 131.305145264, 169.536529541, 151.101409912, 102.84085083, 81.6593170166, 43.1266098022, 12.5232477188, 4.80962562561, 1.65440642834, 0.182431101799, 0.00503859715536],
        "mean": [0.104284159839, 1.03013646603, 4.68176221848, 9.28521251678, 12.3331823349, 16.6280097961, 22.2389945984, 27.3125190735, 17.9228363037, 32.0593338013, 35.9026107788, 41.1603126526, 18.7827320099, 13.1328744888, 24.4807510376, 19.4599685669, 21.1353988647, 27.462480545, 18.669883728, 18.4401054382, 15.1681756973, 15.0880069733, 17.4017410278, 10.1446123123, 11.2675886154, 14.646651268, 6.67708921432, 3.68266892433, 3.57325387001, 3.33273410797, 2.506970644, 2.51703238487, 1.48773658276, 0.736406564713, 0.448655247688, 0.240894779563, 0.061125908047, 0.0193803720176, 0.00224936916493, 9.39622914302e-05],
        "median": [0.0426015332341, 0.471798360348, 3.22130489349, 6.08918046951, 7.11372375488, 11.255273819, 13.4622421265, 10.8205852509, 7.63326692581, 12.660782814, 13.6777019501, 11.9802446365, 7.49194145203, 7.25080299377, 9.95874404907, 6.82864952087, 9.35194969177, 10.3563814163, 7.21696090698, 7.67135810852, 6.3649520874, 5.52079725266, 5.49938201904, 3.47308683395, 3.14481282234, 2.71523666382, 1.68395936489, 0.992781758308, 0.949006855488, 0.848456978798, 0.572229504585, 0.530459880829, 0.36852696538, 0.149939671159, 0.104194581509, 0.048646941781, 0.0110885240138, 0.00202492112294, 0.000193740503164, 4.46869998996e-05],
        "min": [2.94232768503e-21, 1.39524641355e-20, 1.09056538859e-19, 1.69603846178e-19, 1.81557148866e-19, 1.93085164398e-19, 1.70775896482e-19, 7.88181049999e-20, 3.66181974582e-19, 4.26907267904e-19, 1.59312690552e-18, 7.68615398004e-19, 1.17678942903e-18, 3.68283680253e-18, 2.22214254706e-18, 2.10972043e-18, 2.13944475173e-18, 4.57990259631e-18, 9.03585714091e-18, 5.80382591401e-18, 1.19882756782e-17, 7.54770462501e-18, 9.16432408031e-18, 1.06518851621e-17, 1.50026144745e-17, 1.17135259834e-17, 3.07292700654e-17, 1.18842701239e-17, 1.05708007825e-17, 1.29966129808e-17, 1.6547898701e-17, 1.46456860402e-17, 1.28620108428e-17, 1.30111515072e-17, 8.09285800771e-18, 5.42898033404e-18, 2.89183272727e-18, 1.30550007651e-18, 3.48154813903e-19, 3.54244459411e-20],
        "var": [0.0267828069627, 2.8406329155, 30.3363609314, 118.188583374, 274.783843994, 346.495391846, 856.899536133, 4189.14990234, 1768.41552734, 3421.33007812, 5940.29833984, 10474.8496094, 4322.53369141, 548.021606445, 1862.71508789, 2316.51074219, 1235.79248047, 2442.84350586, 1583.01965332, 1092.32263184, 696.989929199, 787.249206543, 1042.72241211, 308.68447876, 759.780395508, 1142.77233887, 202.296188354, 67.5564041138, 54.5840644836, 56.8359336853, 32.6645812988, 55.9675216675, 16.3789653778, 4.05252742767, 1.35531067848, 0.417356520891, 0.0326213650405, 0.00394441839308, 5.77856008022e-05, 4.38423732874e-08]
    },
    "gfcc": {
        "mean": [-22.7874164581, 104.982810974, -92.5616989136, 24.4217262268, -53.6354675293, 6.28295660019, -40.8920669556, 2.83084273338, -24.692199707, -0.945701956749, -16.7038040161, -3.93973088264, -13.7483482361],
        "cov": [[18753.2148438, -688.703735352, -1797.67272949, 482.42086792, -173.500488281, 634.5546875, -175.682037354, 535.678222656, -176.889450073, 426.538757324, -82.8907852173, 2.95982146263, -332.254547119], [-688.703735352, 1680.23571777, -151.796722412, -152.481933594, 184.123092651, -197.569534302, 35.996711731, -163.583404541, 79.3265533447, -166.137359619, 118.580848694, -74.912147522, 112.314460754], [-1797.67272949, -151.796722412, 929.051513672, -93.6427688599, -17.9172515869, -9.65334701538, -12.8375597, -106.19367981, 13.7025051117, -43.9382286072, -37.1792602539, 62.7996177673, 16.678232193], [482.42086792, -152.481933594, -93.6427688599, 351.741485596, -33.1040687561, 54.0358123779, 28.9111537933, 56.7327651978, 5.10244321823, 26.0505123138, 10.4465408325, -6.18975639343, 19.4328403473], [-173.500488281, 184.123092651, -17.9172515869, -33.1040687561, 357.041229248, 3.64081144333, 106.885421753, 35.4681777954, 38.4991836548, 13.7027902603, 21.6339244843, 13.2975587845, 9.55087566376], [634.5546875, -197.569534302, -9.65334701538, 54.0358123779, 3.64081144333, 199.424575806, 21.4595623016, 42.3358573914, -12.0734386444, 44.1140060425, -12.4761648178, 7.06369400024, -11.240942955], [-175.682037354, 35.996711731, -12.8375597, 28.9111537933, 106.885421753, 21.4595623016, 182.979888916, 52.1116867065, 11.9285049438, 27.6669216156, 18.7221012115, -3.08691954613, -6.47427129745], [535.678222656, -163.583404541, -106.19367981, 56.7327651978, 35.4681777954, 42.3358573914, 52.1116867065, 174.889587402, 23.7578201294, 48.0073699951, -8.97489452362, 0.0394811630249, -29.466632843], [-176.889450073, 79.3265533447, 13.7025051117, 5.10244321823, 38.4991836548, -12.0734386444, 11.9285049438, 23.7578201294, 104.064956665, 5.26408100128, 10.5776252747, 6.24624586105, 4.39422273636], [426.538757324, -166.137359619, -43.9382286072, 26.0505123138, 13.7027902603, 44.1140060425, 27.6669216156, 48.0073699951, 5.26408100128, 110.217376709, 10.6422252655, 10.1338844299, -12.2992744446], [-82.8907852173, 118.580848694, -37.1792602539, 10.4465408325, 21.6339244843, -12.4761648178, 18.7221012115, -8.97489452362, 10.5776252747, 10.6422252655, 91.520614624, 12.7666654587, 10.4489488602], [2.95982146263, -74.912147522, 62.7996177673, -6.18975639343, 13.2975587845, 7.06369400024, -3.08691954613, 0.0394811630249, 6.24624586105, 10.1338844299, 12.7666654587, 82.2736740112, 17.0493068695], [-332.254547119, 112.314460754, 16.678232193, 19.4328403473, 9.55087566376, -11.240942955, -6.47427129745, -29.466632843, 4.39422273636, -12.2992744446, 10.4489488602, 17.0493068695, 86.6407089233]],
        "icov": [[9.8413984233e-05, -9.88880638033e-05, 0.000151065687533, -0.000106859544758, 2.63777783402e-05, -0.000245068717049, 0.000217499473365, -0.000142771314131, 0.00019215051725, -0.000297801976558, 0.000197788598598, -0.000286299880827, 0.000413939211285], [-9.88880638033e-05, 0.00138890359085, 0.000138940333272, 0.000583092332818, -0.000498401466757, 0.000701723212842, -0.000559903797694, 0.000873062585015, -0.00109741592314, 0.0017906568246, -0.0016001467593, 0.00168152910192, -0.00176420435309], [0.000151065687533, 0.000138940333272, 0.00162217614707, 0.000147968967212, 7.11235989002e-05, -0.0004096244229, -0.000113266061817, 0.000845698988996, -0.000353701296262, 0.000165728619322, 0.000781094946433, -0.00130019173957, 0.000475040287711], [-0.000106859544758, 0.000583092332818, 0.000147968967212, 0.00367052108049, 0.000444173638243, -0.000332045659889, -0.000866996706463, -0.000551856472157, -0.00070194149157, 0.000792374892626, -0.0011572279036, 0.00123801548034, -0.00231791078113], [2.63777783402e-05, -0.000498401466757, 7.11235989002e-05, 0.000444173638243, 0.00386691722088, -0.000322426843923, -0.00194657826796, -0.000544315378647, -0.000670324603561, -0.000457440386526, 0.000318863865687, -0.00108362350147, -2.0913712433e-05], [-0.000245068717049, 0.000701723212842, -0.0004096244229, -0.000332045659889, -0.000322426843923, 0.00674919458106, -0.000869446841534, -6.61796584609e-05, 0.000176923946128, -0.000687671126798, 3.797091086e-09, 0.000677266041748, -0.00111228390597], [0.000217499473365, -0.000559903797694, -0.000113266061817, -0.000866996706463, -0.00194657826796, -0.000869446841534, 0.00811252836138, -0.00222704303451, 0.00114250963088, -0.00184255454224, -0.000664832768962, 0.000139136856887, 0.00146002077963], [-0.000142771314131, 0.000873062585015, 0.000845698988996, -0.000551856472157, -0.000544315378647, -6.61796584609e-05, -0.00222704303451, 0.00933304149657, -0.00277652475052, -0.000897572841495, 0.000914832577109, 4.19839998358e-05, 0.00123569311108], [0.00019215051725, -0.00109741592314, -0.000353701296262, -0.00070194149157, -0.000670324603561, 0.000176923946128, 0.00114250963088, -0.00277652475052, 0.011747257784, -0.001749481773, 0.000151962070959, -0.0015733045293, 0.0010700506391], [-0.000297801976558, 0.0017906568246, 0.000165728619322, 0.000792374892626, -0.000457440386526, -0.000687671126798, -0.00184255454224, -0.000897572841495, -0.001749481773, 0.0141366003081, -0.00368108111434, 0.000975821749307, -0.00180723064113], [0.000197788598598, -0.0016001467593, 0.000781094946433, -0.0011572279036, 0.000318863865687, 3.797091086e-09, -0.000664832768962, 0.000914832577109, 0.000151962070959, -0.00368108111434, 0.0146051682532, -0.00441024638712, 0.00174449943006], [-0.000286299880827, 0.00168152910192, -0.00130019173957, 0.00123801548034, -0.00108362350147, 0.000677266041748, 0.000139136856887, 4.19839998358e-05, -0.0015733045293, 0.000975821749307, -0.00441024638712, 0.0167517866939, -0.00561936432496], [0.000413939211285, -0.00176420435309, 0.000475040287711, -0.00231791078113, -2.0913712433e-05, -0.00111228390597, 0.00146002077963, 0.00123569311108, 0.0010700506391, -0.00180723064113, 0.00174449943006, -0.00561936432496, 0.0168166775256]]
    },
    "melbands": {
        "dmean": [0.000579103652854, 0.00103756214958, 0.000687292893417, 0.000514769286383, 0.000362847116776, 0.000258865882643, 0.000119874064694, 0.000212849874515, 0.000138877076097, 0.000104825900053, 4.27917511843e-05, 2.6730758691e-05, 4.10539651057e-05, 3.2714135159e-05, 2.80404401565e-05, 2.45255250775e-05, 3.57244825864e-05, 1.72409236256e-05, 1.08368758447e-05, 1.67279031302e-05, 6.86092062097e-06, 6.71243060424e-06, 1.20253471323e-05, 6.79697541273e-06, 4.11006749346e-06, 3.11765302285e-06, 4.9713999033e-06, 4.51449250249e-06, 2.30987984651e-06, 1.54689587362e-06, 1.20040783713e-06, 1.03040895283e-06, 1.04673472379e-06, 9.30348562633e-07, 7.81133735472e-07, 1.05781555249e-06, 9.37864626849e-07, 7.0848255973e-07, 5.09907579271e-07, 3.45830869719e-07],
        "dmean2": [0.000961533689406, 0.00178390170913, 0.0011485965224, 0.000844194320962, 0.00056626892183, 0.000409170548664, 0.000175953886355, 0.000317681842716, 0.000205916992854, 0.000156029040227, 6.6988839535e-05, 4.13717643823e-05, 6.46929256618e-05, 5.21698857483e-05, 4.43075223302e-05, 3.8454458263e-05, 5.8607198298e-05, 2.71701883321e-05, 1.69863433257e-05, 2.75039619737e-05, 1.10156379378e-05, 1.07993510028e-05, 1.91858398466e-05, 1.05615426946e-05, 6.63185392114e-06, 4.82425957671e-06, 7.36235278964e-06, 6.57359350953e-06, 3.42376824847e-06, 2.49585332313e-06, 1.89530123862e-06, 1.54935560204e-06, 1.54465874402e-06, 1.35176117055e-06, 1.15367004128e-06, 1.5374899931e-06, 1.39100154684e-06, 1.04283924429e-06, 7.44766509797e-07, 4.95965480241e-07],
        "dvar": [1.96155815502e-06, 5.05009165863e-06, 1.1882890476e-06, 1.00446152373e-06, 2.72174958127e-07, 2.18014989173e-07, 1.18631781731e-07, 2.53257013583e-07, 1.5342777715e-07, 8.19140879571e-08, 2.13414157457e-08, 3.32878236087e-09, 7.35889926773e-09, 6.12535311362e-09, 3.38691763524e-09, 2.82272538676e-09, 5.94761173645e-09, 1.56561430487e-09, 7.75201292047e-10, 1.2730089205e-09, 1.89409349316e-10, 2.70203387442e-10, 8.11501532638e-10, 2.68314093166e-10, 9.29183327503e-11, 7.60113638698e-11, 2.29303298571e-10, 1.84300338879e-10, 4.42910950971e-11, 1.86511153744e-11, 9.12769252542e-12, 5.91846493689e-12, 6.71726389789e-12, 5.1230001144e-12, 3.81053825646e-12, 1.1005484718e-11, 9.87641565753e-12, 4.46366294621e-12, 2.78157293206e-12, 1.32679967273e-12],
        "dvar2": [5.10295512868e-06, 1.41499140227e-05, 3.2331595321e-06, 2.67768177764e-06, 6.47991441838e-07, 5.36329991974e-07, 2.54451805404e-07, 5.84566123507e-07, 3.35190748046e-07, 1.84797386282e-07, 4.70804906172e-08, 7.48941264561e-09, 1.7552071796e-08, 1.55024988402e-08, 8.06499134143e-09, 6.40798170082e-09, 1.51653729574e-08, 3.63646646129e-09, 1.83341442028e-09, 3.38254690924e-09, 4.44269593336e-10, 6.59575116746e-10, 2.00656957716e-09, 5.92740356797e-10, 2.37885128263e-10, 1.66382269073e-10, 4.96451157961e-10, 3.62972485402e-10, 9.95281704275e-11, 4.47719777918e-11, 2.17460008334e-11, 1.2446058073e-11, 1.31579322091e-11, 1.04965628203e-11, 8.50855236961e-12, 2.17255415047e-11, 2.1338802253e-11, 9.84589580005e-12, 5.81359830068e-12, 2.8951199077e-12],
        "max": [0.0273649469018, 0.0496558509767, 0.0198394749314, 0.0217093490064, 0.0118620144203, 0.0186911579221, 0.00956609658897, 0.018379997462, 0.0120183704421, 0.0114193279296, 0.00828919559717, 0.00228945212439, 0.00274743931368, 0.00215538218617, 0.00168213655706, 0.00211231922731, 0.00267579499632, 0.00104320026003, 0.000882515509147, 0.001011340064, 0.000473152729683, 0.00048494868679, 0.0010807774961, 0.000505502452143, 0.000300925166812, 0.000314421631629, 0.000676861673128, 0.000627388537396, 0.000192072184291, 0.000197180648684, 0.00012535485439, 7.27589504095e-05, 7.85630472819e-05, 7.13472400093e-05, 7.49024911784e-05, 0.000157602480613, 0.000104618193291, 7.51981206122e-05, 6.92202665959e-05, 7.08238731022e-05],
        "mean": [0.00103830266744, 0.00214979774319, 0.00169171742164, 0.00105804100167, 0.000809614430182, 0.000606863643043, 0.000254878192209, 0.000381401798222, 0.000309920491418, 0.000226964082685, 8.49648931762e-05, 4.936946425e-05, 7.53565691411e-05, 5.87597533013e-05, 4.60745359305e-05, 3.89199340134e-05, 5.59438994969e-05, 3.23267850035e-05, 1.99469395739e-05, 3.05754801957e-05, 1.47305045175e-05, 1.34341516969e-05, 2.15696418309e-05, 1.30070538944e-05, 7.50471554056e-06, 6.17819932813e-06, 1.05489953057e-05, 9.56766416493e-06, 4.59299417344e-06, 2.76567084256e-06, 1.9409021661e-06, 2.00281624529e-06, 2.06408230952e-06, 1.74257377239e-06, 1.2878670077e-06, 1.73830710537e-06, 1.42589669849e-06, 1.08391031972e-06, 7.81533628924e-07, 5.66916469324e-07],
        "median": [0.000466592988232, 0.00151618337259, 0.00123313209042, 0.00066757487366, 0.000522127724253, 0.000250175828114, 0.000102014877484, 0.000140139600262, 0.000112681620521, 6.42347877147e-05, 2.98845279758e-05, 2.48317410296e-05, 3.08768321702e-05, 1.94476378965e-05, 1.8119415472e-05, 1.6735160898e-05, 1.83567590284e-05, 1.12258558147e-05, 8.01049191068e-06, 1.05314375105e-05, 6.07949777987e-06, 4.95307722304e-06, 6.18957619736e-06, 3.70463521904e-06, 2.43160707214e-06, 1.85165504263e-06, 2.11984684029e-06, 1.5612331481e-06, 1.03932143247e-06, 6.07525748819e-07, 4.42752167373e-07, 5.22236405232e-07, 4.75189494864e-07, 4.26360202255e-07, 2.96061301697e-07, 3.08960011353e-07, 2.95844557741e-07, 2.57705096374e-07, 1.4581786445e-07, 1.03816653052e-07],
        "min": [2.2376604401e-23, 4.30202580981e-23, 3.19931533127e-23, 1.24720265956e-23, 6.90262285083e-24, 2.18155322098e-24, 5.08848100481e-24, 5.29955809494e-24, 1.32876409296e-23, 4.42480838095e-24, 5.44582434525e-24, 1.41302532392e-23, 8.47856656879e-24, 5.83181832491e-24, 5.35421984479e-24, 5.31220235196e-24, 9.55948981353e-24, 1.61905654415e-23, 8.1515853013e-24, 8.90158218516e-24, 1.52479744786e-23, 8.52422504912e-24, 6.67927029615e-24, 7.88078276317e-24, 7.97740165798e-24, 1.4343991946e-23, 6.41802678004e-24, 7.63208647419e-24, 1.92513694196e-23, 1.41189220411e-23, 4.81207834312e-24, 5.74463302324e-24, 5.31262557584e-24, 8.64193414023e-24, 1.00914565872e-23, 9.59579161467e-24, 8.30400821654e-24, 8.4475383028e-24, 9.07774113618e-24, 1.19171954774e-23],
        "var": [2.59894477495e-06, 6.57438022245e-06, 3.09594815917e-06, 1.61538844168e-06, 8.85979034138e-07, 1.81620146122e-06, 3.71387613995e-07, 4.77248363495e-07, 4.54406546169e-07, 3.26171772258e-07, 1.08007043309e-07, 9.1417682313e-09, 1.84437318751e-08, 1.68272880074e-08, 7.5126997956e-09, 5.1466013673e-09, 1.13415543623e-08, 4.68103289464e-09, 2.03903627316e-09, 3.56948870461e-09, 7.45145667391e-10, 7.20244752728e-10, 2.15764184297e-09, 7.34312388673e-10, 2.07812281272e-10, 2.11845402331e-10, 7.51876394478e-10, 5.5320192871e-10, 1.19056028924e-10, 5.13518186307e-11, 2.05355836502e-11, 1.85153715276e-11, 2.24655068853e-11, 1.58933612798e-11, 7.83036222668e-12, 2.92063109808e-11, 1.91777132369e-11, 8.63393471301e-12, 5.59852901885e-12, 2.48090827396e-12]
    },
    "mfcc": {
        "mean": [-670.701904297, 139.986923218, 15.1350517273, 22.3897171021, 8.35862541199, 3.54375529289, -3.36998534203, -0.586458802223, -5.30121183395, 0.655099987984, -3.43031072617, -1.03269481659, -3.78491091728],
        "cov": [[12992.6552734, -587.657531738, -1405.43762207, 96.7348632812, -81.9854888916, 40.5544281006, 220.745986938, 133.901473999, 45.9377822876, 389.934265137, 211.063644409, 232.5521698, 130.927200317], [-587.657531738, 1566.3034668, -116.060317993, 5.38600730896, 84.4488143921, -26.4788188934, -37.2437515259, -30.375535965, -55.0712051392, -90.4729995728, -37.5512008667, -36.6077194214, -17.2725257874], [-1405.43762207, -116.060317993, 813.969055176, -47.6905250549, 3.20206618309, 39.094329834, -83.6041946411, -31.1126403809, -27.5681056976, -82.6107406616, -56.1097297668, -52.7219009399, -22.8416538239], [96.7348632812, 5.38600730896, -47.6905250549, 246.680480957, 15.7859277725, -2.06332492828, 26.0921211243, 26.8825263977, 25.8731803894, 20.5358810425, 0.691106498241, 15.0025033951, 21.3505802155], [-81.9854888916, 84.4488143921, 3.20206618309, 15.7859277725, 169.59286499, 26.4045276642, 9.91517734528, 20.4817123413, 36.2058143616, -8.56272602081, 4.81503582001, 6.81205797195, -3.47665405273], [40.5544281006, -26.4788188934, 39.094329834, -2.06332492828, 26.4045276642, 147.455352783, 46.0601615906, 4.00345945358, 21.4777183533, -2.86167526245, 11.3530893326, -2.15429639816, 6.07557058334], [220.745986938, -37.2437515259, -83.6041946411, 26.0921211243, 9.91517734528, 46.0601615906, 169.671356201, 26.8743247986, 29.3206577301, 33.0334396362, 27.5497951508, 15.2689189911, 18.25050354], [133.901473999, -30.375535965, -31.1126403809, 26.8825263977, 20.4817123413, 4.00345945358, 26.8743247986, 113.647895813, 21.4092922211, 27.7371234894, 23.2785263062, 3.61198496819, 12.8491849899], [45.9377822876, -55.0712051392, -27.5681056976, 25.8731803894, 36.2058143616, 21.4777183533, 29.3206577301, 21.4092922211, 126.659431458, 13.2114439011, 20.3301429749, 14.2543563843, 3.85309410095], [389.934265137, -90.4729995728, -82.6107406616, 20.5358810425, -8.56272602081, -2.86167526245, 33.0334396362, 27.7371234894, 13.2114439011, 126.684761047, 28.2226448059, 13.3239564896, 9.48790836334], [211.063644409, -37.5512008667, -56.1097297668, 0.691106498241, 4.81503582001, 11.3530893326, 27.5497951508, 23.2785263062, 20.3301429749, 28.2226448059, 97.3291473389, 20.1328887939, 11.1424636841], [232.5521698, -36.6077194214, -52.7219009399, 15.0025033951, 6.81205797195, -2.15429639816, 15.2689189911, 3.61198496819, 14.2543563843, 13.3239564896, 20.1328887939, 88.3210144043, 17.9241161346], [130.927200317, -17.2725257874, -22.8416538239, 21.3505802155, -3.47665405273, 6.07557058334, 18.25050354, 12.8491849899, 3.85309410095, 9.48790836334, 11.1424636841, 17.9241161346, 74.3778762817]],
