{
"lowlevel": {
    "average_loudness": 0.915775418282,
    "barkbands_crest": {
        "dmean": 2.76544570923,
        "dmean2": 4.44750976562,
        "dvar": 6.52701234818,
        "dvar2": 15.5413761139,
        "max": 26.3174800873,
        "mean": 9.6678943634,
        "median": 8.53619194031,
        "min": 2.34557008743,
        "var": 20.1893959045
    },
    "barkbands_flatness_db": {
        "dmean": 0.0251566227525,
        "dmean2": 0.0349288135767,
        "dvar": 0.000597203499638,
        "dvar2": 0.0010965684196,
        "max": 0.364445894957,
        "mean": 0.133578896523,
        "median": 0.127616375685,
        "min": 0.0149982441217,
        "var": 0.00317174568772
    },
    "barkbands_kurtosis": {
        "dmean": 2.18652009964,
        "dmean2": 3.4213821888,
        "dvar": 18.1405029297,
        "dvar2": 39.7350463867,
        "max": 180.321166992,
        "mean": 2.55482673645,
        "median": 0.746079444885,
        "min": -1.91006278992,
        "var": 36.5042686462
    },
    "barkbands_skewness": {
        "dmean": 0.523100912571,
        "dmean2": 0.795445799828,
        "dvar": 0.273102343082,
        "dvar2": 0.623310148716,
        "max": 11.0757169724,
        "mean": 0.679365575314,
        "median": 0.645977258682,
        "min": -4.36879110336,
        "var": 1.21957480907
    },
    "barkbands_spread": {
        "dmean": 5.02821969986,
        "dmean2": 7.2751584053,
        "dvar": 29.5643081665,
        "dvar2": 59.0068244934,
        "max": 98.0860671997,
        "mean": 18.2429389954,
        "median": 16.6255378723,
        "min": 0.489454865456,
        "var": 132.887237549
    },
    "dissonance": {
        "dmean": 0.0255976431072,
        "dmean2": 0.0432532057166,
        "dvar": 0.000748931721319,
        "dvar2": 0.00203004898503,
        "max": 0.500000119209,
        "mean": 0.459924131632,
        "median": 0.469057798386,
        "min": 0.0934963002801,
        "var": 0.00115036428906
    },
    "dynamic_complexity": 4.14498329163,
    "erbbands_crest": {
        "dmean": 3.55864572525,
        "dmean2": 5.62779855728,
        "dvar": 10.7446565628,
        "dvar2": 25.4364376068,
        "max": 32.9125213623,
        "mean": 11.9732046127,
        "median": 10.3482198715,
        "min": 2.37239694595,
        "var": 42.0780792236
    },
    "erbbands_flatness_db": {
        "dmean": 0.0285971872509,
        "dmean2": 0.0378671213984,
        "dvar": 0.0007663370925,
        "dvar2": 0.00129808962811,
        "max": 0.456718951464,
        "mean": 0.193541631103,
        "median": 0.186299905181,
        "min": 0.0349791906774,
        "var": 0.00476670637727
    },
    "erbbands_kurtosis": {
        "dmean": 1.73516428471,
        "dmean2": 2.72047638893,
        "dvar": 8.12933158875,
        "dvar2": 19.6890335083,
        "max": 51.5717430115,
        "mean": 2.29034352303,
        "median": 0.619323253632,
        "min": -1.73423945904,
        "var": 22.7395458221
    },
    "erbbands_skewness": {
        "dmean": 0.443868368864,
        "dmean2": 0.685551643372,
        "dvar": 0.186940938234,
        "dvar2": 0.435948580503,
        "max": 6.14381980896,
        "mean": 0.269738465548,
        "median": 0.219811707735,
        "min": -3.93920397758,
        "var": 0.713960051537
    },
    "erbbands_spread": {
        "dmean": 6.3130235672,
        "dmean2": 9.28968048096,
        "dvar": 48.2286872864,
        "dvar2": 99.780670166,
        "max": 133.73487854,
        "mean": 23.6463928223,
        "median": 21.3492450714,
        "min": 0.846441268921,
        "var": 235.611190796
    },
    "hfc": {
        "dmean": 9.59695243835,
        "dmean2": 13.9385900497,
        "dvar": 208.273635864,
        "dvar2": 448.321990967,
        "max": 157.714660645,
        "mean": 22.5092964172,
        "median": 16.9044094086,
        "min": 1.11983552509e-16,
        "var": 483.207275391
    },
    "melbands_crest": {
        "dmean": 3.43035197258,
        "dmean2": 5.57694339752,
        "dvar": 9.71563148499,
        "dvar2": 24.2677783966,
        "max": 34.4910888672,
        "mean": 12.3210306168,
        "median": 11.2649898529,
        "min": 1.85219669342,
        "var": 25.6563968658
    },
    "melbands_flatness_db": {
        "dmean": 0.0272997748107,
        "dmean2": 0.0397588424385,
        "dvar": 0.000775270164013,
        "dvar2": 0.00161697529256,
        "max": 0.43959325552,
        "mean": 0.191570818424,
        "median": 0.188622444868,
        "min": 0.00352573790587,
        "var": 0.00379923149012
    },
    "melbands_kurtosis": {
        "dmean": 3.45274949074,
        "dmean2": 5.48371362686,
        "dvar": 51.059009552,
        "dvar2": 123.082672119,
        "max": 291.732940674,
        "mean": 4.94779586792,
        "median": 2.30453157425,
        "min": -1.81979191303,
        "var": 86.3512496948
    },
    "melbands_skewness": {
        "dmean": 0.628780663013,
        "dmean2": 0.958352386951,
        "dvar": 0.428115367889,
        "dvar2": 1.00096774101,
        "max": 13.9425973892,
        "mean": 1.21671998501,
        "median": 1.10105955601,
        "min": -4.01649808884,
        "var": 1.86194682121
    },
    "melbands_spread": {
        "dmean": 7.08282470703,
        "dmean2": 10.7383527756,
        "dvar": 70.874168396,
        "dvar2": 148.400314331,
        "max": 203.015701294,
        "mean": 25.3988399506,
        "median": 23.4398880005,
        "min": 0.647566258907,
        "var": 249.485855103
    },
    "pitch_salience": {
        "dmean": 0.0733631178737,
        "dmean2": 0.116310156882,
        "dvar": 0.00415702909231,
        "dvar2": 0.0102221583948,
        "max": 0.944285869598,
        "mean": 0.578148007393,
        "median": 0.58306902647,
        "min": 0.0715866833925,
        "var": 0.0133765246719
    },
    "silence_rate_20dB": {
        "dmean": 0,
        "dmean2": 0,
        "dvar": 0,
        "dvar2": 0,
        "max": 1,
        "mean": 1,
        "median": 1,
        "min": 1,
        "var": 0
    },
    "silence_rate_30dB": {
        "dmean": 0,
        "dmean2": 0,
        "dvar": 0,
        "dvar2": 0,
        "max": 1,
        "mean": 1,
        "median": 1,
        "min": 1,
        "var": 0
    },
    "silence_rate_60dB": {
        "dmean": 0.0584881752729,
        "dmean2": 0.116988703609,
        "dvar": 0.0550648458302,
        "dvar2": 0.114696085453,
        "max": 1,
        "mean": 0.151905417442,
        "median": 0,
        "min": 0,
        "var": 0.128824725747
    },
    "spectral_centroid": {
        "dmean": 219.996948242,
        "dmean2": 334.689697266,
        "dvar": 77994.84375,
        "dvar2": 168724.765625,
        "max": 11269.0429688,
        "mean": 1352.89685059,
        "median": 1346.4543457,
        "min": 220.824539185,
        "var": 330836.4375
    },
    "spectral_complexity": {
        "dmean": 4.56777858734,
        "dmean2": 6.35138845444,
        "dvar": 31.3004608154,
        "dvar2": 53.7935600281,
        "max": 55,
        "mean": 16.6025543213,
        "median": 16,
        "min": 0,
        "var": 102.776603699
    },
    "spectral_decrease": {
        "dmean": 2.51334220103e-09,
        "dmean2": 3.89446164206e-09,
        "dvar": 1.51730136807e-17,
        "dvar2": 3.7481743929e-17,
        "max": 9.60637245115e-29,
        "mean": -5.18879295086e-09,
        "median": -4.31187086036e-09,
        "min": -3.4294711071e-08,
        "var": 2.1817479263e-17
    },
    "spectral_energy": {
        "dmean": 0.0102946693078,
        "dmean2": 0.0158343333751,
        "dvar": 0.000249090313446,
        "dvar2": 0.000609053240623,
        "max": 0.139256432652,
        "mean": 0.0216254107654,
        "median": 0.0180213414133,
        "min": 1.03059547273e-20,
        "var": 0.000374129478587
    },
    "spectral_energyband_high": {
        "dmean": 0.000305737514282,
        "dmean2": 0.000420511234552,
        "dvar": 3.95946784693e-07,
        "dvar2": 7.292650821e-07,
        "max": 0.0117616942152,
        "mean": 0.000499131449033,
        "median": 0.000151430140249,
        "min": 7.28259827932e-21,
        "var": 8.34687796214e-07
    },
    "spectral_energyband_low": {
        "dmean": 0.0025632053148,
        "dmean2": 0.00430066604167,
        "dvar": 4.63862270408e-05,
        "dvar2": 0.000124727361253,
        "max": 0.0774642005563,
        "mean": 0.00322661665268,
        "median": 0.00106904655695,
        "min": 5.61919064979e-23,
        "var": 3.82867983717e-05
    },
    "spectral_energyband_middle_high": {
        "dmean": 0.00426115468144,
        "dmean2": 0.00653745420277,
        "dvar": 3.92511028622e-05,
        "dvar2": 9.51279143919e-05,
        "max": 0.078524209559,
        "mean": 0.0101355342194,
        "median": 0.00572054088116,
        "min": 1.42893067828e-21,
        "var": 0.000118584677693
    },
    "spectral_energyband_middle_low": {
        "dmean": 0.0054056593217,
        "dmean2": 0.00860810931772,
        "dvar": 9.50396788539e-05,
        "dvar2": 0.000235664396314,
        "max": 0.0882542282343,
        "mean": 0.00866998452693,
        "median": 0.00542074907571,
        "min": 2.67489353879e-22,
        "var": 0.000115491930046
    },
    "spectral_entropy": {
        "dmean": 0.209739372134,
        "dmean2": 0.290589421988,
        "dvar": 0.0447313375771,
        "dvar2": 0.0827320367098,
        "max": 9.80376529694,
        "mean": 7.39077186584,
        "median": 7.38140487671,
        "min": 5.43877267838,
        "var": 0.221859320998
    },
    "spectral_flux": {
        "dmean": 0.0318398401141,
        "dmean2": 0.0471306629479,
        "dvar": 0.00138552731369,
        "dvar2": 0.00286997575313,
        "max": 0.308298021555,
        "mean": 0.0888672173023,
        "median": 0.0790849924088,
        "min": 6.70820968218e-11,
        "var": 0.00332756480202
    },
    "spectral_kurtosis": {
        "dmean": 2.43913960457,
        "dmean2": 4.0084195137,
        "dvar": 7.32405471802,
        "dvar2": 19.5983181,
        "max": 41.8914413452,
        "mean": 7.80433130264,
        "median": 7.07425880432,
        "min": -1.23410761356,
        "var": 18.6075592041
    },
    "spectral_rms": {
        "dmean": 0.000994767178781,
        "dmean2": 0.00142960459925,
        "dvar": 1.61051366376e-06,
        "dvar2": 3.54832468474e-06,
        "max": 0.0116558969021,
        "mean": 0.00408557849005,
        "median": 0.00419306522235,
        "min": 3.17089735545e-12,
        "var": 4.40598978457e-06
    },
    "spectral_rolloff": {
        "dmean": 392.272216797,
        "dmean2": 640.956237793,
        "dvar": 608999.3125,
        "dvar2": 1262225,
        "max": 19336.8164062,
        "mean": 1667.64611816,
        "median": 1571.92382812,
        "min": 21.533203125,
        "var": 1601066
    },
    "spectral_skewness": {
        "dmean": 0.283423841,
        "dmean2": 0.457260936499,
        "dvar": 0.0783896073699,
        "dvar2": 0.197837412357,
        "max": 5.07449436188,
        "mean": 2.01363444328,
        "median": 1.96692800522,
        "min": -0.0218373499811,
        "var": 0.263382077217
    },
    "spectral_spread": {
        "dmean": 624625.8125,
        "dmean2": 849730.875,
        "dvar": 570028392448,
        "dvar2": 1.05017212928e+12,
        "max": 41666972,
        "mean": 3913525.5,
        "median": 3493524,
        "min": 1376133.375,
        "var": 2.94187538842e+12
    },
    "spectral_strongpeak": {
        "dmean": 0.940374732018,
        "dmean2": 1.53473675251,
        "dvar": 1.62624323368,
        "dvar2": 4.06900262833,
        "max": 15.6110172272,
        "mean": 1.82871651649,
        "median": 0.790066301823,
        "min": 0,
        "var": 4.5605711937
    },
    "zerocrossingrate": {
        "dmean": 0.0096484515816,
        "dmean2": 0.0110307428986,
        "dvar": 0.000171650433913,
        "dvar2": 0.000207826480619,
        "max": 0.517578125,
        "mean": 0.0670905038714,
        "median": 0.06103515625,
        "min": 0.00341796875,
        "var": 0.0013003826607
    },
    "barkbands": {
        "dmean": [1.52920183609e-05, 0.000996797694825, 0.00127112295013, 0.001294491929, 0.00162906327751, 0.000709700339939, 0.00143665843643, 0.000893869088031, 0.000710073683877, 0.000874258053955, 0.000763314892538, 0.00116283248644, 0.00107316917274, 0.00132912106346, 0.000755774322897, 0.000401015975513, 0.000273071869742, 0.000166969446582, 0.000135229915031, 9.61296100286e-05, 6.951859541e-05, 5.42345187569e-05, 5.28455784661e-05, 3.2429528801e-05, 3.94406124542e-05, 3.50037771568e-05, 2.63111160166e-05],
        "dmean2": [2.37725871557e-05, 0.00160604645498, 0.00227838964202, 0.00223030056804, 0.00263243936934, 0.00113425636664, 0.0024880762212, 0.00144908402581, 0.00110217113979, 0.00138209445868, 0.00123830093071, 0.00180580001324, 0.00168119277805, 0.00216925563291, 0.00117568916176, 0.00063505966682, 0.000428855331847, 0.000264279689873, 0.000213353865547, 0.000147451210069, 0.000104908511275, 8.18306725705e-05, 7.71330451244e-05, 4.53667853435e-05, 5.48746756976e-05, 5.26966614416e-05, 4.07416227972e-05],
        "dvar": [1.1433750613e-09, 6.14572172708e-06, 1.55126053869e-05, 9.15905366128e-06, 1.11545468826e-05, 1.8765912273e-06, 1.85033641174e-05, 4.24764721174e-06, 3.16142586598e-06, 5.51054472453e-06, 3.22977643918e-06, 7.66645644035e-06, 6.88935324433e-06, 1.12355810415e-05, 2.64547225015e-06, 7.33477008907e-07, 3.3121111187e-07, 1.29949583538e-07, 6.66551258632e-08, 3.62207543958e-08, 1.78353811719e-08, 1.64856981399e-08, 1.83774755413e-08, 5.62115420877e-09, 9.2425205267e-09, 9.70340430229e-09, 5.48843859249e-09],
        "dvar2": [2.82596590573e-09, 1.55964316946e-05, 4.40615222033e-05, 2.52532627201e-05, 2.62429766735e-05, 4.67417112304e-06, 5.1307692047e-05, 1.0939049389e-05, 7.22897630112e-06, 1.31610995595e-05, 7.83559880801e-06, 1.77241163328e-05, 1.66235986399e-05, 3.08544767904e-05, 6.23919004283e-06, 1.74273213815e-06, 7.5962691426e-07, 3.03663483692e-07, 1.65221152315e-07, 8.32339708268e-08, 4.04899687112e-08, 3.82841989222e-08, 3.90038685794e-08, 1.05545296947e-08, 1.71238934144e-08, 2.22291891561e-08, 1.15353255836e-08],
        "max": [0.000420119788032, 0.0318055264652, 0.053414516151, 0.0369955897331, 0.0385747514665, 0.0308603346348, 0.0464927479625, 0.0481834970415, 0.0427538752556, 0.0571320205927, 0.031166953966, 0.0606062486768, 0.0440737232566, 0.0625258088112, 0.0479596331716, 0.0281081255525, 0.0109715778381, 0.00853273738176, 0.00545557355508, 0.00771873723716, 0.00220660842024, 0.00141284556594, 0.0023496071808, 0.00108296656981, 0.00252382061444, 0.00399303296581, 0.00208313157782],
        "mean": [1.87898294826e-05, 0.00135286594741, 0.00118650030345, 0.00155178818386, 0.00209014536813, 0.00102141604293, 0.00137440802064, 0.00119182211347, 0.000984790036455, 0.00126665784046, 0.00099811644759, 0.00170818448532, 0.00174219114706, 0.00203532655723, 0.00119378929958, 0.000499655783642, 0.000399577693315, 0.000230879013543, 0.000201381699299, 0.000159776885994, 0.000107038387796, 7.07520739525e-05, 6.9530789915e-05, 4.79480804643e-05, 5.53042518732e-05, 3.89693304896e-05, 2.66384886345e-05],
        "median": [5.78502294957e-06, 0.000388214160921, 0.000203593444894, 0.000291375210509, 0.000743146752939, 0.000470958155347, 0.000291704665869, 0.000426320999395, 0.000236519990722, 0.000292662065476, 0.000264280301053, 0.000255116290646, 0.000176587607712, 0.00028237956576, 0.000321233063005, 0.000152811058797, 0.000120698998217, 8.01033020252e-05, 8.62326705828e-05, 6.43581734039e-05, 3.34530086548e-05, 1.33674830067e-05, 1.09624079414e-05, 7.18118417353e-06, 6.59613306198e-06, 2.37897165789e-06, 1.13079295261e-06],
        "min": [1.55896181065e-24, 2.17756059872e-23, 5.65002375158e-24, 7.43691913079e-24, 1.20309571086e-23, 2.29596436074e-23, 1.90669321623e-23, 4.28287542247e-23, 4.8763506276e-23, 3.75439068079e-23, 5.94360180845e-23, 3.48030916343e-23, 7.43992958178e-23, 6.42122553213e-23, 6.15632667124e-23, 1.31074729874e-22, 8.24431842506e-23, 1.61624308751e-22, 1.8207674572e-22, 1.86538391539e-22, 3.95446985084e-22, 5.18963543962e-22, 4.83943218967e-22, 7.5303485663e-22, 9.26252959442e-22, 1.55371176225e-21, 2.20001224904e-21],
        "var": [1.22600574137e-09, 6.06988078289e-06, 1.03265156213e-05, 7.6925907706e-06, 1.21944422062e-05, 2.96810480904e-06, 1.43754550663e-05, 6.01175543125e-06, 6.38351366433e-06, 1.01396026366e-05, 4.99351699546e-06, 1.52926495502e-05, 1.89795719052e-05, 2.28156786761e-05, 5.58020519748e-06, 9.98501491267e-07, 7.64695130329e-07, 1.97997451323e-07, 1.00431591932e-07, 8.56644319924e-08, 3.21816244764e-08, 2.21984777227e-08, 2.72576041738e-08, 1.14191838207e-08, 1.92681781641e-08, 1.44947565062e-08, 7.89458187711e-09]
    },
    "erbbands": {
        "dmean": [0.0182308275253, 0.277074337006, 1.28590989113, 2.94838738441, 6.21459245682, 4.58594369888, 4.79459762573, 6.26639556885, 15.9087371826, 24.5316905975, 16.7351436615, 15.7240533829, 23.0727958679, 23.1281871796, 37.2030792236, 48.3517951965, 47.276512146, 67.3493423462, 44.5578994751, 30.8657550812, 17.5323448181, 13.2925691605, 8.68593406677, 8.99077033997, 5.36453390121, 4.72743988037, 3.17458844185, 2.5170981884, 1.94756317139, 1.70780527592, 1.45204555988, 0.757605195045, 0.518876433372, 0.355223119259, 0.35869550705, 0.13406598568, 0.0662493109703, 0.0263553485274, 0.00406384561211, 0.000268228031928],
        "dmean2": [0.0286509469151, 0.456912815571, 2.28498125076, 5.12998056412, 10.1622047424, 7.54133272171, 7.97345685959, 10.0245838165, 26.4043502808, 42.4734039307, 26.8068523407, 24.1692428589, 35.9450302124, 35.6864776611, 59.2845802307, 73.8086166382, 71.8998794556, 109.657424927, 68.6085891724, 47.8379516602, 27.1991291046, 20.3998451233, 13.3886127472, 14.2338142395, 8.23250484467, 7.27969169617, 4.81929206848, 3.80555987358, 2.9476184845, 2.5311396122, 2.11579799652, 1.07733869553, 0.722828984261, 0.491902142763, 0.510109841824, 0.195614621043, 0.101214058697, 0.0410429686308, 0.00623073615134, 0.000409828586271],
        "dvar": [0.00201928196475, 0.499865859747, 14.5658836365, 54.6527709961, 216.137161255, 78.9439086914, 93.556427002, 165.485977173, 1789.50341797, 4734.16894531, 1663.12316895, 1648.76782227, 4139.78173828, 4709.31835938, 7674.46435547, 12001.3417969, 12068.2949219, 31830.3378906, 9487.74609375, 4013.44970703, 1464.35131836, 842.632446289, 342.803100586, 327.847991943, 112.452758789, 107.613792419, 35.4665565491, 29.5604553223, 21.9692611694, 17.2722682953, 13.5012645721, 3.33365225792, 1.42702305317, 0.633890450001, 0.930598497391, 0.134291157126, 0.0374460294843, 0.00550016760826, 0.000130626736791, 5.6545775351e-07],
        "dvar2": [0.00466194935143, 1.31385529041, 41.2931404114, 152.101745605, 519.625793457, 201.80859375, 241.985748291, 412.784118652, 4737.81884766, 13303.1630859, 4134.19677734, 3759.95385742, 9789.49804688, 11191.6044922, 19010.9160156, 27555.4023438, 28957.5742188, 88231.359375, 22506.3925781, 9280.99121094, 3462.35107422, 1848.61303711, 776.984741211, 816.472290039, 273.566986084, 256.261260986, 82.2047348022, 66.8473739624, 51.7291717529, 37.1808128357, 28.3710174561, 6.66833782196, 2.62072038651, 1.13159883022, 1.88434696198, 0.298363864422, 0.0870452821255, 0.0125225828961, 0.00026927725412, 1.15781654131e-06],
        "max": [0.508331418037, 8.85968017578, 46.5570335388, 93.7429046631, 201.00680542, 106.897201538, 262.554443359, 370.816894531, 686.706665039, 755.890808105, 767.487976074, 939.336120605, 1585.18029785, 2727.08300781, 1864.67541504, 2376.88134766, 1953.72546387, 3763.35400391, 2100.06030273, 1481.1385498, 1202.50439453, 744.685974121, 519.660461426, 392.027313232, 228.912155151, 513.49987793, 102.883850098, 65.2250823975, 56.8598976135, 51.1105957031, 65.099937439, 26.9056510925, 25.2890129089, 25.9130268097, 20.7307929993, 11.4213123322, 8.7320022583, 2.44818735123, 0.341986894608, 0.019900592044],
        "mean": [0.0229985620826, 0.365345239639, 1.29368638992, 3.42003035545, 7.02467107773, 6.25076770782, 6.55202722549, 8.82829475403, 17.7464141846, 25.3388957977, 24.3994274139, 22.8624954224, 33.4742126465, 33.3593139648, 54.6437225342, 82.229057312, 84.7860412598, 105.329086304, 70.6846160889, 48.2690124512, 24.6772384644, 19.7791175842, 12.9718751907, 13.5561485291, 8.4754076004, 7.96628808975, 5.16112279892, 3.69083476067, 2.54988598824, 2.26846837997, 1.92927491665, 1.05308246613, 0.776555895805, 0.537354409695, 0.46382817626, 0.162279516459, 0.0718856602907, 0.026388771832, 0.00417840993032, 0.000288236420602],
        "median": [0.00573862344027, 0.106193460524, 0.31606900692, 0.81168627739, 1.79308509827, 2.35402727127, 2.78917646408, 3.99514937401, 4.45944356918, 7.98825979233, 7.53598213196, 6.31944847107, 9.0370426178, 9.25486946106, 16.9158706665, 16.5461044312, 13.1704263687, 18.2641963959, 22.3078212738, 17.7029476166, 9.13688564301, 6.24961853027, 4.77670717239, 5.74228143692, 3.66269207001, 3.17086315155, 1.85967123508, 1.02266418934, 0.494228601456, 0.391848832369, 0.308006376028, 0.160007759929, 0.110067814589, 0.0647208988667, 0.0504809729755, 0.0129264770076, 0.00412965472788, 0.00110410421621, 0.000196928027435, 4.07189181715e-05],
        "min": [1.91831143342e-22, 5.58836597934e-21, 9.77048856662e-21, 2.20357716322e-20, 2.29542409957e-20, 4.02205263744e-20, 1.08346520626e-19, 2.00352941281e-19, 2.73650345937e-19, 4.7823054204e-19, 7.57952626318e-19, 1.11091555678e-18, 1.23796677655e-18, 1.90186814004e-18, 2.34171832884e-18, 1.64550480908e-18, 2.68437355489e-18, 3.12416852938e-18, 3.44506290827e-18, 4.6965300996e-18, 6.28712686641e-18, 5.71354121811e-18, 7.67471820807e-18, 1.26769118099e-17, 8.11638385152e-18, 9.35597934669e-18, 1.49946470709e-17, 1.82800182124e-17, 1.70746357345e-17, 1.58869780828e-17, 1.38946920708e-17, 1.4602039028e-17, 1.29782851399e-17, 8.25360815205e-18, 6.83792492962e-18, 4.70429277606e-18, 2.74078479113e-18, 1.15103557425e-18, 2.80430538623e-19, 3.35335498349e-20],
        "var": [0.00219170330092, 0.456595271826, 9.97154521942, 41.3551101685, 207.147689819, 87.0266952515, 134.979934692, 239.611816406, 1874.35046387, 3588.56201172, 3157.86083984, 3362.14404297, 8193.71582031, 7484.60351562, 12853.8378906, 28587.8769531, 37309.8789062, 64908.1015625, 18676.9003906, 7606, 2139.31274414, 1987.93261719, 616.298034668, 509.351531982, 179.076873779, 232.185134888, 67.8165435791, 46.109916687, 29.0925922394, 25.5760288239, 20.3078174591, 5.81302070618, 3.13305401802, 1.58963775635, 1.57257568836, 0.224399536848, 0.0527863055468, 0.00746195437387, 0.000193745479919, 8.03634804925e-07]
    },
    "gfcc": {
        "mean": [-33.1346626282, 81.7271575928, -135.071090698, 0.409585833549, -46.7165489197, 6.67653083801, -35.9386329651, -1.72080719471, -24.7265644073, 2.98211169243, -14.5833187103, -4.8288860321, -11.8179826736],
        "cov": [[12153.6953125, -482.86920166, 358.521972656, 416.08291626, 106.870483398, 23.1511535645, -172.736663818, -42.0457305908, -181.717788696, -36.0128669739, -247.756393433, -71.4659423828, -252.265197754], [-482.86920166, 1926.32202148, 247.106658936, 223.572479248, 289.389343262, -60.826587677, 107.803779602, 1.67006552219, 24.1868190765, -70.6899719238, 92.5044631958, -48.93907547, 68.6790084839], [358.521972656, 247.106658936, 1276.25634766, 339.40246582, 126.595687866, 44.4677200317, -48.210723877, 82.3182525635, 23.0554218292, -80.1868896484, -94.7219924927, 83.5693206787, -26.4093799591], [416.08291626, 223.572479248, 339.40246582, 435.366821289, 129.729751587, 30.5036525726, 12.7717199326, 21.4444847107, 25.259513855, -35.1597061157, -42.0481071472, 12.4577894211, -1.95181274414], [106.870483398, 289.389343262, 126.595687866, 129.729751587, 352.699707031, 81.9110031128, 99.9769134521, 1.62484800816, -11.1405830383, 9.58725452423, 0.410180389881, -25.361114502, -23.7709751129], [23.1511535645, -60.826587677, 44.4677200317, 30.5036525726, 81.9110031128, 214.352798462, 64.7754135132, -34.7862014771, -24.8997058868, 12.4136619568, -3.07083320618, -13.7919149399, -23.1934261322], [-172.736663818, 107.803779602, -48.210723877, 12.7717199326, 99.9769134521, 64.7754135132, 161.957763672, 31.2248630524, -7.36843109131, 21.2101135254, 25.5819034576, -21.3854179382, -2.61647725105], [-42.0457305908, 1.67006552219, 82.3182525635, 21.4444847107, 1.62484800816, -34.7862014771, 31.2248630524, 182.296859741, 51.6635894775, -12.3844041824, 8.09707260132, 12.0094528198, 13.4614429474], [-181.717788696, 24.1868190765, 23.0554218292, 25.259513855, -11.1405830383, -24.8997058868, -7.36843109131, 51.6635894775, 122.72354126, 28.4694023132, -4.09314203262, 13.7826528549, 3.43561911583], [-36.0128669739, -70.6899719238, -80.1868896484, -35.1597061157, 9.58725452423, 12.4136619568, 21.2101135254, -12.3844041824, 28.4694023132, 110.521728516, 44.3788299561, 0.792444467545, -8.84579181671], [-247.756393433, 92.5044631958, -94.7219924927, -42.0481071472, 0.410180389881, -3.07083320618, 25.5819034576, 8.09707260132, -4.09314203262, 44.3788299561, 117.814704895, 15.7723751068, 9.54515647888], [-71.4659423828, -48.93907547, 83.5693206787, 12.4577894211, -25.361114502, -13.7919149399, -21.3854179382, 12.0094528198, 13.7826528549, 0.792444467545, 15.7723751068, 96.5045013428, 26.4489803314], [-252.265197754, 68.6790084839, -26.4093799591, -1.95181274414, -23.7709751129, -23.1934261322, -2.61647725105, 13.4614429474, 3.43561911583, -8.84579181671, 9.54515647888, 26.4489803314, 93.8471908569]],
        "icov": [[0.000100426135759, 5.8241056422e-10, 2.4746364943e-05, -0.000116636692837, -1.2766963664e-05, 1.24761254483e-05, 0.000146760503412, -0.000110031949589, 0.000265966838924, -0.000163259726833, 0.000219579305849, -2.98223403661e-05, 0.000255157938227], [5.8241056422e-10, 0.000884495617356, -0.000246977026109, -0.000168151440448, -0.000622148916591, 0.00062324362807, -0.000497169676237, 0.00068315846147, -0.000744689663406, 0.00117096153554, -0.0014030354796, 0.000967492465861, -0.000828030635603], [2.4746364943e-05, -0.000246977026109, 0.00131097261328, -0.000702186138369, -0.000149710351252, -0.000488352321554, 0.000775333144702, -0.000888075097464, 0.000490555656143, -9.43007762544e-05, 0.0011085345177, -0.00146601395682, 0.000865537032951], [-0.000116636692837, -0.000168151440448, -0.000702186138369, 0.00345194479451, -0.000853016041219, -0.000188625082956, -0.000156362017151, 0.000270685035503, -0.00108695810195, 0.000710407330189, 0.000316332443617, -8.76500489539e-05, -0.000522862421349], [-1.2766963664e-05, -0.000622148916591, -0.000149710351252, -0.000853016041219, 0.00461404118687, -0.000940822879784, -0.00194327707868, -0.000113549045636, 0.000719212635886, -0.00113572611008, 0.000785886775702, 7.35439971322e-05, 0.00102537602652], [1.24761254483e-05, 0.00062324362807, -0.000488352321554, -0.000188625082956, -0.000940822879784, 0.00656347349286, -0.00282168481499, 0.0019170648884, 0.000146740916534, 0.000265062903054, -0.000466673693154, 0.000548825482838, 0.000378629018087], [0.000146760503412, -0.000497169676237, 0.000775333144702, -0.000156362017151, -0.00194327707868, -0.00282168481499, 0.0103363944218, -0.0033030055929, 0.00185705721378, -0.00207128445618, -7.80093905632e-05, 0.000734673754778, 8.33221201901e-05], [-0.000110031949589, 0.00068315846147, -0.000888075097464, 0.000270685035503, -0.000113549045636, 0.0019170648884, -0.0033030055929, 0.00840003229678, -0.00444922596216, 0.00327944639139, -0.00258912635036, 0.000882752821781, -0.00140542176086], [0.000265966838924, -0.000744689663406, 0.000490555656143, -0.00108695810195, 0.000719212635886, 0.000146740916534, 0.00185705721378, -0.00444922596216, 0.0126168495044, -0.00600537192076, 0.00391610059887, -0.00207817112096, 0.00144320761319], [-0.000163259726833, 0.00117096153554, -9.43007762544e-05, 0.000710407330189, -0.00113572611008, 0.000265062903054, -0.00207128445618, 0.00327944639139, -0.00600537192076, 0.0150295281783, -0.00687674432993, 0.00121065811254, -6.313490303e-05], [0.000219579305849, -0.0014030354796, 0.0011085345177, 0.000316332443617, 0.000785886775702, -0.000466673693154, -7.80093905632e-05, -0.00258912635036, 0.00391610059887, -0.00687674432993, 0.0144329601899, -0.00433696387336, 0.00135124090593], [-2.98223403661e-05, 0.000967492465861, -0.00146601395682, -8.76500489539e-05, 7.35439971322e-05, 0.000548825482838, 0.000734673754778, 0.000882752821781, -0.00207817112096, 0.00121065811254, -0.00433696387336, 0.0145231382921, -0.004616193939], [0.000255157938227, -0.000828030635603, 0.000865537032951, -0.000522862421349, 0.00102537602652, 0.000378629018087, 8.33221201901e-05, -0.00140542176086, 0.00144320761319, -6.313490303e-05, 0.00135124090593, -0.004616193939, 0.0138421347365]]
    },
    "melbands": {
        "dmean": [0.000220116198761, 0.000566224160139, 0.000629792630207, 0.000379976409022, 0.000171551873791, 0.000142524630064, 0.000262906745775, 0.000256803468801, 0.00013548170682, 9.69893517322e-05, 0.000117947798572, 9.77214003797e-05, 0.000111350324005, 0.000128945408505, 0.000146790291183, 8.18580156192e-05, 0.000141870652442, 7.96226086095e-05, 5.17307998962e-05, 3.6908135371e-05, 1.93155538e-05, 1.53930686793e-05, 1.08936847028e-05, 8.08984077594e-06, 7.8740195022e-06, 4.33125205745e-06, 3.56925056622e-06, 3.34360379384e-06, 2.2373885713e-06, 1.78326422429e-06, 1.54063422997e-06, 1.19787080166e-06, 9.55538439484e-07, 1.01603609437e-06, 9.87431803878e-07, 5.63453340874e-07, 4.46230899342e-07, 3.8103399902e-07, 3.29081530026e-07, 2.94184815175e-07],
        "dmean2": [0.000347911525751, 0.000986226485111, 0.00107405416202, 0.000615840370301, 0.000285439833533, 0.000227211552556, 0.000443156837719, 0.000440255942522, 0.000215818989091, 0.000149008861626, 0.000184238422662, 0.000151885484229, 0.000178939430043, 0.000198701469344, 0.000226990421652, 0.000124836980831, 0.000232422389672, 0.000122938377899, 7.9923622252e-05, 5.80264531891e-05, 3.02164644381e-05, 2.37118911173e-05, 1.70610728674e-05, 1.28226056404e-05, 1.25900414787e-05, 6.76872878103e-06, 5.48015168533e-06, 5.22286472915e-06, 3.4748707094e-06, 2.74818398793e-06, 2.36337109527e-06, 1.85038777545e-06, 1.4638446828e-06, 1.51677954818e-06, 1.46422667058e-06, 8.39105780415e-07, 6.43354667318e-07, 5.4287392004e-07, 4.59476268588e-07, 4.16082286847e-07],
        "dvar": [2.89848912871e-07, 2.63549964075e-06, 2.07719176615e-06, 6.71904501814e-07, 1.07926759085e-07, 8.5723897314e-08, 5.29910380465e-07, 4.6150105959e-07, 1.16347898427e-07, 5.90479167784e-08, 1.07539342764e-07, 8.91973357398e-08, 6.7740096199e-08, 9.74395319986e-08, 1.06529064681e-07, 3.66270285213e-08, 1.46562911141e-07, 3.54088172116e-08, 1.31897808231e-08, 5.40514744074e-09, 2.03031125245e-09, 1.27166743802e-09, 7.06599112554e-10, 3.11379810825e-10, 2.73548628194e-10, 7.1608163843e-11, 6.34936964117e-11, 5.80327903787e-11, 2.04855091224e-11, 1.30873853421e-11, 1.22381766179e-11, 8.72172820077e-12, 5.01425420282e-12, 6.85103709874e-12, 6.96215394363e-12, 1.90383429508e-12, 1.20666692784e-12, 8.18275894092e-13, 5.44761609954e-13, 4.29443129278e-13],
        "dvar2": [6.99637553225e-07, 7.36779020372e-06, 5.61187334824e-06, 1.57973568093e-06, 2.78899420891e-07, 2.11335958511e-07, 1.43663851304e-06, 1.28577437408e-06, 2.87697133672e-07, 1.33057113771e-07, 2.53656082805e-07, 2.12187757143e-07, 1.64900939126e-07, 2.26111794177e-07, 2.60659248852e-07, 8.0506993072e-08, 4.06411970744e-07, 8.38547151716e-08, 3.09142258459e-08, 1.23998438184e-08, 4.74949413132e-09, 2.70012123771e-09, 1.57624469033e-09, 7.19401704874e-10, 6.89901857864e-10, 1.7561674337e-10, 1.39828329471e-10, 1.36834377162e-10, 4.87661890036e-11, 3.04435331111e-11, 2.84882881174e-11, 2.1152747956e-11, 1.15078597693e-11, 1.49704467572e-11, 1.52189805896e-11, 4.07283625228e-12, 2.47610178888e-12, 1.58629229544e-12, 1.03594953796e-12, 8.00996096707e-13],
        "max": [0.00638576410711, 0.0186902862042, 0.0145688578486, 0.00944557972252, 0.00845077447593, 0.0078508136794, 0.0104429144412, 0.0099378162995, 0.00664558168501, 0.00579479848966, 0.00782492663711, 0.0113640269265, 0.00462383683771, 0.00782966241241, 0.00486395135522, 0.0034576668404, 0.00807131361216, 0.00440504727885, 0.00333830527961, 0.00178071879782, 0.00127123505808, 0.0010045649251, 0.00107972091064, 0.00041005705134, 0.000396917981561, 0.000167987207533, 0.000237711486989, 0.000350597256329, 8.51791337482e-05, 7.88209217717e-05, 4.06580475101e-05, 4.62871212221e-05, 2.35596617131e-05, 3.84766935895e-05, 5.11445032316e-05, 2.25890307775e-05, 1.87287696463e-05, 1.63447293744e-05, 2.06124732358e-05, 1.99953719857e-05],
        "mean": [0.000297332444461, 0.000627392786555, 0.000729310908355, 0.000481686962303, 0.000242831345531, 0.000203932373552, 0.000278207589872, 0.00027626552037, 0.000204114956432, 0.000134257716127, 0.000168215527083, 0.000133660330903, 0.000155277608428, 0.00018729022122, 0.000265493901679, 0.000123689242173, 0.000212099315831, 0.000112195084512, 7.95787273091e-05, 4.95429558214e-05, 2.51676501648e-05, 2.13686525967e-05, 1.52003121912e-05, 1.10697747004e-05, 1.11554618343e-05, 6.24136919214e-06, 5.46549381397e-06, 5.2706632232e-06, 3.34275819114e-06, 2.56312614511e-06, 2.07861307899e-06, 1.48906019604e-06, 1.21848461276e-06, 1.30420892219e-06, 1.26255167743e-06, 7.44910607864e-07, 6.02852537668e-07, 5.4073393585e-07, 4.96939833283e-07, 4.25459859343e-07],
        "median": [8.52371740621e-05, 0.000169461782207, 0.000194144115085, 0.000153726432472, 0.000105088511191, 9.15434866329e-05, 6.57131167827e-05, 8.99815568118e-05, 5.80574887863e-05, 3.44919280906e-05, 4.07341321988e-05, 2.84785419353e-05, 4.06424187531e-05, 3.83065926144e-05, 3.1615352782e-05, 1.66695008375e-05, 2.57899064309e-05, 2.71142762358e-05, 2.20749734581e-05, 1.60101790243e-05, 7.13456165613e-06, 5.94455923419e-06, 4.47786669611e-06, 3.68380483451e-06, 4.28681960329e-06, 2.27593454838e-06, 2.11786959881e-06, 1.91507456293e-06, 1.17020624657e-06, 6.98061626281e-07, 4.75277801115e-07, 2.67337497917e-07, 2.09445673249e-07, 2.03923477216e-07, 1.95862213559e-07, 1.11326912133e-07, 8.78225066003e-08, 7.7046152569e-08, 6.40666470986e-08, 4.60273135161e-08],
        "min": [3.8475018267e-24, 5.94722788649e-24, 3.42486289141e-24, 1.93341800931e-24, 3.3361499606e-24, 4.55643968374e-24, 3.73824380247e-24, 7.23240772998e-24, 5.98509281551e-24, 8.04463075091e-24, 6.23767779432e-24, 6.88948279473e-24, 7.21529181492e-24, 5.23509750937e-24, 4.33823365761e-24, 7.63938738187e-24, 4.53972963762e-24, 4.25575154465e-24, 5.30184224169e-24, 6.21956909781e-24, 5.23965436438e-24, 5.33177201887e-24, 4.95650023663e-24, 7.30045881597e-24, 9.42175706606e-24, 5.16224817692e-24, 6.07647327948e-24, 6.35180742907e-24, 7.45536822078e-24, 8.83247008125e-24, 9.90381103258e-24, 8.36981262667e-24, 6.58785591116e-24, 8.14950980825e-24, 7.31648058095e-24, 8.09794433746e-24, 8.42712652688e-24, 9.95684457352e-24, 7.35342214828e-24, 6.90513773939e-24],
        "var": [3.05565720282e-07, 1.91644403458e-06, 1.67814630458e-06, 7.03538034941e-07, 1.52602225967e-07, 1.3075832328e-07, 4.90551485655e-07, 3.80994862326e-07, 2.47208078008e-07, 1.12822448273e-07, 2.13949732597e-07, 1.4319870445e-07, 1.12730205615e-07, 1.75161190441e-07, 3.24896632264e-07, 8.78898447354e-08, 2.90188182817e-07, 6.01772427444e-08, 2.61347459229e-08, 8.78450379105e-09, 3.05866554307e-09, 2.68896860334e-09, 1.46620404706e-09, 4.93305896132e-10, 4.02613331563e-10, 1.1302080799e-10, 1.18418386208e-10, 1.1532173827e-10, 3.3349874945e-11, 2.36168359175e-11, 1.71891511441e-11, 1.10360652908e-11, 6.76010723094e-12, 9.68275893493e-12, 9.55596365926e-12, 3.00333672862e-12, 2.0115942332e-12, 1.59118410722e-12, 1.32471269197e-12, 1.02675474459e-12]
    },
    "mfcc": {
        "mean": [-678.070251465, 128.39050293, -28.4476280212, 3.42983317375, -0.343359619379, 4.57404994965, -1.54548060894, -5.34095239639, -5.10939264297, 1.91518867016, -3.41813993454, -2.2250161171, -0.451797425747],
        "cov": [[9407.64257812, -134.262741089, -8.75539588928, 318.766387939, 161.084960938, 106.592926025, 27.021112442, -50.8691864014, 4.78566026688, -50.432975769, 14.8958692551, -7.75037431717, -89.4433364868], [-134.262741089, 1627.60253906, 86.5055389404, 263.041717529, 176.155090332, 32.3443145752, 121.425094604, 41.4709358215, -3.22437357903, 28.6185035706, -14.0748128891, -7.07119512558, 16.2240581512], [-8.75539588928, 86.5055389404, 907.002563477, 238.793365479, 214.420700073, 50.2729606628, -40.5562438965, 122.013893127, 50.4184608459, -33.0721054077, -28.5853214264, -41.2874031067, -2.18921971321], [318.766387939, 263.041717529, 238.793365479, 405.20135498, 166.481689453, 45.0111465454, 29.4368171692, 60.5582122803, 63.7727050781, -6.75338745117, -10.8489570618, 23.0495166779, 0.0323696732521], [161.084960938, 176.155090332, 214.420700073, 166.481689453, 250.352966309, 62.8589248657, 47.4904022217, 63.9297218323, 45.3213691711, 1.8188778162, -0.528151810169, -0.626164793968, -1.37620186806], [106.592926025, 32.3443145752, 50.2729606628, 45.0111465454, 62.8589248657, 282.005004883, 70.7142715454, 5.13122844696, -1.49599194527, -11.8899698257, 42.0831756592, -14.4621448517, -3.98037099838], [27.021112442, 121.425094604, -40.5562438965, 29.4368171692, 47.4904022217, 70.7142715454, 227.918701172, 28.0117740631, -2.70499014854, 36.5877761841, 21.5261898041, -2.88354587555, -6.88717508316], [-50.8691864014, 41.4709358215, 122.013893127, 60.5582122803, 63.9297218323, 5.13122844696, 28.0117740631, 138.059753418, 44.8732910156, 5.2096247673, 1.11713576317, -8.55143547058, 4.00537157059], [4.78566026688, -3.22437357903, 50.4184608459, 63.7727050781, 45.3213691711, -1.49599194527, -2.70499014854, 44.8732910156, 128.46055603, 20.9739265442, -8.68592643738, 5.06833028793, -0.0949968025088], [-50.432975769, 28.6185035706, -33.0721054077, -6.75338745117, 1.8188778162, -11.8899698257, 36.5877761841, 5.2096247673, 20.9739265442, 112.526199341, 29.2738494873, 5.04996204376, -2.59949660301], [14.8958692551, -14.0748128891, -28.5853214264, -10.8489570618, -0.528151810169, 42.0831756592, 21.5261898041, 1.11713576317, -8.68592643738, 29.2738494873, 114.588142395, 28.8319587708, 12.260518074], [-7.75037431717, -7.07119512558, -41.2874031067, 23.0495166779, -0.626164793968, -14.4621448517, -2.88354587555, -8.55143547058, 5.06833028793, 5.04996204376, 28.8319587708, 99.1433868408, 31.6853713989], [-89.4433364868, 16.2240581512, -2.18921971321, 0.0323696732521, -1.37620186806, -3.98037099838, -6.88717508316, 4.00537157059, -0.0949968025088, -2.59949660301, 12.260518074, 31.6853713989, 85.766242981]],
