{
"lowlevel": {
    "average_loudness": 0.572338521481,
    "barkbands_crest": {
        "dmean": 2.32047438622,
        "dmean2": 3.86810779572,
        "dvar": 7.76864528656,
        "dvar2": 21.6626281738,
        "max": 26.6871948242,
        "mean": 9.88792228699,
        "median": 9.41660785675,
        "min": 2.3804666996,
        "var": 19.3861618042
    },
    "barkbands_flatness_db": {
        "dmean": 0.0216611996293,
        "dmean2": 0.0321076326072,
        "dvar": 0.00074824760668,
        "dvar2": 0.00167446781415,
        "max": 0.508042931557,
        "mean": 0.151777178049,
        "median": 0.128866761923,
        "min": 0.0229864325374,
        "var": 0.00728665525094
    },
    "barkbands_kurtosis": {
        "dmean": 6.64801931381,
        "dmean2": 10.3177251816,
        "dvar": 318.600616455,
        "dvar2": 840.141418457,
        "max": 530.934753418,
        "mean": 14.87525177,
        "median": 3.96788311005,
        "min": -1.95360827446,
        "var": 794.113891602
    },
    "barkbands_skewness": {
        "dmean": 0.668248057365,
        "dmean2": 0.997253656387,
        "dvar": 0.954888522625,
        "dvar2": 2.33107948303,
        "max": 20.0849304199,
        "mean": 2.33000206947,
        "median": 1.93830931187,
        "min": -5.44722509384,
        "var": 5.67130994797
    },
    "barkbands_spread": {
        "dmean": 6.14213705063,
        "dmean2": 9.07783126831,
        "dvar": 86.7114028931,
        "dvar2": 183.696029663,
        "max": 125.35256958,
        "mean": 26.2716388702,
        "median": 22.7965869904,
        "min": 0.379988580942,
        "var": 431.741729736
    },
    "dissonance": {
        "dmean": 0.0141023937613,
        "dmean2": 0.0233408417553,
        "dvar": 0.000280678388663,
        "dvar2": 0.000734802219085,
        "max": 0.500000178814,
        "mean": 0.467059403658,
        "median": 0.478606402874,
        "min": 0.221890434623,
        "var": 0.00114033254795
    },
    "dynamic_complexity": 6.57181358337,
    "erbbands_crest": {
        "dmean": 1.97414696217,
        "dmean2": 3.04636740685,
        "dvar": 3.62808203697,
        "dvar2": 8.0999917984,
        "max": 31.6507110596,
        "mean": 9.27477169037,
        "median": 8.48069572449,
        "min": 2.18729448318,
        "var": 15.6435966492
    },
    "erbbands_flatness_db": {
        "dmean": 0.0168212112039,
        "dmean2": 0.0219415966421,
        "dvar": 0.000434145040344,
        "dvar2": 0.0007385975332,
        "max": 0.354578435421,
        "mean": 0.134719625115,
        "median": 0.136215344071,
        "min": 0.0266580078751,
        "var": 0.00210831686854
    },
    "erbbands_kurtosis": {
        "dmean": 1.18634164333,
        "dmean2": 1.71179652214,
        "dvar": 4.75403928757,
        "dvar2": 8.95150375366,
        "max": 60.6707611084,
        "mean": 1.48451566696,
        "median": 0.108395576477,
        "min": -1.92217612267,
        "var": 18.2690944672
    },
    "erbbands_skewness": {
        "dmean": 0.349251121283,
        "dmean2": 0.480812191963,
        "dvar": 0.159711584449,
        "dvar2": 0.286469548941,
        "max": 6.88037633896,
        "mean": 0.289329916239,
        "median": 0.154169797897,
        "min": -5.67293119431,
        "var": 1.55143129826
    },
    "erbbands_spread": {
        "dmean": 10.6282653809,
        "dmean2": 15.0999698639,
        "dvar": 201.768325806,
        "dvar2": 398.995422363,
        "max": 191.638946533,
        "mean": 49.8344535828,
        "median": 41.7669258118,
        "min": 3.23455238342,
        "var": 830.288208008
    },
    "hfc": {
        "dmean": 7.20674514771,
        "dmean2": 10.6029834747,
        "dvar": 409.35369873,
        "dvar2": 953.238342285,
        "max": 441.039306641,
        "mean": 24.2329044342,
        "median": 5.590883255,
        "min": 1.10118855797e-16,
        "var": 1229.953125
    },
    "melbands_crest": {
        "dmean": 2.72302341461,
        "dmean2": 4.41848182678,
        "dvar": 8.71147155762,
        "dvar2": 22.7895298004,
        "max": 39.5508918762,
        "mean": 15.0147762299,
        "median": 13.480843544,
        "min": 1.63039886951,
        "var": 40.4661903381
    },
    "melbands_flatness_db": {
        "dmean": 0.0268274135888,
        "dmean2": 0.0394960269332,
        "dvar": 0.00114918546751,
        "dvar2": 0.00252354820259,
        "max": 0.652464210987,
        "mean": 0.229187354445,
        "median": 0.215991392732,
        "min": 0.00189028226305,
        "var": 0.0144304567948
    },
    "melbands_kurtosis": {
        "dmean": 18.108133316,
        "dmean2": 27.9376010895,
        "dvar": 1756.01123047,
        "dvar2": 4380.74072266,
        "max": 761.948303223,
        "mean": 43.66381073,
        "median": 16.2329978943,
        "min": -1.88464570045,
        "var": 4775.17871094
    },
    "melbands_skewness": {
        "dmean": 0.974698126316,
        "dmean2": 1.45290493965,
        "dvar": 1.90577495098,
        "dvar2": 4.2994966507,
        "max": 21.6778850555,
        "mean": 4.08059358597,
        "median": 3.23276805878,
        "min": -2.40441298485,
        "var": 10.2640171051
    },
    "melbands_spread": {
        "dmean": 7.02605390549,
        "dmean2": 10.6608972549,
        "dvar": 150.211334229,
        "dvar2": 309.806335449,
        "max": 244.345153809,
        "mean": 28.5162124634,
        "median": 14.3058328629,
        "min": 0.350606709719,
        "var": 979.768737793
    },
    "pitch_salience": {
        "dmean": 0.0637541785836,
        "dmean2": 0.105746082962,
        "dvar": 0.0049384185113,
        "dvar2": 0.0136928437278,
        "max": 0.977967202663,
        "mean": 0.540322780609,
        "median": 0.558697402477,
        "min": 0.0172883626074,
        "var": 0.0172205287963
    },
    "silence_rate_20dB": {
        "dmean": 0,
        "dmean2": 0,
        "dvar": 0,
        "dvar2": 0,
        "max": 1,
        "mean": 1,
        "median": 1,
        "min": 1,
        "var": 0
    },
    "silence_rate_30dB": {
        "dmean": 0.00388726918027,
        "dmean2": 0.00777529412881,
        "dvar": 0.00387222832069,
        "dvar2": 0.0110196052119,
        "max": 1,
        "mean": 0.99776506424,
        "median": 1,
        "min": 0,
        "var": 0.00223014503717
    },
    "silence_rate_60dB": {
        "dmean": 0.0396501459181,
        "dmean2": 0.0793079957366,
        "dvar": 0.0380853898823,
        "dvar2": 0.0819568708539,
        "max": 1,
        "mean": 0.206588283181,
        "median": 0,
        "min": 0,
        "var": 0.163905620575
    },
    "spectral_centroid": {
        "dmean": 196.646835327,
        "dmean2": 294.536407471,
        "dvar": 88143.90625,
        "dvar2": 171290.78125,
        "max": 11677.9951172,
        "mean": 1375.3840332,
        "median": 1007.42633057,
        "min": 125.426467896,
        "var": 1515775.875
    },
    "spectral_complexity": {
        "dmean": 2.13449954987,
        "dmean2": 3.4563126564,
        "dvar": 7.69472122192,
        "dvar2": 18.7216186523,
        "max": 59,
        "mean": 17.5172481537,
        "median": 7,
        "min": 0,
        "var": 298.951934814
    },
    "spectral_decrease": {
        "dmean": 1.82002635185e-09,
        "dmean2": 3.04862735057e-09,
        "dvar": 1.84315262678e-17,
        "dvar2": 4.87816729887e-17,
        "max": 1.95337986277e-28,
        "mean": -4.25279989003e-09,
        "median": -2.49948861608e-09,
        "min": -5.09636315371e-08,
        "var": 2.4905638966e-17
    },
    "spectral_energy": {
        "dmean": 0.0073345657438,
        "dmean2": 0.0121422475204,
        "dvar": 0.000290297641186,
        "dvar2": 0.000760550843552,
        "max": 0.205176442862,
        "mean": 0.0182490423322,
        "median": 0.0102484961972,
        "min": 1.02231712348e-20,
        "var": 0.000444233883172
    },
    "spectral_energyband_high": {
        "dmean": 0.000597765727434,
        "dmean2": 0.000843313813675,
        "dvar": 3.38236054631e-06,
        "dvar2": 7.56365125198e-06,
        "max": 0.0397227406502,
        "mean": 0.00143795297481,
        "median": 0.000230057499721,
        "min": 7.29974935233e-21,
        "var": 7.97297161625e-06
    },
    "spectral_energyband_low": {
        "dmean": 0.00449704239145,
        "dmean2": 0.00763204041868,
        "dvar": 0.000182616684469,
        "dvar2": 0.000486037868541,
        "max": 0.143536701798,
        "mean": 0.00603614421561,
        "median": 0.00311994925141,
        "min": 1.29570845445e-23,
        "var": 0.000146361606312
    },
    "spectral_energyband_middle_high": {
        "dmean": 0.000894798140507,
        "dmean2": 0.00142338208389,
        "dvar": 3.34668493451e-06,
        "dvar2": 8.61405624164e-06,
        "max": 0.0540905110538,
        "mean": 0.004878022708,
        "median": 0.000449954153737,
        "min": 1.15384283945e-21,
        "var": 4.68839498353e-05
    },
    "spectral_energyband_middle_low": {
        "dmean": 0.00308982329443,
        "dmean2": 0.0051779197529,
        "dvar": 8.47674236866e-05,
        "dvar2": 0.000228976627113,
        "max": 0.170688673854,
        "mean": 0.0066570113413,
        "median": 0.00366389798,
        "min": 1.32031485624e-22,
        "var": 9.65510480455e-05
    },
    "spectral_entropy": {
        "dmean": 0.18887154758,
        "dmean2": 0.256176769733,
        "dvar": 0.0766646042466,
        "dvar2": 0.137190714478,
        "max": 9.82364082336,
        "mean": 7.49502754211,
        "median": 7.74502897263,
        "min": 4.61249160767,
        "var": 0.582807421684
    },
    "spectral_flux": {
        "dmean": 0.0199653431773,
        "dmean2": 0.0310835540295,
        "dvar": 0.00123599986546,
        "dvar2": 0.00245293416083,
        "max": 0.380920886993,
        "mean": 0.0613052509725,
        "median": 0.0463580526412,
        "min": 6.43342532025e-11,
        "var": 0.00324422563426
    },
    "spectral_kurtosis": {
        "dmean": 1.67106854916,
        "dmean2": 2.6194152832,
        "dvar": 14.2322025299,
        "dvar2": 31.0720882416,
        "max": 89.7788085938,
        "mean": 4.83475732803,
        "median": 3.3754234314,
        "min": -1.2518569231,
        "var": 35.111995697
    },
    "spectral_rms": {
        "dmean": 0.000656563439406,
        "dmean2": 0.00103076919913,
        "dvar": 1.34778724714e-06,
        "dvar2": 3.2914726944e-06,
        "max": 0.0141482204199,
        "mean": 0.003612796776,
        "median": 0.00316204573028,
        "min": 3.15813651272e-12,
        "var": 4.75168144476e-06
    },
    "spectral_rolloff": {
        "dmean": 569.08203125,
        "dmean2": 946.501220703,
        "dvar": 1863775.875,
        "dvar2": 4248145.5,
        "max": 19379.8828125,
        "mean": 1926.38330078,
        "median": 667.529296875,
        "min": 21.533203125,
        "var": 6967658
    },
    "spectral_skewness": {
        "dmean": 0.215894699097,
        "dmean2": 0.317541658878,
        "dvar": 0.115704670548,
        "dvar2": 0.228053048253,
        "max": 8.03578186035,
        "mean": 1.64810705185,
        "median": 1.4437057972,
        "min": -0.0716707706451,
        "var": 0.540214419365
    },
    "spectral_spread": {
        "dmean": 832785.5625,
        "dmean2": 1099924.625,
        "dvar": 1.53019075789e+12,
        "dvar2": 2.80151038362e+12,
        "max": 42624424,
        "mean": 6062338,
        "median": 5221656,
        "min": 950320.9375,
        "var": 1.43950841119e+13
    },
    "spectral_strongpeak": {
        "dmean": 0.343759119511,
        "dmean2": 0.603652179241,
        "dvar": 0.624505102634,
        "dvar2": 1.69656229019,
        "max": 12.092247963,
        "mean": 0.656463503838,
        "median": 0.277073055506,
        "min": 0,
        "var": 1.05599153042
    },
    "zerocrossingrate": {
        "dmean": 0.0136613408104,
        "dmean2": 0.0151299796999,
        "dvar": 0.000342478218954,
        "dvar2": 0.000386055093259,
        "max": 0.525390625,
        "mean": 0.0774259567261,
        "median": 0.0673828125,
        "min": 0,
        "var": 0.00458969594911
    },
    "barkbands": {
        "dmean": [8.35937389638e-05, 0.00325696589425, 0.00139981682878, 0.000790404097643, 0.00193072261754, 0.000363972038031, 0.000435953959823, 0.000348557514371, 0.000138141374919, 0.000218938090256, 6.21072031208e-05, 0.000102268408227, 0.000130031563458, 0.000111557979835, 0.000241094501689, 0.000400854245527, 0.000386934785638, 0.000193472311366, 0.000135862312163, 8.44161040732e-05, 8.06705793366e-05, 8.61922235345e-05, 0.000100311081042, 0.000113958958536, 0.000203177696676, 8.9028813818e-05, 2.34009694395e-05],
        "dmean2": [0.000120633776532, 0.00567386019975, 0.00247429008596, 0.00136614160147, 0.00333163631149, 0.000577034370508, 0.000678508891724, 0.000547476403881, 0.000204400494113, 0.000313529977575, 9.74780123215e-05, 0.000162997937878, 0.000199718691874, 0.000177812718903, 0.000396087067202, 0.000670660287142, 0.000652099959552, 0.000325507251546, 0.000227116208407, 0.00013851741096, 0.000128697880427, 0.000129373482196, 0.000148861887283, 0.000178001093445, 0.000306011759676, 0.000133691282826, 3.28561254719e-05],
        "dvar": [5.54206778247e-08, 0.000111422377813, 1.63717722899e-05, 3.12156407745e-06, 5.12847873324e-05, 6.97088694324e-07, 1.36053608912e-06, 1.28158706048e-06, 2.5039540219e-07, 7.5242684261e-07, 2.34722445924e-08, 1.0919933402e-07, 1.67996788036e-07, 8.07353615073e-08, 2.63194209538e-07, 6.70101883316e-07, 5.9858024315e-07, 1.44118999401e-07, 7.61646106184e-08, 2.94168422954e-08, 2.81097261023e-08, 6.11304855624e-08, 1.02367735622e-07, 1.34753307179e-07, 6.31659133887e-07, 1.41783033314e-07, 4.93004659319e-09],
        "dvar2": [1.06806673728e-07, 0.000302002212266, 4.77274406876e-05, 8.76933336258e-06, 0.000141999771586, 1.75674995262e-06, 3.15540410156e-06, 3.13423788612e-06, 5.00317810292e-07, 1.54367228333e-06, 5.71188749632e-08, 2.71752838898e-07, 3.66690102283e-07, 1.90738845163e-07, 6.94104869581e-07, 1.82714097718e-06, 1.65773224126e-06, 3.97631595206e-07, 2.082130095e-07, 7.73151498379e-08, 6.68628956646e-08, 1.35184677674e-07, 2.09458690392e-07, 3.26279973706e-07, 1.50452058278e-06, 3.49871839944e-07, 1.0774485304e-08],
        "max": [0.00339722749777, 0.113322213292, 0.0514919087291, 0.0252475477755, 0.146766647696, 0.0192148536444, 0.0212080553174, 0.0317586474121, 0.0184051673859, 0.027532139793, 0.00455677974969, 0.0136798657477, 0.0186567530036, 0.00827272981405, 0.010631699115, 0.0225115604699, 0.0114074544981, 0.00610570050776, 0.00610907189548, 0.00420679105446, 0.00470438692719, 0.00706351641566, 0.0111185172573, 0.0096975993365, 0.016455264762, 0.0074688885361, 0.00130295800045],
        "mean": [8.37611223687e-05, 0.00333408941515, 0.0020616108086, 0.00106529239565, 0.00259237620048, 0.000821899448056, 0.000897650781553, 0.000624527281616, 0.000307128677377, 0.000764098193031, 0.000115774702863, 0.00019332341617, 0.000286854541628, 0.000222983348067, 0.000477793975733, 0.000963681668509, 0.000949162931647, 0.000517637527082, 0.000390662287828, 0.000244639959419, 0.000229261480854, 0.000209876860026, 0.000230014775298, 0.000259585794993, 0.000271232041996, 0.000103007077996, 3.10863288178e-05],
        "median": [7.59013437346e-06, 0.00119819655083, 0.00116125086788, 0.000493726809509, 0.00127674918622, 0.000205635704333, 0.000143281373312, 7.10439126124e-05, 4.2826992285e-05, 3.29547256115e-05, 2.9540138712e-05, 3.38724385074e-05, 2.96869256999e-05, 2.69639749604e-05, 3.03471315419e-05, 4.78624497191e-05, 2.57712181337e-05, 1.87152108992e-05, 2.05851592909e-05, 1.61643711181e-05, 1.588577652e-05, 2.20031724893e-05, 2.92576933134e-05, 3.73120747099e-05, 2.89907056867e-05, 9.00859686226e-06, 1.59989349413e-06],
        "min": [2.40468420435e-25, 3.21625671085e-24, 3.94111654197e-25, 5.89238469863e-25, 6.59304188275e-24, 5.5289241363e-24, 8.8957035937e-24, 1.04663729876e-23, 1.73741881209e-23, 1.5889627628e-23, 1.17655085694e-23, 3.16868291568e-23, 3.56671656937e-23, 4.15508058692e-23, 5.25923152547e-23, 3.36137386693e-23, 8.78938218307e-23, 1.00957440463e-22, 1.13543337552e-22, 1.25548639326e-22, 2.41014273133e-22, 3.12947532963e-22, 4.06200964136e-22, 5.78342984942e-22, 7.91716909864e-22, 1.31270544084e-21, 1.95440645203e-21],
        "var": [6.80818388332e-08, 7.90659396444e-05, 1.25762990137e-05, 3.11386656904e-06, 3.62374157703e-05, 2.63743754658e-06, 4.5999777285e-06, 3.4071756545e-06, 1.30848138724e-06, 8.45032627694e-06, 5.48346186235e-08, 2.35450627883e-07, 7.18500189123e-07, 2.2389038179e-07, 6.67139318011e-07, 2.14065858017e-06, 2.08491587728e-06, 5.85349823723e-07, 3.22152686749e-07, 1.37242764708e-07, 1.22962731552e-07, 1.8991046602e-07, 3.52078444621e-07, 2.99838831097e-07, 7.61833007346e-07, 1.51539367721e-07, 7.48439710208e-09]
    },
    "erbbands": {
        "dmean": [0.0855418667197, 0.774668574333, 1.58933746815, 2.24280285835, 6.1887755394, 5.70641994476, 2.1416413784, 3.1554172039, 5.07514572144, 8.26049900055, 6.11031627655, 3.02377390862, 6.38338041306, 4.51902008057, 2.81382155418, 3.97782897949, 5.63828849792, 5.8243470192, 5.17407464981, 20.0266284943, 21.4785842896, 17.1651115417, 9.27633190155, 8.68145561218, 6.47326135635, 3.92439937592, 3.56652021408, 3.05927371979, 3.01140880585, 3.07892584801, 2.83139324188, 2.33365869522, 2.18020963669, 2.3006207943, 1.38541078568, 0.490126460791, 0.146066591144, 0.0311833005399, 0.00446184584871, 0.000186586257769],
        "dmean2": [0.14420376718, 1.3818655014, 2.82710909843, 3.88810110092, 10.6431264877, 9.88556957245, 3.5066318512, 5.03974342346, 7.87873268127, 13.1207361221, 9.5320186615, 4.4517326355, 9.11387729645, 6.49358224869, 4.48176813126, 6.34093427658, 8.62245464325, 9.15117359161, 8.41456317902, 32.8804283142, 35.7152671814, 29.0650005341, 15.424241066, 14.5943546295, 10.8450107574, 6.3848118782, 5.83514308929, 4.7880396843, 4.54449510574, 4.6233124733, 4.23110532761, 3.69654369354, 3.33227157593, 3.45653152466, 2.1673309803, 0.743593871593, 0.221293658018, 0.0454796552658, 0.00627486361191, 0.000262772693532],
        "dvar": [0.0714517533779, 6.68307352066, 23.9590015411, 27.3745288849, 465.9894104, 432.166992188, 21.5452480316, 62.9048652649, 188.825088501, 671.130615234, 411.127563477, 116.222015381, 622.957458496, 541.669189453, 60.52891922, 138.822952271, 296.323913574, 241.114212036, 142.031967163, 1831.36010742, 1818.81054688, 1145.96594238, 333.071075439, 286.485809326, 193.814865112, 63.3293190002, 50.0563735962, 68.7888793945, 70.9883346558, 84.8196334839, 80.5072402954, 60.508556366, 48.6732940674, 80.0609054565, 32.5128479004, 4.12023448944, 0.421641200781, 0.0133407507092, 0.000181052935659, 2.82270917751e-07],
        "dvar2": [0.184172943234, 18.6387481689, 69.3951644897, 76.6575927734, 1281.0526123, 1208.04003906, 52.4449768066, 166.826782227, 443.342681885, 1638.0032959, 1024.37023926, 231.914398193, 1251.94958496, 1177.26855469, 143.178985596, 350.94833374, 677.241577148, 529.478759766, 356.18460083, 4927.26806641, 5041.02685547, 3253.64770508, 904.936645508, 800.537658691, 527.817810059, 162.18421936, 125.704177856, 158.68611145, 156.422515869, 187.984176636, 162.39503479, 148.927902222, 113.199264526, 183.477630615, 82.1834793091, 10.1893100739, 1.04951107502, 0.031372513622, 0.000399513490265, 6.04987860697e-07],
        "max": [2.36804771423, 29.3677940369, 64.3420257568, 78.2982940674, 392.565734863, 474.304382324, 147.673492432, 198.408569336, 273.333770752, 553.72644043, 637.740966797, 443.914306641, 971.965637207, 995.068786621, 284.10949707, 463.249511719, 608.701416016, 539.095092773, 321.755828857, 754.666992188, 1061.95056152, 611.175720215, 295.082489014, 320.934387207, 356.437408447, 203.824325562, 163.825302124, 314.728302002, 230.591186523, 304.369415283, 313.351074219, 245.094390869, 156.114135742, 183.909378052, 118.152534485, 41.7734413147, 14.2673892975, 2.12863898277, 0.287684381008, 0.0133789163083],
        "mean": [0.0805449336767, 0.805395305157, 2.29863405228, 3.29729890823, 8.11920166016, 7.42611503601, 4.55612277985, 6.97896575928, 10.6420001984, 17.0652179718, 11.990436554, 7.10750961304, 21.1422519684, 15.6607513428, 6.00688314438, 8.65006828308, 13.3748025894, 12.5972385406, 12.8791799545, 44.3467102051, 56.2169570923, 47.768497467, 28.3450527191, 25.1357898712, 18.0294857025, 11.9206352234, 10.2312726974, 7.94930696487, 7.26169872284, 6.99111461639, 6.59974336624, 5.27504730225, 4.64879226685, 3.38565063477, 1.60135376453, 0.563817918301, 0.167774483562, 0.0390681140125, 0.00585540616885, 0.000255087041296],
        "median": [0.0203377250582, 0.301822096109, 1.13185334206, 1.70036923885, 3.72281289101, 3.12543416023, 1.68018364906, 1.69709300995, 2.44979214668, 2.06297421455, 1.87824845314, 1.28703808784, 1.51210570335, 1.04731285572, 1.31252205372, 1.60394954681, 1.65172564983, 1.56990742683, 1.14936971664, 2.18382501602, 2.6477355957, 1.49817228317, 1.14204978943, 0.888552188873, 1.08088493347, 0.787535965443, 0.731346428394, 0.606121897697, 0.755308568478, 0.878968596458, 0.806228518486, 0.692075014114, 0.678331136703, 0.370907276869, 0.144057512283, 0.0497815459967, 0.014170194976, 0.00297263660468, 0.000296125363093, 4.01638390031e-05],
        "min": [7.20379637603e-23, 6.4679515937e-22, 9.97747233956e-22, 3.93617852672e-21, 9.46907251402e-21, 2.06794377656e-20, 6.03714538898e-20, 5.16162156262e-20, 1.30326764528e-19, 1.83053428121e-19, 2.76934046174e-19, 4.19989117001e-19, 4.81859435086e-19, 5.78072017457e-19, 1.10869995351e-18, 1.59871316638e-18, 2.04297812151e-18, 1.90896886522e-18, 2.25771048621e-18, 3.366859392e-18, 3.02775008244e-18, 5.42039957595e-18, 5.73716715076e-18, 5.24972450503e-18, 4.87840519601e-18, 6.30748254052e-18, 9.30025880627e-18, 8.76004451901e-18, 1.0501509517e-17, 1.17406459269e-17, 1.11876947126e-17, 9.59042383899e-18, 1.06915368919e-17, 7.70088772111e-18, 6.91751500739e-18, 4.56397564721e-18, 2.31396104262e-18, 9.99142466314e-19, 2.57965269614e-19, 2.86613526294e-20],
        "var": [0.0566375218332, 4.39440917969, 17.3686504364, 26.6542301178, 338.835327148, 310.923950195, 63.5567131042, 224.113891602, 563.1171875, 2605.81176758, 1381.37463379, 487.316345215, 7106.67822266, 5422.51660156, 141.60168457, 400.094940186, 1362.68981934, 762.410095215, 498.32635498, 4978.80615234, 6823.31445312, 4902.87304688, 1671.76000977, 1339.48620605, 710.992919922, 316.680603027, 226.499313354, 217.810852051, 213.387496948, 251.757629395, 290.454193115, 133.936096191, 106.334587097, 107.520187378, 32.9397888184, 4.49300146103, 0.428738206625, 0.0159520953894, 0.000267333554802, 4.30815106256e-07]
    },
    "gfcc": {
        "mean": [-63.649066925, 69.0489654541, -79.306350708, 42.8421669006, -39.4024047852, 14.3396320343, -43.5795822144, 4.97980642319, -18.9599571228, -4.40428733826, -17.7810745239, -1.68715894222, -11.582868576],
        "cov": [[29780.2363281, -2529.5871582, -3799.83837891, 578.168762207, -1832.57824707, -60.1184654236, -1262.47241211, 801.398803711, -443.491607666, 307.888153076, -224.474243164, -75.6134109497, -222.857513428], [-2529.5871582, 2053.22558594, 43.5941505432, -155.121200562, 310.740081787, -40.796749115, 93.0979385376, -169.587615967, 108.783615112, -191.928985596, 51.7360610962, -55.4243240356, -3.20266103745], [-3799.83837891, 43.5941505432, 1814.07910156, -133.130447388, 262.415039062, 155.973098755, 334.803588867, -218.626159668, 26.201581955, -2.76756715775, -32.4450569153, -36.9215164185, -53.3940238953], [578.168762207, -155.121200562, -133.130447388, 471.121276855, 49.0559577942, 32.244644165, -65.8465042114, -21.2027950287, -18.9746570587, -5.58031702042, -6.58129310608, 0.265301197767, 62.9778594971], [-1832.57824707, 310.740081787, 262.415039062, 49.0559577942, 509.970947266, 0.65908652544, 101.235527039, -92.1322860718, 27.1895008087, -35.3935012817, -32.045539856, 24.3769016266, 61.8474731445], [-60.1184654236, -40.796749115, 155.973098755, 32.244644165, 0.65908652544, 207.315307617, 42.2484741211, -9.9631652832, -3.92586827278, -32.8517951965, 3.49087977409, -6.85000228882, 22.6015987396], [-1262.47241211, 93.0979385376, 334.803588867, -65.8465042114, 101.235527039, 42.2484741211, 239.461349487, -36.3611755371, 9.47255992889, -22.0164546967, -16.1750354767, -3.05055451393, -10.4494781494], [801.398803711, -169.587615967, -218.626159668, -21.2027950287, -92.1322860718, -9.9631652832, -36.3611755371, 166.055984497, 7.11927461624, 26.3567657471, 1.72305011749, 0.816261351109, -4.29020023346], [-443.491607666, 108.783615112, 26.201581955, -18.9746570587, 27.1895008087, -3.92586827278, 9.47255992889, 7.11927461624, 98.7139663696, 13.1760931015, 11.48229599, -14.5544281006, -2.76249504089], [307.888153076, -191.928985596, -2.76756715775, -5.58031702042, -35.3935012817, -32.8517951965, -22.0164546967, 26.3567657471, 13.1760931015, 112.161842346, 24.9077281952, -0.740216076374, -31.4649105072], [-224.474243164, 51.7360610962, -32.4450569153, -6.58129310608, -32.045539856, 3.49087977409, -16.1750354767, 1.72305011749, 11.48229599, 24.9077281952, 90.089805603, 12.4327430725, -11.715388298], [-75.6134109497, -55.4243240356, -36.9215164185, 0.265301197767, 24.3769016266, -6.85000228882, -3.05055451393, 0.816261351109, -14.5544281006, -0.740216076374, 12.4327430725, 73.3596115112, 33.166179657], [-222.857513428, -3.20266103745, -53.3940238953, 62.9778594971, 61.8474731445, 22.6015987396, -10.4494781494, -4.29020023346, -2.76249504089, -31.4649105072, -11.715388298, 33.166179657, 93.1407928467]],
        "icov": [[8.06859388831e-05, 1.09081956907e-05, 0.000119613701827, -6.64622930344e-05, 0.000138206989504, -0.000164698649314, 0.000204830575967, -9.53769340413e-05, 0.000226872070925, -0.000178365138709, 0.000392494373955, -5.37008927495e-05, 0.000288685172563], [1.09081956907e-05, 0.00092155666789, 0.000185464843526, 0.000318072125083, -0.000500936002936, 0.000316012039548, -6.58421777189e-05, 0.000669534376357, -0.0008196925628, 0.0017758726608, -0.00108559976798, 0.000861678039655, 0.000360677368008], [0.000119613701827, 0.000185464843526, 0.00118973327335, 0.000153618268087, -0.000113390458864, -0.000852474477142, -0.000666784180794, 0.00103507132735, 8.38792329887e-05, -0.00053277175175, 0.000711606640834, 0.000240710171056, 0.000952059926931], [-6.64622930344e-05, 0.000318072125083, 0.000153618268087, 0.00278432108462, -0.000568151299376, -0.000243332571699, 0.000378366268706, 0.000886971014552, 0.000127027698909, 7.85522788647e-05, -0.000733006803785, 0.00146905786823, -0.00200805393979], [0.000138206989504, -0.000500936002936, -0.000113390458864, -0.000568151299376, 0.00332589517348, 0.000112633300887, -0.000477631285321, 0.000493172265124, -7.93134822743e-05, -0.00121912721079, 0.00195595202968, -0.00113915337715, -0.00139658572152], [-0.000164698649314, 0.000316012039548, -0.000852474477142, -0.000243332571699, 0.000112633300887, 0.00652021961287, -0.00110599410255, -0.000277393730357, -0.000433705863543, 0.00267434353009, -0.00257006939501, 0.00169265025761, -0.00253662839532], [0.000204830575967, -6.58421777189e-05, -0.000666784180794, 0.000378366268706, -0.000477631285321, -0.00110599410255, 0.00680205691606, -0.000785389274824, 0.000408577441704, 0.000476135086501, 0.00161783373915, -0.000849235337228, 0.00184110354166], [-9.53769340413e-05, 0.000669534376357, 0.00103507132735, 0.000886971014552, 0.000493172265124, -0.000277393730357, -0.000785389274824, 0.00888829678297, -0.00183341908269, -0.000631882343441, -5.17472617503e-05, 0.000518019660376, -0.000609230890404], [0.000226872070925, -0.0008196925628, 8.38792329887e-05, 0.000127027698909, -7.93134822743e-05, -0.000433705863543, 0.000408577441704, -0.00183341908269, 0.0130002368242, -0.003488288261, -5.73472898395e-05, 0.00277170352638, -0.00119087577332], [-0.000178365138709, 0.0017758726608, -0.00053277175175, 7.85522788647e-05, -0.00121912721079, 0.00267434353009, 0.000476135086501, -0.000631882343441, -0.003488288261, 0.0158194750547, -0.00553483655676, 0.000197754532564, 0.00393473170698], [0.000392494373955, -0.00108559976798, 0.000711606640834, -0.000733006803785, 0.00195595202968, -0.00257006939501, 0.00161783373915, -5.17472617503e-05, -5.73472898395e-05, -0.00553483655676, 0.0167112462223, -0.00533063570037, 0.00343798636459], [-5.37008927495e-05, 0.000861678039655, 0.000240710171056, 0.00146905786823, -0.00113915337715, 0.00169265025761, -0.000849235337228, 0.000518019660376, 0.00277170352638, 0.000197754532564, -0.00533063570037, 0.020067602396, -0.00834720302373], [0.000288685172563, 0.000360677368008, 0.000952059926931, -0.00200805393979, -0.00139658572152, -0.00253662839532, 0.00184110354166, -0.000609230890404, -0.00119087577332, 0.00393473170698, 0.00343798636459, -0.00834720302373, 0.019763180986]]
    },
    "melbands": {
        "dmean": [0.00084319896996, 0.000887192727532, 0.000458380003693, 0.000499454559758, 8.92205425771e-05, 7.33107081032e-05, 8.02387730801e-05, 8.77495549503e-05, 4.46401936642e-05, 1.91263352463e-05, 3.2601874409e-05, 1.94783806364e-05, 9.00098166312e-06, 1.09716065708e-05, 1.27737066578e-05, 1.23954623632e-05, 1.15584298328e-05, 8.42842200655e-06, 1.9166887796e-05, 3.08544149448e-05, 3.00972151308e-05, 2.2054382498e-05, 1.33750463647e-05, 1.05856370283e-05, 7.74553336669e-06, 5.39344864592e-06, 4.05659875469e-06, 2.64858226728e-06, 2.54202814176e-06, 2.28670478464e-06, 1.99788360078e-06, 1.90868331629e-06, 1.77114088729e-06, 1.92161337509e-06, 1.82301096174e-06, 1.57231374942e-06, 1.51512369939e-06, 1.48853757764e-06, 1.8484975044e-06, 2.07714947464e-06],
        "dmean2": [0.00144794001244, 0.00157350220252, 0.000788325211033, 0.000866125454195, 0.000147172395373, 0.000116302435345, 0.000124414538732, 0.000139377953019, 6.93720212439e-05, 2.82426917693e-05, 4.64841104986e-05, 2.79227078863e-05, 1.41276141221e-05, 1.76538651431e-05, 1.95654029085e-05, 1.89343754755e-05, 1.82109670277e-05, 1.38588775371e-05, 3.14419266942e-05, 5.14635430591e-05, 5.002006219e-05, 3.73370858142e-05, 2.24308059842e-05, 1.77845449798e-05, 1.30570697365e-05, 9.03745512915e-06, 6.81977098793e-06, 4.32717979493e-06, 4.17442424805e-06, 3.78162485504e-06, 3.1959611988e-06, 2.98509598906e-06, 2.72693068837e-06, 2.9653308502e-06, 2.77174376606e-06, 2.45039109359e-06, 2.4650494197e-06, 2.33624518842e-06, 2.80783251583e-06, 3.17469061883e-06],
        "dvar": [7.22852882973e-06, 7.96424501459e-06, 1.10481403226e-06, 3.66993799616e-06, 3.70029518137e-08, 3.20668114284e-08, 4.33582911796e-08, 7.42894670225e-08, 2.22112959136e-08, 4.78996353692e-09, 1.58277160267e-08, 1.06866941962e-08, 4.85810502937e-10, 1.58052204657e-09, 1.37375966158e-09, 1.64450408846e-09, 9.40490352264e-10, 4.43619752044e-10, 1.54779278283e-09, 4.18957402104e-09, 3.54477802667e-09, 1.91757387746e-09, 6.94973467663e-10, 4.4518572162e-10, 2.26167154449e-10, 1.33299274396e-10, 7.00712335377e-11, 2.95571241093e-11, 2.6653037416e-11, 2.31982853066e-11, 3.72590361342e-11, 2.69493646149e-11, 2.58800758601e-11, 3.80891776453e-11, 3.44998335455e-11, 2.50017020975e-11, 3.08448717956e-11, 2.09588717909e-11, 4.37323614821e-11, 6.91892099169e-11],
        "dvar2": [1.92004717974e-05, 2.25420826609e-05, 3.07430264002e-06, 1.01602909126e-05, 9.86603723163e-08, 8.24761983154e-08, 1.02062656993e-07, 1.83068138426e-07, 5.48458274352e-08, 9.25662391182e-09, 3.17034469788e-08, 2.29509797833e-08, 1.17497500618e-09, 4.01854949317e-09, 3.21263327052e-09, 3.32623995014e-09, 2.11646433712e-09, 1.10293296718e-09, 4.14832035389e-09, 1.14073506197e-08, 9.81024150803e-09, 5.40669375937e-09, 1.93895988154e-09, 1.22103538391e-09, 6.36079633409e-10, 3.68342467638e-10, 1.89990870259e-10, 7.54194137698e-11, 6.85726961325e-11, 6.07773484318e-11, 8.78361203216e-11, 6.22742482581e-11, 5.94686799804e-11, 8.95083659969e-11, 7.16870313111e-11, 5.57421608871e-11, 8.03882932443e-11, 5.03332028834e-11, 9.7741745253e-11, 1.62982002894e-10],
        "max": [0.0251823309809, 0.0326484590769, 0.0129296695814, 0.0394382737577, 0.00384857947938, 0.00444227037951, 0.00352026009932, 0.00552069395781, 0.0051362211816, 0.00298686721362, 0.00490317307413, 0.00431379117072, 0.000716778100468, 0.00183296832256, 0.00124550785404, 0.00202021258883, 0.00104509701487, 0.00059576012427, 0.000687611754984, 0.00156005634926, 0.0011159342248, 0.000671088695526, 0.000382986327168, 0.000362680439139, 0.00026828845148, 0.000264428759692, 0.00024940064759, 0.000140724470839, 0.000124336860608, 0.000142013683217, 0.000267476978479, 0.000119528864161, 0.000149386265548, 0.000247261516051, 0.000194382228074, 0.000179333961569, 0.000225404350203, 0.000107203151856, 0.000167613397934, 0.000194618129171],
        "mean": [0.000829278782476, 0.00119641388301, 0.000703054363839, 0.000621505838353, 0.000180836708751, 0.000164342331118, 0.000170334198629, 0.000176332046976, 8.49581410876e-05, 4.48122955277e-05, 0.00010708739137, 6.6422719101e-05, 1.77391175384e-05, 2.04806856345e-05, 2.73020286841e-05, 2.78701372736e-05, 2.25991043408e-05, 1.71773608599e-05, 3.95572133129e-05, 6.83552207192e-05, 6.82324389345e-05, 5.3895972087e-05, 3.13964046654e-05, 2.50815683103e-05, 1.98864272534e-05, 1.35666532515e-05, 1.08986050691e-05, 6.98778285368e-06, 6.34456409898e-06, 5.57403109269e-06, 4.3826653382e-06, 4.23174515163e-06, 3.77885908165e-06, 3.92951460526e-06, 3.93473828808e-06, 3.37799156114e-06, 3.1615345506e-06, 3.13718464895e-06, 3.24965822074e-06, 2.76633022622e-06],
        "median": [0.000289956020424, 0.000577838975005, 0.000408930063713, 0.000288177805487, 7.3971299571e-05, 3.96381146857e-05, 3.73790462618e-05, 1.96923574549e-05, 1.21570446936e-05, 6.60338355374e-06, 6.9594220804e-06, 3.54463054464e-06, 4.41086785941e-06, 3.13487043968e-06, 4.55324516224e-06, 2.72252259492e-06, 2.7424568998e-06, 1.50914524966e-06, 2.42536998485e-06, 3.17547915074e-06, 3.0260512176e-06, 1.41349551086e-06, 1.12570546662e-06, 8.50475203151e-07, 6.51250502415e-07, 7.77636728344e-07, 6.53547999718e-07, 4.68124540021e-07, 4.75736186445e-07, 3.48254786786e-07, 3.47772839859e-07, 4.21000521555e-07, 4.27052015084e-07, 5.12276471909e-07, 4.83226983761e-07, 4.13778565189e-07, 4.03686271966e-07, 4.75656122489e-07, 3.98214808683e-07, 2.64462045152e-07],
        "min": [1.0616457522e-24, 9.66062927576e-25, 7.20134110563e-25, 1.11134507391e-24, 1.84965892777e-24, 1.18612770722e-24, 2.0420550028e-24, 2.01289752045e-24, 2.01912794388e-24, 2.30250374155e-24, 1.92367301334e-24, 1.98234474038e-24, 2.43617286928e-24, 2.82053509016e-24, 4.96542383119e-24, 3.75938290815e-24, 3.26032879191e-24, 2.70985041097e-24, 4.76819046109e-24, 2.72127942777e-24, 3.84429984029e-24, 5.17253018996e-24, 5.61153010042e-24, 5.17114495021e-24, 3.56305751694e-24, 3.94273784835e-24, 2.92012148248e-24, 4.02753605692e-24, 4.60989684298e-24, 4.95643673333e-24, 4.81802438219e-24, 4.43780131448e-24, 5.30608986324e-24, 5.75341620056e-24, 4.79699926692e-24, 5.85308404277e-24, 5.16404480763e-24, 6.72601030478e-24, 6.22478070738e-24, 5.57595839005e-24],
        "var": [5.36566767551e-06, 5.59082991458e-06, 1.03697936993e-06, 2.51877895607e-06, 8.09781042221e-08, 1.21121303209e-07, 1.31129624492e-07, 2.63029932057e-07, 7.60399601063e-08, 2.48305553896e-08, 1.81754558071e-07, 1.08948505328e-07, 1.1927023813e-09, 2.94721358429e-09, 4.4823904588e-09, 7.4453421206e-09, 2.62561328235e-09, 1.19565191081e-09, 4.10267908535e-09, 1.1364172714e-08, 1.09074047572e-08, 6.62650734284e-09, 2.30546759461e-09, 1.46147072222e-09, 8.7905444035e-10, 4.19752232972e-10, 2.7007354686e-10, 1.19857915259e-10, 9.60712759346e-11, 7.44307740441e-11, 9.26250118272e-11, 7.33586247303e-11, 6.81961986881e-11, 9.2930711737e-11, 1.15357626229e-10, 7.07189862226e-11, 5.12959084931e-11, 4.68903249562e-11, 7.37089903002e-11, 8.39456629209e-11]
    },
    "mfcc": {
        "mean": [-709.955078125, 100.866416931, 24.636390686, 31.4343757629, 27.5040626526, 9.59683609009, -2.05343031883, 5.47975683212, 1.09891819954, 0.218226462603, -5.31951522827, 0.227359429002, 0.468125104904],
        "cov": [[20605.5566406, -2640.09960938, -2655.40576172, -126.955154419, -540.281860352, -1194.31787109, -619.005737305, -350.281707764, -154.917007446, -80.9121322632, 76.3477096558, 172.425628662, 32.4367790222], [-2640.09960938, 1927.76000977, 312.945007324, -68.3708114624, 157.677688599, 144.858703613, 55.3552246094, 101.71723175, -22.7802848816, 39.8160972595, -21.8404788971, -21.3967418671, 10.9676303864], [-2655.40576172, 312.945007324, 1179.46691895, 13.1197032928, 17.9810256958, 284.969726562, 146.444625854, 45.7384033203, -1.89673984051, 67.3273773193, 41.9351844788, -42.4964790344, -32.843662262], [-126.955154419, -68.3708114624, 13.1197032928, 348.515075684, 120.113990784, 88.9596481323, 23.8286304474, -15.4130115509, 37.0435295105, -26.1829719543, -30.844543457, -14.1700468063, 5.92908859253], [-540.281860352, 157.677688599, 17.9810256958, 120.113990784, 298.930358887, 100.739303589, 27.2265853882, 7.87304496765, 50.2650146484, -26.5514583588, -49.9262161255, -8.8209066391, 20.020658493], [-1194.31787109, 144.858703613, 284.969726562, 88.9596481323, 100.739303589, 272.030761719, 97.5085678101, 31.245262146, 40.6244277954, -2.71708321571, -29.0501556396, -23.2422657013, 1.01360094547], [-619.005737305, 55.3552246094, 146.444625854, 23.8286304474, 27.2265853882, 97.5085678101, 144.829986572, 50.4760932922, 23.4787597656, 0.339478284121, 1.34952056408, -13.2349777222, -8.93352031708], [-350.281707764, 101.71723175, 45.7384033203, -15.4130115509, 7.87304496765, 31.245262146, 50.4760932922, 114.572944641, 40.1537857056, 2.6448469162, -26.8451137543, -12.6670789719, -5.62618112564], [-154.917007446, -22.7802848816, -1.89673984051, 37.0435295105, 50.2650146484, 40.6244277954, 23.4787597656, 40.1537857056, 115.201507568, 7.79106855392, -24.419588089, -20.0040225983, 0.543356657028], [-80.9121322632, 39.8160972595, 67.3273773193, -26.1829719543, -26.5514583588, -2.71708321571, 0.339478284121, 2.6448469162, 7.79106855392, 95.9446487427, 47.0392341614, -1.32604146004, -13.3097305298], [76.3477096558, -21.8404788971, 41.9351844788, -30.844543457, -49.9262161255, -29.0501556396, 1.34952056408, -26.8451137543, -24.419588089, 47.0392341614, 101.683319092, 29.4527549744, -10.135518074], [172.425628662, -21.3967418671, -42.4964790344, -14.1700468063, -8.8209066391, -23.2422657013, -13.2349777222, -12.6670789719, -20.0040225983, -1.32604146004, 29.4527549744, 69.6004562378, 28.774061203], [32.4367790222, 10.9676303864, -32.843662262, 5.92908859253, 20.020658493, 1.01360094547, -8.93352031708, -5.62618112564, 0.543356657028, -13.3097305298, -10.135518074, 28.774061203, 79.4907684326]],
