{
"lowlevel": {
    "average_loudness": 0.916387438774,
    "barkbands_crest": {
        "dmean": 3.04006671906,
        "dmean2": 4.80700016022,
        "dvar": 8.03600311279,
        "dvar2": 19.4928283691,
        "max": 25.4160480499,
        "mean": 11.5483074188,
        "median": 10.4227352142,
        "min": 2.46938037872,
        "var": 32.2480125427
    },
    "barkbands_flatness_db": {
        "dmean": 0.029685465619,
        "dmean2": 0.043496388942,
        "dvar": 0.00112526328303,
        "dvar2": 0.00214377208613,
        "max": 0.496937632561,
        "mean": 0.170497938991,
        "median": 0.146291583776,
        "min": 0.0230331346393,
        "var": 0.00734431389719
    },
    "barkbands_kurtosis": {
        "dmean": 12.9970254898,
        "dmean2": 20.1015415192,
        "dvar": 912.621582031,
        "dvar2": 1985.7454834,
        "max": 501.180450439,
        "mean": 23.1733436584,
        "median": 1.05447816849,
        "min": -1.8620557785,
        "var": 3150.34863281
    },
    "barkbands_skewness": {
        "dmean": 1.08884775639,
        "dmean2": 1.59609818459,
        "dvar": 1.96328902245,
        "dvar2": 4.09681415558,
        "max": 17.8142375946,
        "mean": 2.13086128235,
        "median": 0.887368142605,
        "min": -3.72097063065,
        "var": 12.2473573685
    },
    "barkbands_spread": {
        "dmean": 7.12226009369,
        "dmean2": 11.0567045212,
        "dvar": 82.2860946655,
        "dvar2": 181.628250122,
        "max": 127.610824585,
        "mean": 22.3548622131,
        "median": 20.6883182526,
        "min": 0.189151734114,
        "var": 259.22265625
    },
    "dissonance": {
        "dmean": 0.0113217141479,
        "dmean2": 0.0189784895629,
        "dvar": 0.000156735652126,
        "dvar2": 0.00042388230213,
        "max": 0.5,
        "mean": 0.47921654582,
        "median": 0.484310090542,
        "min": 0.332682728767,
        "var": 0.000320535647916
    },
    "dynamic_complexity": 5.38680362701,
    "erbbands_crest": {
        "dmean": 2.86857390404,
        "dmean2": 4.66481256485,
        "dvar": 7.38755702972,
        "dvar2": 18.0667591095,
        "max": 30.2000808716,
        "mean": 10.0565662384,
        "median": 8.73246002197,
        "min": 2.54139256477,
        "var": 22.5569458008
    },
    "erbbands_flatness_db": {
        "dmean": 0.0198717545718,
        "dmean2": 0.029330778867,
        "dvar": 0.000379099947168,
        "dvar2": 0.000741683528759,
        "max": 0.342871755362,
        "mean": 0.178290694952,
        "median": 0.177310153842,
        "min": 0.0309457387775,
        "var": 0.00273578497581
    },
    "erbbands_kurtosis": {
        "dmean": 1.86669898033,
        "dmean2": 2.85931444168,
        "dvar": 19.262348175,
        "dvar2": 40.0076942444,
        "max": 150.645828247,
        "mean": 1.87608599663,
        "median": 0.276366233826,
        "min": -1.86963403225,
        "var": 41.6658859253
    },
    "erbbands_skewness": {
        "dmean": 0.526009500027,
        "dmean2": 0.772929430008,
        "dvar": 0.354647159576,
        "dvar2": 0.674840927124,
        "max": 10.9528827667,
        "mean": -0.0941202193499,
        "median": -0.399479091167,
        "min": -3.6444170475,
        "var": 2.05962705612
    },
    "erbbands_spread": {
        "dmean": 11.6934766769,
        "dmean2": 17.7415180206,
        "dvar": 216.968673706,
        "dvar2": 457.848358154,
        "max": 150.386703491,
        "mean": 40.5712814331,
        "median": 31.7606678009,
        "min": 2.44736075401,
        "var": 792.827514648
    },
    "hfc": {
        "dmean": 5.01150989532,
        "dmean2": 7.06592798233,
        "dvar": 71.2677612305,
        "dvar2": 139.647583008,
        "max": 91.7672729492,
        "mean": 14.1030292511,
        "median": 4.56380558014,
        "min": 1.10278322985e-16,
        "var": 329.556793213
    },
    "melbands_crest": {
        "dmean": 3.74248528481,
        "dmean2": 6.19065332413,
        "dvar": 13.0671281815,
        "dvar2": 32.6679229736,
        "max": 33.9014129639,
        "mean": 15.6566123962,
        "median": 15.6639680862,
        "min": 1.60576605797,
        "var": 51.620059967
    },
    "melbands_flatness_db": {
        "dmean": 0.0379160754383,
        "dmean2": 0.0538075268269,
        "dvar": 0.00188870052807,
        "dvar2": 0.00343597098254,
        "max": 0.642423868179,
        "mean": 0.220948949456,
        "median": 0.182421252131,
        "min": 0.00364393671043,
        "var": 0.0150850890204
    },
    "melbands_kurtosis": {
        "dmean": 30.2037239075,
        "dmean2": 47.7189331055,
        "dvar": 3616.53637695,
        "dvar2": 8783.171875,
        "max": 677.276245117,
        "mean": 54.5430412292,
        "median": 4.72238445282,
        "min": -1.76836800575,
        "var": 10057.8896484
    },
    "melbands_skewness": {
        "dmean": 1.48729348183,
        "dmean2": 2.23269438744,
        "dvar": 3.84099006653,
        "dvar2": 8.35959911346,
        "max": 19.5605564117,
        "mean": 3.83774065971,
        "median": 2.21953034401,
        "min": -2.09131145477,
        "var": 18.3885192871
    },
    "melbands_spread": {
        "dmean": 10.5573415756,
        "dmean2": 16.1537075043,
        "dvar": 193.828536987,
        "dvar2": 398.067810059,
        "max": 168.260131836,
        "mean": 34.8992424011,
        "median": 29.6905860901,
        "min": 0.277134805918,
        "var": 937.158203125
    },
    "pitch_salience": {
        "dmean": 0.0919445157051,
        "dmean2": 0.149873718619,
        "dvar": 0.00911772251129,
        "dvar2": 0.0229166578501,
        "max": 0.935106992722,
        "mean": 0.487517386675,
        "median": 0.494264632463,
        "min": 0.0628984123468,
        "var": 0.029276125133
    },
    "silence_rate_20dB": {
        "dmean": 0,
        "dmean2": 0,
        "dvar": 0,
        "dvar2": 0,
        "max": 1,
        "mean": 1,
        "median": 1,
        "min": 1,
        "var": 0
    },
    "silence_rate_30dB": {
        "dmean": 0,
        "dmean2": 0,
        "dvar": 0,
        "dvar2": 0,
        "max": 1,
        "mean": 1,
        "median": 1,
        "min": 1,
        "var": 0
    },
    "silence_rate_60dB": {
        "dmean": 0.0798969045281,
        "dmean2": 0.15982323885,
        "dvar": 0.0735100954771,
        "dvar2": 0.151966020465,
        "max": 1,
        "mean": 0.265415042639,
        "median": 0,
        "min": 0,
        "var": 0.194964513183
    },
    "spectral_centroid": {
        "dmean": 336.48147583,
        "dmean2": 499.004699707,
        "dvar": 184247.078125,
        "dvar2": 361724.09375,
        "max": 11430.5673828,
        "mean": 1900.90710449,
        "median": 2049.48681641,
        "min": 126.752853394,
        "var": 1421376.875
    },
    "spectral_complexity": {
        "dmean": 3.41310739517,
        "dmean2": 4.89780902863,
        "dvar": 32.7032623291,
        "dvar2": 59.3199806213,
        "max": 54,
        "mean": 12.157371521,
        "median": 7,
        "min": 0,
        "var": 148.126586914
    },
    "spectral_decrease": {
        "dmean": 1.09906905799e-09,
        "dmean2": 1.68525815525e-09,
        "dvar": 2.9899626109e-18,
        "dvar2": 7.06145890963e-18,
        "max": 3.49501107013e-28,
        "mean": -2.85252887977e-09,
        "median": -2.53071674727e-09,
        "min": -1.77547807567e-08,
        "var": 6.48643148551e-18
    },
    "spectral_energy": {
        "dmean": 0.00449898187071,
        "dmean2": 0.00684128003195,
        "dvar": 4.4974622142e-05,
        "dvar2": 0.000105063445517,
        "max": 0.0688611343503,
        "mean": 0.0120452512056,
        "median": 0.0108999023214,
        "min": 1.01326240383e-20,
        "var": 0.000108237167296
    },
    "spectral_energyband_high": {
        "dmean": 0.000318281439831,
        "dmean2": 0.000470648141345,
        "dvar": 4.78286722227e-07,
        "dvar2": 1.03400452645e-06,
        "max": 0.0129237994552,
        "mean": 0.000603861408308,
        "median": 0.000139672541991,
        "min": 7.27642350529e-21,
        "var": 1.08167841972e-06
    },
    "spectral_energyband_low": {
        "dmean": 0.00314449798316,
        "dmean2": 0.00504585215822,
        "dvar": 4.44277648057e-05,
        "dvar2": 0.000109861379315,
        "max": 0.0672137066722,
        "mean": 0.00545252393931,
        "median": 0.0013686963357,
        "min": 1.59952624141e-23,
        "var": 7.31412874302e-05
    },
    "spectral_energyband_middle_high": {
        "dmean": 0.00153738004155,
        "dmean2": 0.0021845868323,
        "dvar": 6.61844751448e-06,
        "dvar2": 1.31896276798e-05,
        "max": 0.0318945199251,
        "mean": 0.0043211071752,
        "median": 0.000853183155414,
        "min": 1.29439407334e-21,
        "var": 3.49447545887e-05
    },
    "spectral_energyband_middle_low": {
        "dmean": 0.00105429627001,
        "dmean2": 0.00168565753847,
        "dvar": 3.57312978849e-06,
        "dvar2": 8.22273796075e-06,
        "max": 0.032104935497,
        "mean": 0.00236094649881,
        "median": 0.00143706053495,
        "min": 1.81558987909e-22,
        "var": 9.88162719295e-06
    },
    "spectral_entropy": {
        "dmean": 0.21307580173,
        "dmean2": 0.311398476362,
        "dvar": 0.0599621534348,
        "dvar2": 0.111920788884,
        "max": 9.81296825409,
        "mean": 7.40518283844,
        "median": 7.52625370026,
        "min": 4.36990976334,
        "var": 0.34256529808
    },
    "spectral_flux": {
        "dmean": 0.0201345849782,
        "dmean2": 0.0311172250658,
        "dvar": 0.000546200608369,
        "dvar2": 0.00118208595086,
        "max": 0.227245807648,
        "mean": 0.0557477101684,
        "median": 0.05077438429,
        "min": 6.47966680312e-11,
        "var": 0.00140987755731
    },
    "spectral_kurtosis": {
        "dmean": 1.89700758457,
        "dmean2": 3.17014050484,
        "dvar": 4.52488708496,
        "dvar2": 11.6608495712,
        "max": 27.6548995972,
        "mean": 4.79264354706,
        "median": 4.21660470963,
        "min": -1.25331890583,
        "var": 9.25196456909
    },
    "spectral_rms": {
        "dmean": 0.000636196753476,
        "dmean2": 0.000927386106923,
        "dvar": 6.54388941257e-07,
        "dvar2": 1.31635840717e-06,
        "max": 0.00819643773139,
        "mean": 0.00300261355005,
        "median": 0.00326098920777,
        "min": 3.14411929651e-12,
        "var": 2.73580803878e-06
    },
    "spectral_rolloff": {
        "dmean": 532.917419434,
        "dmean2": 882.619873047,
        "dvar": 829846.0625,
        "dvar2": 1777376.625,
        "max": 19595.2148438,
        "mean": 2059.25878906,
        "median": 2024.12109375,
        "min": 64.599609375,
        "var": 4467286
    },
    "spectral_skewness": {
        "dmean": 0.26108315587,
        "dmean2": 0.416155606508,
        "dvar": 0.0750207602978,
        "dvar2": 0.167199462652,
        "max": 4.27889251709,
        "mean": 1.25700855255,
        "median": 1.16462540627,
        "min": -0.0499978177249,
        "var": 0.243454530835
    },
    "spectral_spread": {
        "dmean": 479214.3125,
        "dmean2": 729652.25,
        "dvar": 635235336192,
        "dvar2": 1.24204875776e+12,
        "max": 42875064,
        "mean": 4086053.75,
        "median": 3564325.75,
        "min": 1498979.625,
        "var": 8.7222166487e+12
    },
    "spectral_strongpeak": {
        "dmean": 0.677033126354,
        "dmean2": 1.11249434948,
        "dvar": 1.70471441746,
        "dvar2": 4.20921468735,
        "max": 14.8695898056,
        "mean": 1.23114418983,
        "median": 0.397925317287,
        "min": 0,
        "var": 3.92737340927
    },
    "zerocrossingrate": {
        "dmean": 0.0117012215778,
        "dmean2": 0.0130246393383,
        "dvar": 0.000164730648976,
        "dvar2": 0.000191652259673,
        "max": 0.54296875,
        "mean": 0.0699853599072,
        "median": 0.06787109375,
        "min": 0.00341796875,
        "var": 0.00293928687461
    },
    "barkbands": {
        "dmean": [5.74939031139e-06, 0.00163561606314, 0.00174060754944, 0.000544242793694, 0.000263376772637, 0.000128838990349, 0.000111183828267, 8.12833823147e-05, 0.000215226624277, 0.000157046699314, 0.000137805502163, 0.000112090463517, 0.000188297737623, 0.000311159121338, 0.000222319678869, 0.000281939166598, 0.000263087451458, 0.000526813440956, 0.000260893604718, 0.000273803394521, 0.000124646627228, 5.10067839059e-05, 2.97614678857e-05, 1.18543221106e-05, 4.05200808018e-06, 1.95989537133e-06, 3.36076112717e-07],
        "dmean2": [8.98022244655e-06, 0.00257442193106, 0.0029731343966, 0.000845166156068, 0.000464629702037, 0.000205035888939, 0.00018226361135, 0.00013254469377, 0.000329685688484, 0.000247089628829, 0.000215965148527, 0.000181585666724, 0.000288066919893, 0.000472453597467, 0.000335433520377, 0.000446443038527, 0.000403096055379, 0.000843346584588, 0.000399033422582, 0.000424230267527, 0.000184453339898, 7.64410942793e-05, 4.51633823104e-05, 1.79072758328e-05, 6.07721267443e-06, 2.9442549021e-06, 5.33319450824e-07],
        "dvar": [1.89424431696e-09, 1.65608144016e-05, 1.50292617036e-05, 1.69250881754e-06, 5.43299279343e-07, 7.31348563932e-08, 1.0694537167e-07, 7.51956932277e-08, 6.03381749897e-07, 2.49323505841e-07, 1.63721011859e-07, 1.81219817819e-07, 3.26569420395e-07, 8.24617814033e-07, 5.56293855425e-07, 4.70509121442e-07, 2.84381144411e-07, 1.35357618092e-06, 2.9885725894e-07, 3.79355611813e-07, 7.31860154701e-08, 1.81587367365e-08, 5.35198863005e-09, 8.20105983124e-10, 7.45817713144e-11, 1.89162192854e-11, 6.70526459877e-13],
        "dvar2": [3.91879462214e-09, 3.95629795094e-05, 4.08945452364e-05, 3.36222296937e-06, 1.48417257151e-06, 1.76832145371e-07, 2.50407993008e-07, 1.76345821501e-07, 1.33478556563e-06, 5.84212330068e-07, 3.6830266481e-07, 4.72888928016e-07, 6.78855656133e-07, 1.8167829694e-06, 1.24573682569e-06, 1.09619850264e-06, 6.59133775116e-07, 3.39217217515e-06, 6.76310492054e-07, 9.29905809244e-07, 1.50334756199e-07, 4.33694005153e-08, 1.11862297203e-08, 1.94034144307e-09, 1.62260233028e-10, 3.92864213383e-11, 1.67851182172e-12],
        "max": [0.00192156992853, 0.0428324118257, 0.0423619449139, 0.0305561386049, 0.01137029659, 0.00650857714936, 0.00963188149035, 0.00552105158567, 0.0208808127791, 0.0115230521187, 0.0171071887016, 0.0176958404481, 0.0135524300858, 0.0203602742404, 0.0179450828582, 0.0207729879767, 0.00783837214112, 0.0163597334176, 0.00798247009516, 0.00873197242618, 0.00403102533892, 0.00417908094823, 0.00167354010046, 0.0009208835545, 0.000229919940466, 7.069894491e-05, 1.26577360788e-05],
        "mean": [5.85570978728e-06, 0.00213443790562, 0.00267871958204, 0.00105972238816, 0.000344317319104, 0.000241289249971, 0.000183659954928, 0.000104062986793, 0.000356164411642, 0.000242011999944, 0.000197720466531, 0.000159868242918, 0.000298340746667, 0.000535009836312, 0.000350441172486, 0.000514910730999, 0.00047919905046, 0.000846792943776, 0.000432907458162, 0.000472804356832, 0.000245096685831, 8.58657149365e-05, 4.9290170864e-05, 1.73113821802e-05, 6.00995599598e-06, 2.91319315693e-06, 5.70222823626e-07],
        "median": [6.37147024918e-07, 0.000362801249139, 0.000423926481744, 0.000173395965248, 0.000131359731313, 7.12828332325e-05, 2.71703556791e-05, 1.55413981702e-05, 3.23251333612e-05, 2.51337314694e-05, 2.05145151995e-05, 1.72963627847e-05, 2.97757687804e-05, 2.94190940622e-05, 2.53414509643e-05, 4.79918890051e-05, 5.21595611644e-05, 9.64403370745e-05, 5.67974821024e-05, 6.88566506142e-05, 4.012899808e-05, 1.64205757756e-05, 8.0173031165e-06, 3.97538906327e-06, 1.51894141709e-06, 8.90900764716e-07, 2.33028913499e-07],
        "min": [1.65969412204e-24, 2.25895960566e-24, 2.15740973854e-24, 3.19159987718e-24, 1.57960529474e-23, 1.16798256533e-23, 9.82906646181e-24, 9.24789685572e-24, 1.53443259495e-23, 1.77490737558e-23, 7.48830789674e-24, 4.8492226477e-23, 2.81136048006e-23, 3.56899290639e-23, 6.9425048183e-23, 6.52289203232e-23, 1.2265925009e-22, 1.21222425148e-22, 2.00054822641e-22, 1.98491047892e-22, 3.18047714352e-22, 3.61832826741e-22, 4.0111340452e-22, 5.81693308761e-22, 9.80096540621e-22, 1.35526586245e-21, 1.93635145801e-21],
        "var": [2.2206394501e-09, 2.10305097426e-05, 2.6486990464e-05, 6.11514178672e-06, 6.22980735443e-07, 2.11769943803e-07, 3.10608299969e-07, 9.36063528911e-08, 1.41749399063e-06, 5.04502111198e-07, 3.55905058314e-07, 1.98924126948e-07, 8.009621979e-07, 2.34702292801e-06, 1.2382171235e-06, 1.38357665946e-06, 7.68690995301e-07, 2.53999019151e-06, 5.97485325216e-07, 9.89961904452e-07, 2.12022683854e-07, 3.32029514993e-08, 1.24651560185e-08, 1.18033105512e-09, 1.218046497e-10, 2.8203864591e-11, 1.07747155382e-12]
    },
    "erbbands": {
        "dmean": [0.0210135933012, 0.459516912699, 1.87913167477, 1.84085607529, 1.23120713234, 0.808930754662, 1.003267169, 1.08081912994, 1.48708081245, 1.42067837715, 2.46579313278, 5.33563709259, 4.69218349457, 5.14383602142, 4.90467023849, 4.75628566742, 9.48278045654, 13.6735391617, 11.7435970306, 10.2418575287, 15.7371091843, 14.7291898727, 21.2884635925, 19.6686248779, 14.0759677887, 13.3247623444, 6.98177671432, 3.61752986908, 1.80273926258, 1.44901108742, 0.665751993656, 0.346179783344, 0.144993379712, 0.0579078197479, 0.0231136418879, 0.00918109714985, 0.00391768617555, 0.000579137005843, 6.7757020588e-05, 7.60229568186e-06],
        "dmean2": [0.0328830517828, 0.729544818401, 3.24157643318, 2.85003256798, 2.0193157196, 1.41639733315, 1.648239851, 1.72311639786, 2.38698887825, 2.34294748306, 3.97161793709, 8.0269203186, 7.38603162766, 8.13948726654, 7.45778226852, 7.61599302292, 14.364695549, 20.8847084045, 17.2207164764, 15.4752731323, 24.531414032, 22.1037845612, 33.8337249756, 30.5884532928, 21.5492668152, 20.4912109375, 10.53997612, 5.31412029266, 2.65064716339, 2.16308784485, 1.00543069839, 0.527351915836, 0.216209739447, 0.0865457952023, 0.0351383239031, 0.013876167126, 0.00591896334663, 0.000879856816027, 0.000107746520371, 1.14877975648e-05],
        "dvar": [0.00321427173913, 1.2789645195, 17.859495163, 13.6553297043, 11.0563573837, 4.36226654053, 4.33868455887, 6.5652513504, 24.2374153137, 9.36221408844, 63.4881439209, 479.423370361, 274.509857178, 223.248779297, 194.964050293, 416.914215088, 825.547119141, 1666.47961426, 1436.95300293, 969.736572266, 1601.04846191, 965.886962891, 1913.10534668, 1644.36804199, 869.359741211, 966.098937988, 233.179397583, 64.5424880981, 24.9476795197, 13.6697092056, 2.38573217392, 0.909576177597, 0.0837957113981, 0.0157272201031, 0.00211695139296, 0.000355297903297, 8.40454813442e-05, 1.66512916167e-06, 2.65891735296e-08, 1.28486776774e-10],
        "dvar2": [0.00791102647781, 3.07816696167, 50.4073143005, 29.2466678619, 25.3945465088, 12.3257036209, 11.1475610733, 15.5730438232, 55.5170097351, 23.5648078918, 150.111450195, 1049.47033691, 661.2421875, 531.425537109, 404.040771484, 1103.15820312, 1708.63671875, 3788.43530273, 3189.86816406, 2065.87548828, 3760.34765625, 2150.28320312, 4696.30371094, 3882.23706055, 2027.83166504, 2245.89672852, 510.711090088, 134.731109619, 59.312713623, 29.1607112885, 5.22329378128, 2.28700351715, 0.177541926503, 0.0334135778248, 0.00461922539398, 0.000741627358366, 0.000175399705768, 3.58471606887e-06, 6.69907080919e-08, 3.0111932392e-10],
        "max": [1.02179634571, 12.2378129959, 41.9847679138, 55.0106430054, 71.214553833, 36.712223053, 33.4257316589, 83.1078033447, 166.039230347, 77.4896469116, 156.493026733, 620.428833008, 426.116241455, 377.425567627, 653.838195801, 870.523925781, 753.006164551, 1155.85058594, 1100.21557617, 1039.05859375, 1421.61486816, 473.037017822, 577.115844727, 685.438964844, 447.031158447, 494.988830566, 224.502334595, 91.7081604004, 178.105133057, 81.7348937988, 33.7728385925, 35.2820091248, 5.05650186539, 3.23852872849, 0.722320616245, 0.255324333906, 0.151511237025, 0.0200908482075, 0.00269716256298, 0.000165543548064],
        "mean": [0.0260601136833, 0.622229456902, 2.72914552689, 3.73910093307, 2.12222599983, 1.04474496841, 1.5102802515, 1.9404579401, 2.56966662407, 2.19034814835, 3.51537418365, 8.42787075043, 7.11019659042, 8.31509208679, 7.80335617065, 7.50132989883, 16.0396137238, 25.3131561279, 20.013343811, 18.3502216339, 30.8883209229, 29.6578540802, 36.1473236084, 34.9474754333, 25.6519508362, 22.6635780334, 13.3250999451, 6.46051549911, 3.11973452568, 2.43257689476, 1.10448014736, 0.51420879364, 0.215331196785, 0.0854802951217, 0.0342870876193, 0.0138668324798, 0.00553180417046, 0.000926840933971, 0.000119239273772, 1.95110897039e-05],
        "median": [0.00540928356349, 0.124867260456, 0.567841649055, 0.782619953156, 0.581548333168, 0.421975076199, 0.520569860935, 0.575121700764, 0.47919511795, 0.462878704071, 0.580413222313, 0.825002551079, 0.931280851364, 1.11680114269, 1.08123528957, 1.1777163744, 1.62219643593, 1.77402079105, 1.35080015659, 2.42237329483, 2.75720787048, 3.33787536621, 4.97490167618, 4.1009478569, 3.01164269447, 3.75121545792, 2.19314861298, 1.18636333942, 0.644433617592, 0.348232984543, 0.198830783367, 0.115713313222, 0.0496314093471, 0.0207017473876, 0.00922033749521, 0.00423721037805, 0.00168025738094, 0.00030065869214, 5.29613389517e-05, 1.56628993864e-05],
        "min": [6.83475083626e-23, 7.30489338177e-22, 3.30801583279e-21, 1.21769637637e-20, 2.11201036967e-20, 4.91262533484e-20, 4.2375868245e-20, 9.60038291262e-20, 1.19386215253e-19, 2.60847994049e-19, 4.34590043885e-19, 3.30349389326e-19, 5.1223598872e-19, 1.05631894801e-18, 7.28038828537e-19, 1.97080164998e-18, 1.26402172508e-18, 2.37147821933e-18, 3.1851840597e-18, 4.63020014064e-18, 5.71295309269e-18, 6.64872763042e-18, 5.91777087057e-18, 8.17994275542e-18, 1.05009255275e-17, 8.56787640064e-18, 9.89991925544e-18, 1.30975215709e-17, 1.27204976108e-17, 1.19512155052e-17, 1.05730432692e-17, 1.09366999906e-17, 1.04835092397e-17, 9.17316002361e-18, 7.13734032312e-18, 4.51306309409e-18, 2.6572763588e-18, 1.06721663899e-18, 2.37048069121e-19, 2.77803632718e-20],
        "var": [0.00336968502961, 1.64210057259, 24.4527950287, 41.5497360229, 28.0879402161, 4.10762834549, 6.65581703186, 17.4846630096, 73.7145690918, 18.8636188507, 88.5649108887, 1060.60754395, 438.410125732, 447.406860352, 427.017730713, 442.330474854, 2087.04541016, 5057.1796875, 3313.48803711, 2363.88647461, 5276.95947266, 3051.57226562, 3822.05957031, 3955.44970703, 2296.0637207, 1960.16882324, 656.885681152, 140.794647217, 43.0100402832, 30.9886264801, 5.26184225082, 1.1471350193, 0.160219356418, 0.026837207377, 0.00358702940866, 0.000579717510846, 0.000116017865366, 2.74567446468e-06, 4.1898331915e-08, 3.37661232308e-10]
    },
    "gfcc": {
        "mean": [-102.808303833, 71.9517211914, -122.512893677, 54.5688514709, -36.5937805176, 3.70506596565, -23.736032486, 5.48428201675, -24.5345115662, -3.54516673088, -16.8618888855, -3.26194381714, -15.0212965012],
        "cov": [[21235.1386719, 529.328125, -4249.77880859, 464.622192383, -878.360717773, -105.158828735, -218.272506714, 48.7831954956, 60.6989936829, 108.273048401, -99.0890426636, 13.6403055191, -60.626033783], [529.328125, 1125.0567627, 375.085601807, 97.3567657471, 334.502441406, -7.32894325256, 71.1352386475, -70.3191299438, 17.274805069, -104.544586182, -47.8331298828, -109.055732727, -52.9693260193], [-4249.77880859, 375.085601807, 2784.17504883, 708.039489746, 490.359954834, 407.172180176, 27.2467689514, 17.9128417969, 6.22309780121, -69.8380737305, -102.967727661, -200.221969604, -85.6780166626], [464.622192383, 97.3567657471, 708.039489746, 664.006591797, 209.079177856, 111.071540833, 30.4273166656, 8.73872661591, 1.5862197876, -50.4808998108, -77.781539917, -58.06092453, -17.6271839142], [-878.360717773, 334.502441406, 490.359954834, 209.079177856, 410.694854736, 78.3436965942, 88.4710388184, -10.371096611, 4.92796897888, -76.0779724121, -47.4632263184, -45.5917778015, -10.2840623856], [-105.158828735, -7.32894325256, 407.172180176, 111.071540833, 78.3436965942, 402.501647949, 70.1318359375, 60.881023407, 73.7962799072, 39.6356277466, -8.95542430878, -96.0780792236, -64.9679641724], [-218.272506714, 71.1352386475, 27.2467689514, 30.4273166656, 88.4710388184, 70.1318359375, 173.908416748, 14.921544075, -17.1791782379, -17.6050281525, -11.2041349411, -10.0442342758, -11.7077388763], [48.7831954956, -70.3191299438, 17.9128417969, 8.73872661591, -10.371096611, 60.881023407, 14.921544075, 116.742950439, 64.0980911255, 17.0476970673, -4.54467630386, -6.26394224167, 0.981448352337], [60.6989936829, 17.274805069, 6.22309780121, 1.5862197876, 4.92796897888, 73.7962799072, -17.1791782379, 64.0980911255, 148.418151855, 43.0236549377, -7.2912478447, -30.7291202545, 2.91084885597], [108.273048401, -104.544586182, -69.8380737305, -50.4808998108, -76.0779724121, 39.6356277466, -17.6050281525, 17.0476970673, 43.0236549377, 113.372276306, 50.6638031006, -0.244077727199, -5.99333143234], [-99.0890426636, -47.8331298828, -102.967727661, -77.781539917, -47.4632263184, -8.95542430878, -11.2041349411, -4.54467630386, -7.2912478447, 50.6638031006, 129.461791992, 57.3996620178, -8.58077907562], [13.6403055191, -109.055732727, -200.221969604, -58.06092453, -45.5917778015, -96.0780792236, -10.0442342758, -6.26394224167, -30.7291202545, -0.244077727199, 57.3996620178, 118.444038391, 40.0767250061], [-60.626033783, -52.9693260193, -85.6780166626, -17.6271839142, -10.2840623856, -64.9679641724, -11.7077388763, 0.981448352337, 2.91084885597, -5.99333143234, -8.58077907562, 40.0767250061, 76.1905212402]],
        "icov": [[0.000219231384108, -0.000472366577014, 0.000581095984671, -0.000781364564318, 0.000490342499688, -0.000532928737812, 0.000550293654669, -0.000376118696295, 0.000504403782543, -0.000352412986103, 0.000424134923378, -0.000194719876163, 0.000123087578686], [-0.000472366577014, 0.00255652982742, -0.00130032689776, 0.00185746164061, -0.0020390606951, 0.00181437004358, -0.00159534509294, 0.00178512849379, -0.00210792105645, 0.00191337533761, -0.0017287528608, 0.00192788452841, 0.000394990318455], [0.000581095984671, -0.00130032689776, 0.0022129197605, -0.00253049866296, 0.000769485952333, -0.00191224052105, 0.00200390000828, -0.00120712327771, 0.00185590295587, -0.000966458930634, 0.000969113782048, 2.74951707979e-05, 0.000205922246096], [-0.000781364564318, 0.00185746164061, -0.00253049866296, 0.00506701134145, -0.00240772636607, 0.00184075196739, -0.0019330449868, 0.00133300083689, -0.00182092515752, 0.00130984559655, -0.000509294855874, 0.000294696132187, -0.000113065187179], [0.000490342499688, -0.0020390606951, 0.000769485952333, -0.00240772636607, 0.00604975037277, -0.00148731842637, -0.000623118772637, -0.000232309932471, 0.000132883084007, 0.00115803838708, 0.000731151667424, -0.000855447200593, -0.000645248626824], [-0.000532928737812, 0.00181437004358, -0.00191224052105, 0.00184075196739, -0.00148731842637, 0.00616674683988, -0.00327096646652, 0.000211199934711, -0.00299708871171, 0.000324470136547, -0.0021260350477, 0.00317778880708, 0.00189419393428], [0.000550293654669, -0.00159534509294, 0.00200390000828, -0.0019330449868, -0.000623118772637, -0.00327096646652, 0.00934379454702, -0.0029532329645, 0.00411601504311, -0.00140431628097, 0.00191919715144, -0.00134731456637, 0.00039266370004], [-0.000376118696295, 0.00178512849379, -0.00120712327771, 0.00133300083689, -0.000232309932471, 0.000211199934711, -0.0029532329645, 0.0137068033218, -0.0071734865196, 0.00202754884958, -0.000419268850237, -0.000886869500391, 0.000263935799012], [0.000504403782543, -0.00210792105645, 0.00185590295587, -0.00182092515752, 0.000132883084007, -0.00299708871171, 0.00411601504311, -0.0071734865196, 0.0138090075925, -0.0055918013677, 0.00219280109741, 0.00121340609621, -0.00256992923096], [-0.000352412986103, 0.00191337533761, -0.000966458930634, 0.00130984559655, 0.00115803838708, 0.000324470136547, -0.00140431628097, 0.00202754884958, -0.0055918013677, 0.0167070999742, -0.0080355014652, 0.0044039352797, -0.00123651197646], [0.000424134923378, -0.0017287528608, 0.000969113782048, -0.000509294855874, 0.000731151667424, -0.0021260350477, 0.00191919715144, -0.000419268850237, 0.00219280109741, -0.0080355014652, 0.0166560262442, -0.0109783876687, 0.00562839303166], [-0.000194719876163, 0.00192788452841, 2.74951707979e-05, 0.000294696132187, -0.000855447200593, 0.00317778880708, -0.00134731456637, -0.000886869500391, 0.00121340609621, 0.0044039352797, -0.0109783876687, 0.0209645647556, -0.00828074850142], [0.000123087578686, 0.000394990318455, 0.000205922246096, -0.000113065187179, -0.000645248626824, 0.00189419393428, 0.00039266370004, 0.000263935799012, -0.00256992923096, -0.00123651197646, 0.00562839303166, -0.00828074850142, 0.0202785078436]]
    },
    "melbands": {
        "dmean": [0.000326906854752, 0.000842243316583, 0.000304417597363, 6.83860489517e-05, 3.37006822519e-05, 2.40787630901e-05, 2.24329905905e-05, 1.50463956743e-05, 2.38436987274e-05, 3.3324908145e-05, 2.35105944739e-05, 2.10017897189e-05, 1.95056454686e-05, 1.25608939925e-05, 1.73807293322e-05, 2.08903711609e-05, 2.73622426903e-05, 2.12766408367e-05, 1.62563119375e-05, 1.38849645737e-05, 2.03988220164e-05, 1.56417900143e-05, 1.50566165757e-05, 3.14275348501e-05, 1.49409006553e-05, 1.14954218589e-05, 1.05531089503e-05, 9.22292929317e-06, 5.06514425069e-06, 2.61678405877e-06, 2.14529359255e-06, 1.10087580651e-06, 8.75157695646e-07, 8.41096266413e-07, 4.30397506079e-07, 2.77405263205e-07, 1.92247796349e-07, 1.09428228257e-07, 7.17010877338e-08, 4.3467466071e-08],
        "dmean2": [0.000505694071762, 0.00141500635073, 0.00047328643268, 0.00011776258907, 5.62129644095e-05, 3.83564947697e-05, 3.61847123713e-05, 2.4615219445e-05, 3.80905257771e-05, 5.02514521941e-05, 3.69718145521e-05, 3.30825423589e-05, 2.96555681416e-05, 1.99324131245e-05, 2.69526008196e-05, 3.21119041473e-05, 4.19574171246e-05, 3.14418539347e-05, 2.42070400418e-05, 2.17752476601e-05, 3.18844831781e-05, 2.3787466489e-05, 2.36688829318e-05, 5.04884374095e-05, 2.33783794101e-05, 1.754898949e-05, 1.65074397955e-05, 1.43540282806e-05, 7.82085317041e-06, 3.89840988646e-06, 3.2132263641e-06, 1.66165955306e-06, 1.32973570999e-06, 1.27383634663e-06, 6.51848949929e-07, 4.3267883143e-07, 2.93600010082e-07, 1.64772956168e-07, 1.07986537046e-07, 6.56930581044e-08],
        "dvar": [6.72617318287e-07, 3.57060639544e-06, 3.71837529656e-07, 3.41510215662e-08, 5.03802910501e-09, 2.9589388717e-09, 5.03550356967e-09, 1.1208270978e-09, 6.02513727799e-09, 1.76730257095e-08, 7.08418701478e-09, 3.88959264797e-09, 3.34800365209e-09, 1.95612459564e-09, 3.58932128464e-09, 2.75924261217e-09, 7.51917550446e-09, 5.0059765222e-09, 3.50057405285e-09, 1.4015655303e-09, 2.96643221098e-09, 1.34255340178e-09, 9.95732718501e-10, 5.7304614387e-09, 9.505949361e-10, 6.39408304082e-10, 7.00580815582e-10, 5.34191746393e-10, 1.35772393328e-10, 3.57400359308e-11, 2.3223702475e-11, 9.50997613991e-12, 6.47560477463e-12, 5.07861331114e-12, 1.12205947658e-12, 6.65975033367e-13, 2.32368134066e-13, 5.02929945953e-14, 2.68870771594e-14, 8.77923222401e-15],
        "dvar2": [1.59027297286e-06, 9.59209592111e-06, 7.99369615834e-07, 8.97884291362e-08, 1.35481892372e-08, 7.10127556758e-09, 1.15837597292e-08, 2.74806488676e-09, 1.39295686097e-08, 3.7937219588e-08, 1.70372818076e-08, 9.10800590503e-09, 6.95409063667e-09, 4.99178343105e-09, 8.06251687635e-09, 6.17427176053e-09, 1.64835007865e-08, 1.07381552539e-08, 7.39995975607e-09, 3.13083603487e-09, 7.27348181684e-09, 2.98151747735e-09, 2.45678455357e-09, 1.46361065489e-08, 2.22658891325e-09, 1.44773737443e-09, 1.86018311865e-09, 1.26613153295e-09, 3.14337250673e-10, 7.24267867902e-11, 5.24947828262e-11, 2.30622933944e-11, 1.5325562e-11, 1.05738881193e-11, 2.44445934848e-12, 1.75120833633e-12, 5.48598005131e-13, 1.0886646131e-13, 5.66932026498e-14, 1.92182051794e-14],
        "max": [0.00915556773543, 0.0189676359296, 0.0100329890847, 0.00292549142614, 0.000889628077857, 0.00159948074725, 0.00227733934298, 0.00101285160054, 0.00176838808693, 0.00405249092728, 0.00213827984408, 0.00153714220505, 0.00269357953221, 0.00193412217777, 0.00216562184505, 0.0012934205588, 0.00213005091064, 0.0017034295015, 0.00158129213378, 0.00102720444556, 0.0017764660297, 0.000607908703387, 0.0004957554047, 0.00106577842962, 0.000596192257944, 0.000451748288469, 0.000542934343684, 0.000406428909628, 0.000228673234233, 0.000100029494206, 6.51206137263e-05, 0.00010995005141, 7.36955771572e-05, 5.57606399525e-05, 2.56816110777e-05, 3.15297329507e-05, 1.43176521306e-05, 5.53337440579e-06, 4.7678699957e-06, 1.91733465726e-06],
        "mean": [0.000422920158599, 0.00127932534087, 0.000625699351076, 0.000101536679722, 4.99266425322e-05, 4.44417273684e-05, 3.90566856368e-05, 2.24687537411e-05, 3.43148822139e-05, 5.21857655258e-05, 3.4318138205e-05, 3.3177970181e-05, 2.9217073461e-05, 1.82690819202e-05, 2.78833358607e-05, 3.44658255926e-05, 4.78986003145e-05, 3.22330888594e-05, 2.6165133022e-05, 2.30288660532e-05, 3.82028447348e-05, 2.93765224342e-05, 2.4912365916e-05, 4.73419204354e-05, 2.55587438005e-05, 1.93330688489e-05, 1.84265518328e-05, 1.36840671985e-05, 8.85189092514e-06, 4.73978207083e-06, 3.49783840647e-06, 1.79472738182e-06, 1.43244153605e-06, 1.32905393002e-06, 6.79491620303e-07, 4.05769270628e-07, 2.70266582447e-07, 1.58185898158e-07, 9.99655043188e-08, 6.2012610158e-08],
        "median": [7.51939223846e-05, 0.000287085276796, 0.000142399221659, 3.45354164892e-05, 2.01505918085e-05, 1.30414637169e-05, 6.61991543893e-06, 3.93179334424e-06, 3.82196003557e-06, 4.71703242511e-06, 3.64988682122e-06, 3.79922857974e-06, 3.27944303535e-06, 1.87164869203e-06, 3.38394397659e-06, 3.18593856719e-06, 2.68558142125e-06, 1.82830399353e-06, 1.98471775548e-06, 3.09086453854e-06, 2.87351053885e-06, 2.73414389085e-06, 3.6847982301e-06, 4.64961658508e-06, 2.90822845272e-06, 2.08879168895e-06, 1.80489064405e-06, 2.35689299188e-06, 1.31437627715e-06, 8.16071519694e-07, 6.00104215209e-07, 3.55571160071e-07, 1.93425194084e-07, 1.71754763301e-07, 1.10651448892e-07, 8.41179641498e-08, 5.99292562242e-08, 3.29791660647e-08, 2.39403199487e-08, 1.44836755922e-08],
        "min": [9.27381133089e-25, 1.24792529559e-24, 2.29041780083e-24, 1.68985523268e-24, 1.34915498379e-24, 2.14120318289e-24, 1.78490528036e-24, 2.39791114322e-24, 3.30375578195e-24, 1.84390734291e-24, 2.32591259726e-24, 2.61700266572e-24, 1.52435241198e-24, 5.36236404477e-24, 3.69892026964e-24, 2.9425758165e-24, 3.52101951373e-24, 4.56637459798e-24, 5.86779235434e-24, 5.20309697231e-24, 6.62870904529e-24, 7.24729984615e-24, 4.76814155171e-24, 4.83992868295e-24, 5.7832315929e-24, 7.94781700745e-24, 5.15632107051e-24, 4.08169372465e-24, 5.92293846479e-24, 6.41816167526e-24, 5.80215636602e-24, 6.51239189925e-24, 5.54389750514e-24, 5.38793852089e-24, 6.00658414758e-24, 6.17537829319e-24, 6.71915431466e-24, 6.27460673988e-24, 6.95939085929e-24, 6.72530900744e-24],
        "var": [8.2867063611e-07, 4.91125410917e-06, 1.14123145067e-06, 5.07950552731e-08, 6.40281871966e-09, 8.35478708439e-09, 1.59144857292e-08, 2.0712129789e-09, 9.90572779358e-09, 3.81507803127e-08, 1.1268908473e-08, 8.00140220747e-09, 7.61236496061e-09, 2.30698837811e-09, 7.18098291941e-09, 6.84630574455e-09, 2.10958717162e-08, 1.10605595793e-08, 8.00185162575e-09, 2.86511925296e-09, 9.51638501334e-09, 4.08108924432e-09, 2.01897387697e-09, 9.66358548737e-09, 2.27828378385e-09, 1.3595957693e-09, 2.12694462043e-09, 8.34420310625e-10, 3.12640829891e-10, 8.41870878565e-11, 4.56682296146e-11, 1.51808461635e-11, 1.18745360767e-11, 1.15606612824e-11, 2.43986428283e-12, 7.60133817869e-13, 3.2919785062e-13, 9.81059106024e-14, 4.31429794234e-14, 1.48198510755e-14]
    },
    "mfcc": {
        "mean": [-737.007873535, 97.1228942871, -16.8874073029, 50.4280090332, 7.39019584656, 10.6822118759, 7.84124946594, 9.58579730988, -0.556418478489, 2.17095994949, -1.83964014053, 0.598459422588, -4.82771873474],
        "cov": [[14114.6025391, -270.203796387, -2960.72705078, -106.675346375, -968.853088379, -192.396362305, -456.369628906, -18.1435413361, -95.0519790649, 66.2570266724, 76.8460388184, 12.4043741226, 21.8553562164], [-270.203796387, 1271.80822754, 134.552108765, 214.113006592, 220.4659729, 104.576538086, 100.281936646, 49.3970985413, 38.521396637, -34.1820793152, 33.1859130859, -9.58886623383, -58.1361198425], [-2960.72705078, 134.552108765, 1953.35327148, 415.021087646, 643.86706543, 373.517547607, 207.238815308, 101.329116821, 134.180709839, 208.522994995, 21.5207042694, 15.7061481476, -31.5115814209], [-106.675346375, 214.113006592, 415.021087646, 639.031738281, 249.848236084, 105.330406189, 104.619117737, 54.8629417419, 91.2530670166, -97.3123703003, -105.303108215, 50.7870330811, 35.2119255066], [-968.853088379, 220.4659729, 643.86706543, 249.848236084, 458.497131348, 194.608978271, 83.5413894653, 91.0384216309, 95.3141860962, 96.9767837524, 18.7002067566, -12.01674366, -33.6218452454], [-192.396362305, 104.576538086, 373.517547607, 105.330406189, 194.608978271, 271.038604736, 123.584922791, 72.0431213379, 63.9887428284, 96.8503189087, 49.3898086548, -16.2415065765, -26.419298172], [-456.369628906, 100.281936646, 207.238815308, 104.619117737, 83.5413894653, 123.584922791, 203.009368896, 67.3648452759, 10.5337371826, -6.37394571304, 7.56523418427, 13.6491622925, 3.09942984581], [-18.1435413361, 49.3970985413, 101.329116821, 54.8629417419, 91.0384216309, 72.0431213379, 67.3648452759, 140.66178894, 61.4616394043, 29.1232566833, 7.98121500015, -5.31581068039, 5.29627656937], [-95.0519790649, 38.521396637, 134.180709839, 91.2530670166, 95.3141860962, 63.9887428284, 10.5337371826, 61.4616394043, 164.512939453, 59.8306274414, -11.9619884491, -13.1017103195, -4.91688632965], [66.2570266724, -34.1820793152, 208.522994995, -97.3123703003, 96.9767837524, 96.8503189087, -6.37394571304, 29.1232566833, 59.8306274414, 227.462402344, 95.5733108521, -37.2439346313, -43.4551086426], [76.8460388184, 33.1859130859, 21.5207042694, -105.303108215, 18.7002067566, 49.3898086548, 7.56523418427, 7.98121500015, -11.9619884491, 95.5733108521, 132.221038818, 9.53197574615, -19.2835350037], [12.4043741226, -9.58886623383, 15.7061481476, 50.7870330811, -12.01674366, -16.2415065765, 13.6491622925, -5.31581068039, -13.1017103195, -37.2439346313, 9.53197574615, 99.8541717529, 38.0266838074], [21.8553562164, -58.1361198425, -31.5115814209, 35.2119255066, -33.6218452454, -26.419298172, 3.09942984581, 5.29627656937, -4.91688632965, -43.4551086426, -19.2835350037, 38.0266838074, 86.5288162231]],
