{
"lowlevel": {
    "average_loudness": 0.79951196909,
    "barkbands_crest": {
        "dmean": 2.36912798882,
        "dmean2": 3.75493121147,
        "dvar": 4.86462068558,
        "dvar2": 11.6537313461,
        "max": 25.400396347,
        "mean": 11.4901847839,
        "median": 10.7528600693,
        "min": 2.07151508331,
        "var": 21.076128006
    },
    "barkbands_flatness_db": {
        "dmean": 0.0182142443955,
        "dmean2": 0.026804368943,
        "dvar": 0.000315251818392,
        "dvar2": 0.000629550253507,
        "max": 0.476718842983,
        "mean": 0.17329634726,
        "median": 0.164280578494,
        "min": 0.031419608742,
        "var": 0.00465354276821
    },
    "barkbands_kurtosis": {
        "dmean": 4.57403278351,
        "dmean2": 6.85214281082,
        "dvar": 124.14365387,
        "dvar2": 254.609085083,
        "max": 444.265167236,
        "mean": 9.84988498688,
        "median": 4.73653650284,
        "min": -1.94142353535,
        "var": 451.575897217
    },
    "barkbands_skewness": {
        "dmean": 0.53756070137,
        "dmean2": 0.792788863182,
        "dvar": 0.376594036818,
        "dvar2": 0.791112244129,
        "max": 15.2576332092,
        "mean": 1.78169393539,
        "median": 1.56536710262,
        "min": -4.03282642365,
        "var": 2.9090423584
    },
    "barkbands_spread": {
        "dmean": 3.64677548409,
        "dmean2": 5.36842489243,
        "dvar": 34.3150520325,
        "dvar2": 64.5676116943,
        "max": 116.034767151,
        "mean": 14.6585655212,
        "median": 10.8430223465,
        "min": 0.206307798624,
        "var": 170.588485718
    },
    "dissonance": {
        "dmean": 0.028533404693,
        "dmean2": 0.0478021875024,
        "dvar": 0.00081379985204,
        "dvar2": 0.00228425278328,
        "max": 0.49984613061,
        "mean": 0.430553525686,
        "median": 0.444063901901,
        "min": 0.154123038054,
        "var": 0.00271162274294
    },
    "dynamic_complexity": 4.50113964081,
    "erbbands_crest": {
        "dmean": 2.7132294178,
        "dmean2": 4.21503067017,
        "dvar": 6.64581489563,
        "dvar2": 15.5485439301,
        "max": 33.7097892761,
        "mean": 12.8001918793,
        "median": 11.4877386093,
        "min": 2.37521743774,
        "var": 39.7998008728
    },
    "erbbands_flatness_db": {
        "dmean": 0.014699485153,
        "dmean2": 0.0209441184998,
        "dvar": 0.000197086439584,
        "dvar2": 0.000368623033864,
        "max": 0.452952474356,
        "mean": 0.192466050386,
        "median": 0.188084855676,
        "min": 0.0299343168736,
        "var": 0.00362527417019
    },
    "erbbands_kurtosis": {
        "dmean": 1.86197400093,
        "dmean2": 2.82770204544,
        "dvar": 13.531542778,
        "dvar2": 27.3663349152,
        "max": 228.39125061,
        "mean": 4.01974964142,
        "median": 1.71312141418,
        "min": -1.88560271263,
        "var": 79.3726654053
    },
    "erbbands_skewness": {
        "dmean": 0.401153385639,
        "dmean2": 0.593966901302,
        "dvar": 0.163740515709,
        "dvar2": 0.331734269857,
        "max": 11.8712558746,
        "mean": 1.11623096466,
        "median": 1.04755747318,
        "min": -4.6268196106,
        "var": 1.28893601894
    },
    "erbbands_spread": {
        "dmean": 6.26295661926,
        "dmean2": 9.28851985931,
        "dvar": 66.9661865234,
        "dvar2": 141.614364624,
        "max": 152.44354248,
        "mean": 31.8536338806,
        "median": 25.4051017761,
        "min": 1.12938630581,
        "var": 522.434326172
    },
    "hfc": {
        "dmean": 4.96539354324,
        "dmean2": 7.07700061798,
        "dvar": 191.643508911,
        "dvar2": 359.137786865,
        "max": 680.925598145,
        "mean": 19.7946414948,
        "median": 13.3600378036,
        "min": 1.07657212617e-16,
        "var": 577.067443848
    },
    "melbands_crest": {
        "dmean": 2.98841142654,
        "dmean2": 4.70934104919,
        "dvar": 8.18308544159,
        "dvar2": 19.9220371246,
        "max": 33.1984405518,
        "mean": 15.3603773117,
        "median": 14.5146780014,
        "min": 1.66748821735,
        "var": 38.1477966309
    },
    "melbands_flatness_db": {
        "dmean": 0.0206909365952,
        "dmean2": 0.0298644527793,
        "dvar": 0.000449235638371,
        "dvar2": 0.000871552329045,
        "max": 0.614067912102,
        "mean": 0.234855487943,
        "median": 0.225041568279,
        "min": 0.00355715351179,
        "var": 0.00857380498201
    },
    "melbands_kurtosis": {
        "dmean": 7.85951375961,
        "dmean2": 11.9381790161,
        "dvar": 230.267181396,
        "dvar2": 499.054473877,
        "max": 354.37789917,
        "mean": 18.0760478973,
        "median": 8.46835327148,
        "min": -1.88366401196,
        "var": 829.211669922
    },
    "melbands_skewness": {
        "dmean": 0.655288934708,
        "dmean2": 0.973115026951,
        "dvar": 0.586179316044,
        "dvar2": 1.26987123489,
        "max": 14.4350385666,
        "mean": 2.38221788406,
        "median": 2.00371813774,
        "min": -2.50114774704,
        "var": 4.55901432037
    },
    "melbands_spread": {
        "dmean": 4.71042919159,
        "dmean2": 7.04361152649,
        "dvar": 88.6779632568,
        "dvar2": 175.63168335,
        "max": 254.762619019,
        "mean": 18.8352146149,
        "median": 12.5167446136,
        "min": 0.284865438938,
        "var": 557.242614746
    },
    "pitch_salience": {
        "dmean": 0.0654069036245,
        "dmean2": 0.102067649364,
        "dvar": 0.00374933565035,
        "dvar2": 0.00871661119163,
        "max": 0.890910506248,
        "mean": 0.529004216194,
        "median": 0.539505004883,
        "min": 0.0516621395946,
        "var": 0.019136108458
    },
    "silence_rate_20dB": {
        "dmean": 0,
        "dmean2": 0,
        "dvar": 0,
        "dvar2": 0,
        "max": 1,
        "mean": 1,
        "median": 1,
        "min": 1,
        "var": 0
    },
    "silence_rate_30dB": {
        "dmean": 0.00283822137862,
        "dmean2": 0.00567711424083,
        "dvar": 0.00283003761433,
        "dvar2": 0.00706365192309,
        "max": 1,
        "mean": 0.996689140797,
        "median": 1,
        "min": 0,
        "var": 0.00329999392852
    },
    "silence_rate_60dB": {
        "dmean": 0.0120624406263,
        "dmean2": 0.024127734825,
        "dvar": 0.0119164893404,
        "dvar2": 0.0287477690727,
        "max": 1,
        "mean": 0.0960151329637,
        "median": 0,
        "min": 0,
        "var": 0.0867944955826
    },
    "spectral_centroid": {
        "dmean": 166.208099365,
        "dmean2": 244.670578003,
        "dvar": 72303.40625,
        "dvar2": 144280.65625,
        "max": 11760.9072266,
        "mean": 1219.51635742,
        "median": 901.229187012,
        "min": 108.739463806,
        "var": 2197548.25
    },
    "spectral_complexity": {
        "dmean": 1.90894043446,
        "dmean2": 3.03370785713,
        "dvar": 3.64468693733,
        "dvar2": 8.18813705444,
        "max": 48,
        "mean": 12.5629653931,
        "median": 12,
        "min": 0,
        "var": 43.8807487488
    },
    "spectral_decrease": {
        "dmean": 1.65883307091e-09,
        "dmean2": 2.44211451061e-09,
        "dvar": 5.11647398016e-18,
        "dvar2": 1.08788105826e-17,
        "max": 3.36039700469e-20,
        "mean": -6.67316291114e-09,
        "median": -5.73922864788e-09,
        "min": -5.47681224816e-08,
        "var": 2.89486082869e-17
    },
    "spectral_energy": {
        "dmean": 0.00661249645054,
        "dmean2": 0.00972578581423,
        "dvar": 7.84884541645e-05,
        "dvar2": 0.000166675352375,
        "max": 0.208951130509,
        "mean": 0.0269814841449,
        "median": 0.0232963468879,
        "min": 1.01442683825e-20,
        "var": 0.000457556598121
    },
    "spectral_energyband_high": {
        "dmean": 0.000309709750582,
        "dmean2": 0.000424036203185,
        "dvar": 2.97359088108e-06,
        "dvar2": 5.3479025155e-06,
        "max": 0.0807699635625,
        "mean": 0.000680603669025,
        "median": 0.000240497727646,
        "min": 7.17553170437e-21,
        "var": 5.84152940064e-06
    },
    "spectral_energyband_low": {
        "dmean": 0.0035013477318,
        "dmean2": 0.00513143604621,
        "dvar": 6.39680947643e-05,
        "dvar2": 0.000134922360303,
        "max": 0.202752292156,
        "mean": 0.00736837508157,
        "median": 0.00160284398589,
        "min": 1.07844322383e-23,
        "var": 0.000226142161409
    },
    "spectral_energyband_middle_high": {
        "dmean": 0.0022865368519,
        "dmean2": 0.00337083125487,
        "dvar": 1.9696975869e-05,
        "dvar2": 4.36037880718e-05,
        "max": 0.108017750084,
        "mean": 0.00738788582385,
        "median": 0.00188110268209,
        "min": 1.15135342163e-21,
        "var": 0.000136242248118
    },
    "spectral_energyband_middle_low": {
        "dmean": 0.0034535091836,
        "dmean2": 0.00510917650536,
        "dvar": 2.42823953158e-05,
        "dvar2": 5.05587886437e-05,
        "max": 0.105397671461,
        "mean": 0.0127766048536,
        "median": 0.00955553445965,
        "min": 1.39195036841e-22,
        "var": 0.000145992293255
    },
    "spectral_entropy": {
        "dmean": 0.142633095384,
        "dmean2": 0.200016573071,
        "dvar": 0.0213806200773,
        "dvar2": 0.03548444435,
        "max": 9.82298278809,
        "mean": 7.15392446518,
        "median": 7.20286035538,
        "min": 3.90672802925,
        "var": 0.495273202658
    },
    "spectral_flux": {
        "dmean": 0.020454486832,
        "dmean2": 0.0332670174539,
        "dvar": 0.000547705392819,
        "dvar2": 0.00140755472239,
        "max": 0.321549296379,
        "mean": 0.0661984756589,
        "median": 0.0594675242901,
        "min": 6.46031839135e-11,
        "var": 0.00178674282506
    },
    "spectral_kurtosis": {
        "dmean": 1.75270104408,
        "dmean2": 2.89519190788,
        "dvar": 9.71273899078,
        "dvar2": 22.2265853882,
        "max": 112.908088684,
        "mean": 6.09734344482,
        "median": 3.97335624695,
        "min": -1.28234648705,
        "var": 78.0327606201
    },
    "spectral_rms": {
        "dmean": 0.000586984038819,
        "dmean2": 0.000855453428812,
        "dvar": 4.38853618334e-07,
        "dvar2": 9.01132182207e-07,
        "max": 0.0142777720466,
        "mean": 0.00464470451698,
        "median": 0.00476740440354,
        "min": 3.14592536049e-12,
        "var": 4.75011756862e-06
    },
    "spectral_rolloff": {
        "dmean": 307.409637451,
        "dmean2": 518.421508789,
        "dvar": 588912.9375,
        "dvar2": 1185481.25,
        "max": 19702.8808594,
        "mean": 1499.43859863,
        "median": 796.728515625,
        "min": 21.533203125,
        "var": 7539190
    },
    "spectral_skewness": {
        "dmean": 0.212348401546,
        "dmean2": 0.327951580286,
        "dvar": 0.0625066831708,
        "dvar2": 0.124980092049,
        "max": 9.18586349487,
        "mean": 1.82684624195,
        "median": 1.63494694233,
        "min": -0.289561629295,
        "var": 0.956335246563
    },
    "spectral_spread": {
        "dmean": 402447.03125,
        "dmean2": 588336.875,
        "dvar": 561049305088,
        "dvar2": 1.1798586327e+12,
        "max": 53924780,
        "mean": 5302588,
        "median": 4457169,
        "min": 970740.375,
        "var": 2.48467192545e+13
    },
    "spectral_strongpeak": {
        "dmean": 0.594663500786,
        "dmean2": 0.958034873009,
        "dvar": 0.853523433208,
        "dvar2": 2.03980398178,
        "max": 13.5008888245,
        "mean": 1.74942338467,
        "median": 0.958240032196,
        "min": 0,
        "var": 3.60043525696
    },
    "zerocrossingrate": {
        "dmean": 0.00765208760276,
        "dmean2": 0.0088223265484,
        "dvar": 0.000144538091263,
        "dvar2": 0.000146547448821,
        "max": 0.525390625,
        "mean": 0.0597704872489,
        "median": 0.04296875,
        "min": 0.00390625,
        "var": 0.00514304731041
    },
    "barkbands": {
        "dmean": [9.86643135548e-06, 0.000798481632955, 0.00266409479082, 0.000664689403493, 0.000891997362487, 0.000794419960584, 0.000787162862252, 0.00123473315034, 0.000784368312452, 0.00115471251775, 0.00103277491871, 0.000618737074547, 0.00033201999031, 0.000202451628866, 0.000152898253873, 8.11027348391e-05, 8.98513972061e-05, 7.21026590327e-05, 7.97829270596e-05, 7.88061952335e-05, 4.99218222103e-05, 8.64325484145e-05, 9.51103647822e-05, 8.16197716631e-05, 2.71699882433e-05, 5.63510366192e-06, 1.92800754917e-07],
        "dmean2": [1.67321850313e-05, 0.0011931915069, 0.00395907275379, 0.00108645658474, 0.0013874132419, 0.00111503258813, 0.00122972787358, 0.00179312028922, 0.00113916548435, 0.0017385724932, 0.00153987447266, 0.000917520665098, 0.000518715067301, 0.00032516362262, 0.000237043816014, 0.00012702101958, 0.000145857076859, 0.000117577132187, 0.000127057530335, 0.000120608980069, 7.51955158194e-05, 0.000124155121739, 0.000142054748721, 0.000111846900836, 3.82379221264e-05, 8.11706740933e-06, 3.09824116584e-07],
        "dvar": [1.38116754145e-10, 4.65000402983e-06, 4.14912283304e-05, 3.90981540477e-06, 2.96709663417e-06, 3.25978385263e-06, 3.330658501e-06, 1.00531206044e-05, 7.82256029197e-06, 9.37639924814e-06, 1.05213457573e-05, 3.57262820216e-06, 1.30124305997e-06, 5.70092026919e-07, 3.62827307754e-07, 1.79485496687e-07, 5.36939133156e-08, 2.23494893703e-08, 4.63158329467e-08, 3.01150677728e-08, 1.56301478427e-08, 1.46232963516e-07, 4.77333117033e-07, 5.97749135522e-07, 2.96244984099e-08, 1.04617736696e-09, 3.67235267803e-13],
        "dvar2": [3.68243074922e-10, 9.19168633118e-06, 8.56887927512e-05, 9.28404278966e-06, 6.56186375636e-06, 5.87199019719e-06, 7.89261866885e-06, 1.97849785764e-05, 1.50513678818e-05, 2.17689594137e-05, 2.23936385737e-05, 7.30422334527e-06, 3.05090156871e-06, 1.41220050409e-06, 8.12747600776e-07, 3.983690533e-07, 1.25770753812e-07, 5.94137681276e-08, 1.12500181615e-07, 6.15585804553e-08, 3.08874206212e-08, 2.58248036289e-07, 1.01658781659e-06, 1.17193928872e-06, 5.47773097992e-08, 2.31111441096e-09, 8.67179971494e-13],
        "max": [0.000457922636997, 0.0521529987454, 0.181025475264, 0.0880318284035, 0.0330564789474, 0.0618846230209, 0.0518486723304, 0.0910338610411, 0.0911554023623, 0.0773707702756, 0.0686071366072, 0.0537277199328, 0.0338666215539, 0.017281357199, 0.0174227319658, 0.0178963858634, 0.00967661011964, 0.00442291749641, 0.00601300550625, 0.00800961442292, 0.00451984535903, 0.0274672638625, 0.0271493997425, 0.0481743849814, 0.0110849617049, 0.00139706721529, 2.13041948882e-05],
        "mean": [2.1844445655e-05, 0.00157847255468, 0.00507815275341, 0.00111817545258, 0.00198199809529, 0.00233051902615, 0.00179062655661, 0.00319128064439, 0.00139576906804, 0.00258545484394, 0.00207010027952, 0.00123545865063, 0.00066269072704, 0.000315654295264, 0.00025224746787, 0.000130479020299, 0.000161086529261, 0.000140460178955, 0.0001762984175, 0.000172789092176, 9.96851085802e-05, 0.000165821227711, 0.000147247512359, 0.000117578405479, 5.04202180309e-05, 1.09600232463e-05, 2.66916003966e-07],
        "median": [2.02963674383e-05, 0.000224698815146, 0.000840349588543, 0.000374834402464, 0.000973684480414, 0.00102797511499, 0.000665900239255, 0.000367054482922, 0.000222322749323, 0.000216465166886, 0.00012333059567, 0.000103845515696, 4.52373496955e-05, 2.71160915872e-05, 3.83098049497e-05, 2.75165821222e-05, 5.81164713367e-05, 5.34929858986e-05, 4.59676484752e-05, 6.72241076245e-05, 3.36851189786e-05, 4.55907065771e-05, 2.56298753811e-05, 1.99591522687e-05, 1.17842773761e-05, 3.32890022037e-06, 7.14760091114e-08],
        "min": [3.27280936029e-25, 2.1312016099e-24, 2.9353691777e-25, 1.05172106849e-25, 9.28417499103e-24, 5.59239194043e-24, 3.69942080188e-24, 4.89369586453e-24, 1.19551365315e-23, 9.35083689296e-24, 5.9225396956e-24, 1.80680891058e-23, 2.61216237298e-23, 3.14359682335e-23, 3.31210729458e-23, 4.71853521698e-23, 7.50563475321e-23, 8.18679847438e-23, 1.08711835876e-22, 1.43900712047e-22, 2.02715581055e-22, 3.04856192969e-22, 4.07115260236e-22, 5.80267098732e-22, 8.41192700739e-22, 1.28632613411e-21, 1.86907740001e-21],
        "var": [2.01986774528e-10, 1.75965524249e-05, 0.000141054057167, 9.13796066015e-06, 9.24773212319e-06, 1.35688969749e-05, 9.56386065809e-06, 6.77235220792e-05, 2.23814149649e-05, 4.31849948654e-05, 4.00241478928e-05, 1.14647200462e-05, 4.9250511438e-06, 1.05687001906e-06, 8.00684972546e-07, 3.66065393109e-07, 1.22672844327e-07, 5.52924888098e-08, 1.76319645107e-07, 1.0224342617e-07, 4.03161415363e-08, 3.30187361897e-07, 7.04662454609e-07, 8.76165074715e-07, 5.20368494961e-08, 1.54827373144e-09, 5.48395964056e-13]
    },
    "erbbands": {
        "dmean": [0.00611612573266, 0.263036102057, 2.51967906952, 2.74101376534, 2.03648877144, 3.27297377586, 5.89125156403, 6.36292695999, 8.93480587006, 18.5395336151, 24.3853626251, 19.4188156128, 29.9061908722, 36.7838478088, 34.3597755432, 22.3394145966, 13.7919101715, 12.5842046738, 7.20728397369, 6.16470861435, 3.7101662159, 3.45826840401, 4.35262298584, 4.20198583603, 3.34314703941, 3.57958102226, 2.50640463829, 1.71095871925, 3.12094211578, 2.91577529907, 2.88229560852, 2.15893316269, 1.04129481316, 0.412744224072, 0.154304146767, 0.0408248528838, 0.00787071976811, 0.000798835186288, 2.48800333793e-05, 8.48306353873e-06],
        "dmean2": [0.00912140589207, 0.391021668911, 3.7629597187, 4.17918968201, 3.29289245605, 4.97583532333, 8.55617713928, 9.0893945694, 13.2255945206, 27.857919693, 34.9780540466, 27.559381485, 43.6292648315, 57.5361709595, 50.1745491028, 32.9233322144, 20.8946971893, 19.718870163, 11.0762443542, 9.42328834534, 5.70393753052, 5.51721334457, 7.0966629982, 6.59471035004, 5.25033378601, 5.49141597748, 3.74844408035, 2.50257086754, 4.61193275452, 4.13420963287, 4.2501168251, 3.03588151932, 1.4622759819, 0.576275765896, 0.226854354143, 0.0590665154159, 0.0114812878892, 0.00118439085782, 3.68263681594e-05, 1.2348799828e-05],
        "dvar": [0.000275921833236, 0.476046323776, 37.8590888977, 48.3985137939, 20.8389091492, 54.4045257568, 247.136032104, 218.177780151, 486.924926758, 2266.1159668, 4374.84326172, 4356.13330078, 7735.08398438, 12141.3613281, 12286.0185547, 4325.55810547, 2311.30883789, 1772.46105957, 830.159179688, 843.194824219, 104.662139893, 58.8701934814, 87.6874237061, 144.337158203, 76.0256729126, 56.1172561646, 33.4954414368, 26.7099266052, 127.748168945, 380.46005249, 411.413726807, 418.604949951, 98.7806015015, 9.35481357574, 0.662830710411, 0.0528007633984, 0.00223263259977, 1.55331163114e-05, 1.10064126702e-08, 2.30456265182e-10],
        "dvar2": [0.000585544214118, 0.974029421806, 80.7810516357, 111.022651672, 55.5765037537, 117.335144043, 437.386444092, 460.155181885, 1091.25891113, 4626.13232422, 7751.26953125, 8063.16845703, 15866.359375, 31572.3085938, 25495.2949219, 9254.24023438, 5062.26806641, 4244.78710938, 1876.7076416, 1910.65222168, 214.322891235, 136.411682129, 234.410202026, 337.863342285, 185.351959229, 116.756202698, 68.0788192749, 47.3140220642, 226.461853027, 794.861633301, 862.161315918, 820.738586426, 208.600311279, 18.3617916107, 1.23359620571, 0.11146428436, 0.00500048184767, 3.34833166562e-05, 2.35759483047e-08, 4.55553789136e-10],
        "max": [0.625818669796, 15.2568969727, 169.816146851, 248.861999512, 152.006713867, 166.304290771, 692.72668457, 452.929626465, 893.561401367, 1286.95153809, 2429.57519531, 2552.34667969, 2535.2668457, 2885.62451172, 4287.09082031, 2656.72045898, 1836.71447754, 824.609375, 863.870483398, 1332.32763672, 305.110290527, 275.711120605, 308.809997559, 365.278106689, 215.401824951, 334.218414307, 203.887390137, 255.051757812, 709.823913574, 1200.35693359, 661.568786621, 1100.89318848, 696.24420166, 216.7865448, 44.1162147522, 10.1439037323, 1.8877120018, 0.236888602376, 0.00504154711962, 0.000671683286782],
        "mean": [0.0141421351582, 0.541251540184, 4.94124364853, 5.18697309494, 4.1292886734, 6.83735990524, 12.8345298767, 19.2487392426, 26.7356891632, 38.6563606262, 67.4126052856, 39.1381950378, 66.6012496948, 89.2545013428, 77.1919631958, 50.9787025452, 28.4681053162, 24.0485496521, 13.0481328964, 12.4569835663, 7.49817895889, 7.12687587738, 8.77619361877, 9.42235851288, 7.55568599701, 7.89510440826, 5.32582616806, 3.56922388077, 6.02654743195, 4.94425582886, 4.36064958572, 3.12900090218, 1.53368103504, 0.688947319984, 0.293985903263, 0.0793483480811, 0.015184558928, 0.00158225849736, 5.83171386097e-05, 3.45061125699e-05],
        "median": [0.00414752494544, 0.0773710086942, 0.795651853085, 1.59694826603, 2.0239109993, 2.4397995472, 5.37631702423, 7.07073640823, 8.86636066437, 11.6044158936, 10.7417612076, 8.79470443726, 9.12111377716, 7.89328813553, 6.33421468735, 5.72151470184, 2.94674873352, 2.23456668854, 1.87626826763, 2.10595321655, 2.51329183578, 3.12514209747, 3.57301139832, 2.62571167946, 2.38847136497, 3.30283951759, 2.15548658371, 1.29757881165, 1.56416380405, 1.13004672527, 0.711600244045, 0.489461243153, 0.284540772438, 0.153518751264, 0.0652165189385, 0.0213757045567, 0.00480056228116, 0.000562880886719, 3.20154504152e-05, 2.98548966384e-05],
        "min": [4.08844266635e-23, 5.08821695729e-22, 2.12545815347e-21, 1.80085580016e-21, 1.02836814353e-20, 2.36420190568e-20, 2.48972801767e-20, 4.99256878675e-20, 4.62295799343e-20, 8.30844441055e-20, 2.01395783389e-19, 2.73718459091e-19, 3.97150505192e-19, 5.04742301057e-19, 9.31483331507e-19, 9.22067017607e-19, 1.32980129874e-18, 1.9590376941e-18, 2.10597516299e-18, 2.52370736938e-18, 3.62023536018e-18, 4.52401289745e-18, 4.89951608601e-18, 6.12019023827e-18, 6.51796278328e-18, 7.25032161427e-18, 8.7749652029e-18, 9.20541345006e-18, 1.11772813358e-17, 1.19780401453e-17, 1.14424828849e-17, 1.16967168461e-17, 9.55104921465e-18, 7.74985433183e-18, 6.38462829958e-18, 3.95465621003e-18, 2.21925961583e-18, 8.60477630738e-19, 2.25417030829e-19, 2.64561424307e-20],
        "var": [0.00079304992687, 1.74602103233, 122.615272522, 136.400894165, 52.1876182556, 164.978881836, 960.791809082, 897.37677002, 2115.88305664, 6861.10205078, 38726.9453125, 12205.7744141, 32426.2246094, 59292.4296875, 51605.5078125, 16957.9648438, 8182.85449219, 4443.12695312, 1849.26220703, 2935.41943359, 340.23840332, 165.748352051, 214.534362793, 530.20135498, 237.45664978, 182.544815063, 89.0706329346, 70.8031311035, 319.448547363, 603.430664062, 626.103210449, 639.917114258, 128.671310425, 14.5958976746, 1.23272669315, 0.0855342596769, 0.00296899117529, 2.26395950449e-05, 1.81353829731e-08, 8.58195570164e-10]
    },
    "gfcc": {
        "mean": [-61.4391288757, 93.0499801636, -105.963562012, 22.9575328827, -78.2969055176, 8.25443649292, -35.9119606018, 8.27803707123, -26.9898223877, -2.00643849373, -15.6751708984, -1.90565991402, -14.2861690521],
        "cov": [[35485.3125, 1501.29675293, -4210.32324219, 298.510406494, -2428.359375, 640.277587891, -577.804260254, 226.656768799, -793.835327148, -66.0668487549, -454.891113281, -6.04925727844, -201.372924805], [1501.29675293, 1722.44299316, 384.653015137, -234.801681519, 21.1381778717, -169.117111206, 130.314224243, -22.4067592621, 72.3510971069, -84.7695770264, 43.3323745728, -55.213558197, 91.3969192505], [-4210.32324219, 384.653015137, 1538.54650879, 253.208251953, 339.839569092, -113.98336792, 40.0563735962, 70.7430496216, 203.296478271, -15.586107254, 17.1617851257, -6.69326543808, 17.6702270508], [298.510406494, -234.801681519, 253.208251953, 746.891906738, 232.7421875, -15.5512304306, -206.040725708, 69.8479614258, 104.513572693, 16.8773460388, -44.9238891602, -40.2394790649, -46.9772262573], [-2428.359375, 21.1381778717, 339.839569092, 232.7421875, 505.460723877, 12.1080188751, 40.8250999451, 14.9906845093, 102.977928162, 9.73733234406, 40.1191062927, -38.145401001, 6.36189603806], [640.277587891, -169.117111206, -113.98336792, -15.5512304306, 12.1080188751, 297.925537109, 162.558288574, 13.6874380112, -41.5123558044, 19.7922592163, 16.7669296265, -15.554145813, -54.9271507263], [-577.804260254, 130.314224243, 40.0563735962, -206.040725708, 40.8250999451, 162.558288574, 379.407745361, 26.3069705963, -37.5305786133, -24.0105247498, 54.7618217468, 0.986074626446, -6.36088418961], [226.656768799, -22.4067592621, 70.7430496216, 69.8479614258, 14.9906845093, 13.6874380112, 26.3069705963, 128.681381226, 13.9309806824, -13.2776861191, -23.0265922546, 8.21317863464, -14.7118787766], [-793.835327148, 72.3510971069, 203.296478271, 104.513572693, 102.977928162, -41.5123558044, -37.5305786133, 13.9309806824, 200.279586792, 46.9489212036, 4.76987886429, -13.0455169678, 13.2999372482], [-66.0668487549, -84.7695770264, -15.586107254, 16.8773460388, 9.73733234406, 19.7922592163, -24.0105247498, -13.2776861191, 46.9489212036, 104.469390869, 38.0618667603, 2.92226529121, -5.38618421555], [-454.891113281, 43.3323745728, 17.1617851257, -44.9238891602, 40.1191062927, 16.7669296265, 54.7618217468, -23.0265922546, 4.76987886429, 38.0618667603, 127.631752014, 34.5844688416, 9.79869365692], [-6.04925727844, -55.213558197, -6.69326543808, -40.2394790649, -38.145401001, -15.554145813, 0.986074626446, 8.21317863464, -13.0455169678, 2.92226529121, 34.5844688416, 102.719482422, 22.3519554138], [-201.372924805, 91.3969192505, 17.6702270508, -46.9772262573, 6.36189603806, -54.9271507263, -6.36088418961, -14.7118787766, 13.2999372482, -5.38618421555, 9.79869365692, 22.3519554138, 105.312026978]],
        "icov": [[0.000230460136663, -0.000614317890722, 0.000577870407142, -0.00066775054438, 0.000909082067665, -0.000839597079903, 0.000381878489861, -0.000539923785254, 0.000428505212767, -0.000428771309089, 0.000498632201925, -0.000390623172279, -5.72237149754e-06], [-0.000614317890722, 0.00247001624666, -0.00170830148272, 0.00199620937929, -0.00225308351219, 0.00269717141055, -0.00129377911799, 0.0014559639385, -0.00151641410775, 0.0019363706233, -0.00193436793052, 0.00192288553808, -0.000410706154071], [0.000577870407142, -0.00170830148272, 0.00239355186932, -0.00189812842291, 0.00186392490286, -0.0017294047866, 0.000634479685687, -0.00155967776664, 0.000458222522866, -0.000899884675164, 0.00133405730594, -0.00133172178175, 0.000199706642888], [-0.00066775054438, 0.00199620937929, -0.00189812842291, 0.00443503446877, -0.00360772944987, 0.00176501332317, 0.000678482290823, 0.000309498282149, -0.0017256080173, 0.0017068766756, -0.00151362933684, 0.00165381864645, 0.00060533877695], [0.000909082067665, -0.00225308351219, 0.00186392490286, -0.00360772944987, 0.00672830920666, -0.00329497875646, 0.00073605182115, -0.00180760084186, 0.000795482425019, -0.00104715139605, 0.00055579142645, -0.000211392369238, -0.000722316035535], [-0.000839597079903, 0.00269717141055, -0.0017294047866, 0.00176501332317, -0.00329497875646, 0.00910753943026, -0.00462184660137, 0.00221492024139, -0.000839254586026, -0.000138454444823, -0.00144005834591, 0.00196479167789, 0.00192664866336], [0.000381878489861, -0.00129377911799, 0.000634479685687, 0.000678482290823, 0.00073605182115, -0.00462184660137, 0.00638065394014, -0.00272954814136, 0.000799789791927, 0.00118061923422, -0.001236025244, -8.38263586047e-05, -0.000309570576064], [-0.000539923785254, 0.0014559639385, -0.00155967776664, 0.000309498282149, -0.00180760084186, 0.00221492024139, -0.00272954814136, 0.0109726842493, -0.00167323858477, 0.00147947960068, 0.00122134899721, -0.00134230568074, 0.00119441549759], [0.000428505212767, -0.00151641410775, 0.000458222522866, -0.0017256080173, 0.000795482425019, -0.000839254586026, 0.000799789791927, -0.00167323858477, 0.0085467658937, -0.00514811417088, 0.00197443109937, -0.000394898292143, -0.000825017224997], [-0.000428771309089, 0.0019363706233, -0.000899884675164, 0.0017068766756, -0.00104715139605, -0.000138454444823, 0.00118061923422, 0.00147947960068, -0.00514811417088, 0.0156542230397, -0.00641927029938, 0.00208595651202, 0.000286370981485], [0.000498632201925, -0.00193436793052, 0.00133405730594, -0.00151362933684, 0.00055579142645, -0.00144005834591, -0.001236025244, 0.00122134899721, 0.00197443109937, -0.00641927029938, 0.0137268509716, -0.00589823676273, 0.00044150481699], [-0.000390623172279, 0.00192288553808, -0.00133172178175, 0.00165381864645, -0.000211392369238, 0.00196479167789, -8.38263586047e-05, -0.00134230568074, -0.000394898292143, 0.00208595651202, -0.00589823676273, 0.0141427936032, -0.00290598790161], [-5.72237149754e-06, -0.000410706154071, 0.000199706642888, 0.00060533877695, -0.000722316035535, 0.00192664866336, -0.000309570576064, 0.00119441549759, -0.000825017224997, 0.000286370981485, 0.00044150481699, -0.00290598790161, 0.0119688156992]]
    },
    "melbands": {
        "dmean": [0.000126911778352, 0.000973952061031, 0.000441504933406, 0.000176433255547, 0.00019111270376, 0.00014618440764, 0.000146072154166, 0.000221284019062, 0.00017852448218, 0.00012947335199, 0.000153155633598, 0.000150212697918, 0.000122434779769, 8.79875806277e-05, 3.00203319057e-05, 3.6549550714e-05, 2.41913694481e-05, 1.27337898448e-05, 1.10475857582e-05, 7.33752813176e-06, 5.04949139213e-06, 4.59179682366e-06, 3.74594060304e-06, 3.30069792653e-06, 3.9902242861e-06, 2.56495764006e-06, 2.70933333013e-06, 2.59852208728e-06, 1.80246331638e-06, 1.50785069764e-06, 9.26068594254e-07, 1.8445321075e-06, 1.9920998966e-06, 1.59777187037e-06, 1.6964132783e-06, 1.67282780694e-06, 1.30438638735e-06, 8.60037857819e-07, 4.96679547268e-07, 3.20690929811e-07],
        "dmean2": [0.000190925507923, 0.00144020130392, 0.000671784102451, 0.000278821913525, 0.000278987572528, 0.000206464610528, 0.000220018511754, 0.000329097296344, 0.000256879400695, 0.000185443801456, 0.000222279675654, 0.000234926264966, 0.00017862727691, 0.000128473198856, 4.53120846942e-05, 5.69986877963e-05, 3.77844116883e-05, 1.97633071366e-05, 1.71131960087e-05, 1.12521911433e-05, 8.04305000202e-06, 7.42275460652e-06, 6.11403447692e-06, 5.3433263929e-06, 6.25125858278e-06, 4.05791070079e-06, 4.21870890932e-06, 4.07039578931e-06, 2.68404664894e-06, 2.35800894188e-06, 1.35672041779e-06, 2.77321578324e-06, 2.90974026029e-06, 2.35585162045e-06, 2.57754777522e-06, 2.5384933906e-06, 1.85255908036e-06, 1.24076268548e-06, 7.11496738859e-07, 4.58096053535e-07],
        "dvar": [1.14326290657e-07, 5.47086574443e-06, 1.074570946e-06, 1.23453460787e-07, 2.12042493786e-07, 1.05509826653e-07, 1.12012330078e-07, 3.12900283461e-07, 2.34905499497e-07, 2.13500555901e-07, 1.9756743086e-07, 2.04207765364e-07, 1.44591311368e-07, 6.856046042e-08, 9.27349841362e-09, 1.67218132674e-08, 7.15425318987e-09, 2.63928168209e-09, 1.722124221e-09, 1.30892463535e-09, 1.90019944224e-10, 1.27380953008e-10, 5.33172360428e-11, 4.88278306676e-11, 1.47018300312e-10, 5.41741998483e-11, 4.99824313882e-11, 2.92269264346e-11, 2.02222214668e-11, 1.51883228217e-11, 1.0092299392e-11, 3.23974527761e-11, 1.12112194528e-10, 1.38079200851e-10, 1.29120325543e-10, 2.20753318403e-10, 1.65097407967e-10, 7.81063963506e-11, 1.39806959412e-11, 5.3432341017e-12],
        "dvar2": [2.29696695442e-07, 1.15573875519e-05, 2.42544001594e-06, 3.02440611222e-07, 3.90035467035e-07, 2.16911146822e-07, 2.53419813134e-07, 6.34684226952e-07, 4.14495531231e-07, 3.98322441697e-07, 4.01043621423e-07, 5.35540721103e-07, 3.00209791249e-07, 1.42950781878e-07, 2.05978967216e-08, 3.94644281698e-08, 1.70457195026e-08, 6.28658325397e-09, 3.8890477505e-09, 2.83723133876e-09, 4.17440748635e-10, 2.99200469955e-10, 1.39797853849e-10, 1.29212959776e-10, 3.44591993828e-10, 1.34157213116e-10, 1.08859428416e-10, 6.42232517167e-11, 4.20079040997e-11, 3.58615220852e-11, 1.80908968361e-11, 6.39946984293e-11, 2.04542716098e-10, 3.21951298954e-10, 2.76458439474e-10, 5.08247444131e-10, 3.07782910269e-10, 1.74995365421e-10, 2.90325697511e-11, 1.0753451081e-11],
        "max": [0.0080996081233, 0.0623922273517, 0.0342036858201, 0.00637028086931, 0.0181065034121, 0.00970963202417, 0.012439372018, 0.0152544751763, 0.0171376708895, 0.0176123771816, 0.0123774968088, 0.012642593123, 0.0104111004621, 0.00776276970282, 0.00401472719386, 0.00400693202391, 0.00174077716656, 0.00139397988096, 0.00160326866899, 0.0015789050376, 0.000511716294568, 0.000415282469476, 0.000170079365489, 0.000248653290328, 0.000382139900466, 0.000186859018868, 0.000178544869414, 0.000239679182414, 0.00017311249394, 0.000114552181913, 0.000150519626914, 0.00028486456722, 0.00075793050928, 0.000576875871047, 0.000346808577888, 0.000625883811153, 0.000734717759769, 0.000620586331934, 0.000249284377787, 0.000167114209034],
        "mean": [0.000262336718151, 0.0019726131577, 0.000898068363313, 0.000364125124179, 0.000424989964813, 0.00045521883294, 0.00041022762889, 0.000481227878481, 0.000481147086248, 0.000240412875428, 0.00033142187749, 0.000355646538083, 0.00025240299874, 0.000185602315469, 6.00775347266e-05, 7.25641002646e-05, 4.06808248954e-05, 1.99767018785e-05, 1.90191076399e-05, 1.31130891532e-05, 8.9565428425e-06, 8.39203494252e-06, 7.07479193807e-06, 6.67335098115e-06, 8.10280653241e-06, 5.17247099197e-06, 5.70350948692e-06, 5.22517211721e-06, 3.52195547748e-06, 2.77131516668e-06, 1.73650073521e-06, 3.39835605701e-06, 3.40767451235e-06, 2.43050249082e-06, 2.52153972724e-06, 2.25528015108e-06, 1.81140887889e-06, 1.17378419873e-06, 7.55138842123e-07, 5.12265444286e-07],
        "median": [5.09682067786e-05, 0.000321296683978, 0.000323418149492, 0.000160404772032, 0.000185963654076, 0.000167920079548, 0.000142308519571, 0.000119823896966, 7.40153554943e-05, 4.02581172239e-05, 3.51465205313e-05, 2.37381063926e-05, 1.71391020558e-05, 1.45437779793e-05, 6.76803256283e-06, 4.61571335109e-06, 3.37924893756e-06, 2.30387468036e-06, 3.04887930724e-06, 2.08585834116e-06, 2.81165785054e-06, 3.02254011331e-06, 2.94406345347e-06, 2.56368139162e-06, 1.69761483448e-06, 1.40097847634e-06, 1.35022571612e-06, 2.13262342186e-06, 1.27423834329e-06, 7.72246778524e-07, 5.43648354778e-07, 7.98867802132e-07, 7.30166448193e-07, 4.66075420036e-07, 3.82324458315e-07, 3.0329451306e-07, 2.52704950299e-07, 1.89243309023e-07, 1.45530535178e-07, 1.11656902391e-07],
        "min": [7.30310268329e-25, 1.82736887403e-24, 9.0739968079e-25, 1.30561676435e-24, 8.88235685604e-25, 1.22629127831e-24, 6.97314386031e-25, 1.14535128981e-24, 1.74143983334e-24, 1.7225509534e-24, 1.457936043e-24, 1.861658291e-24, 1.71817060601e-24, 1.31275329314e-24, 1.87500187321e-24, 2.50708337883e-24, 2.56869795148e-24, 2.90801424252e-24, 2.42385855333e-24, 2.92398394268e-24, 4.31235586448e-24, 4.22512323115e-24, 3.29192760154e-24, 3.54731698087e-24, 4.35727754872e-24, 4.3113212734e-24, 4.75491827079e-24, 4.05167756721e-24, 4.81245226319e-24, 3.8776106753e-24, 4.78192571274e-24, 5.06028553834e-24, 4.7488554803e-24, 5.76554690913e-24, 6.03969224534e-24, 5.87534254207e-24, 6.36041666256e-24, 5.91456233969e-24, 5.22434572966e-24, 6.12144623968e-24],
        "var": [4.1675770035e-07, 1.85390545084e-05, 3.3527130654e-06, 3.33908360517e-07, 8.31194597595e-07, 5.08584321324e-07, 4.6515438612e-07, 1.09176232854e-06, 2.01106558961e-06, 6.14349289663e-07, 8.444908417e-07, 1.01512603123e-06, 5.57828514047e-07, 2.38919767526e-07, 2.84082997126e-08, 6.334425251e-08, 1.51031773754e-08, 5.15514653188e-09, 4.38682867809e-09, 4.04211153437e-09, 4.81464146329e-10, 3.04254371697e-10, 1.30217239769e-10, 1.27649793513e-10, 4.92104690331e-10, 1.56928234296e-10, 1.574869124e-10, 8.30478394387e-11, 5.1021815245e-11, 3.47012071855e-11, 2.3698473739e-11, 7.90609591683e-11, 2.23660687193e-10, 1.78702483367e-10, 1.91980736863e-10, 2.82999568224e-10, 2.50860276996e-10, 8.93727175599e-11, 2.01534795796e-11, 8.04857396008e-12]
    },
    "mfcc": {
        "mean": [-691.361877441, 120.684432983, 17.5850734711, 14.3899993896, -12.6734409332, -4.03852891922, -3.60338878632, 2.71442604065, -4.96892309189, -2.86044764519, -3.4762442112, 0.212029412389, -0.250473618507],
        "cov": [[13805.1191406, 632.96282959, -1086.42150879, -330.435119629, -679.921020508, 55.9167556763, 29.8366947174, 68.3663787842, -89.1397399902, -53.0510139465, -56.0293693542, -112.702377319, -25.120672226], [632.96282959, 1978.16101074, 397.540039062, 19.5375862122, -133.709091187, -62.256275177, 87.805519104, 32.0776939392, 29.5633296967, -21.1422424316, -17.2843780518, 33.4321136475, 39.3549423218], [-1086.42150879, 397.540039062, 940.099365234, 285.510559082, 174.813751221, -7.0641503334, -55.1323776245, 62.2583389282, 71.0465621948, 42.6754951477, -20.2756652832, 100.458061218, 32.727394104], [-330.435119629, 19.5375862122, 285.510559082, 583.843139648, 372.510772705, -18.0408115387, -107.124198914, 17.1176280975, 66.4615631104, 44.9184608459, -56.4279632568, 60.1106376648, 30.4495868683], [-679.921020508, -133.709091187, 174.813751221, 372.510772705, 469.311065674, 41.5036010742, -104.190444946, -20.6344547272, 44.2020111084, 77.461769104, -21.1726150513, 40.5101013184, -1.3736487627], [55.9167556763, -62.256275177, -7.0641503334, -18.0408115387, 41.5036010742, 214.001525879, 96.7030258179, 27.488527298, 14.1448631287, 47.7876853943, 68.1577148438, 9.93972015381, -9.20370483398], [29.8366947174, 87.805519104, -55.1323776245, -107.124198914, -104.190444946, 96.7030258179, 296.416595459, 104.221359253, -15.0995893478, 3.21706628799, 55.7102012634, -32.0217437744, -14.3811235428], [68.3663787842, 32.0776939392, 62.2583389282, 17.1176280975, -20.6344547272, 27.488527298, 104.221359253, 175.227798462, 44.9106216431, -3.35379481316, 28.6739521027, 4.74513626099, 13.4070539474], [-89.1397399902, 29.5633296967, 71.0465621948, 66.4615631104, 44.2020111084, 14.1448631287, -15.0995893478, 44.9106216431, 128.753936768, 40.5422401428, -10.4709949493, 18.3293476105, 13.0980606079], [-53.0510139465, -21.1422424316, 42.6754951477, 44.9184608459, 77.461769104, 47.7876853943, 3.21706628799, -3.35379481316, 40.5422401428, 138.267990112, 16.8946666718, -9.88630580902, -11.2303304672], [-56.0293693542, -17.2843780518, -20.2756652832, -56.4279632568, -21.1726150513, 68.1577148438, 55.7102012634, 28.6739521027, -10.4709949493, 16.8946666718, 133.975524902, 35.4963302612, -8.84069919586], [-112.702377319, 33.4321136475, 100.458061218, 60.1106376648, 40.5101013184, 9.93972015381, -32.0217437744, 4.74513626099, 18.3293476105, -9.88630580902, 35.4963302612, 135.493804932, 37.1259346008], [-25.120672226, 39.3549423218, 32.727394104, 30.4495868683, -1.3736487627, -9.20370483398, -14.3811235428, 13.4070539474, 13.0980606079, -11.2303304672, -8.84069919586, 37.1259346008, 101.104911804]],
