{
"lowlevel": {
    "average_loudness": 0.928324818611,
    "barkbands_crest": {
        "dmean": 2.27678108215,
        "dmean2": 3.79407930374,
        "dvar": 4.55388689041,
        "dvar2": 13.0267486572,
        "max": 26.0817546844,
        "mean": 7.45028781891,
        "median": 6.75932025909,
        "min": 2.134339571,
        "var": 10.519618988
    },
    "barkbands_flatness_db": {
        "dmean": 0.0154277505353,
        "dmean2": 0.0234629344195,
        "dvar": 0.000241346468101,
        "dvar2": 0.000534722348675,
        "max": 0.385666966438,
        "mean": 0.111021585763,
        "median": 0.111952491105,
        "min": 0.0237190835178,
        "var": 0.00139657245018
    },
    "barkbands_kurtosis": {
        "dmean": 1.4172924757,
        "dmean2": 2.22610116005,
        "dvar": 39.3271713257,
        "dvar2": 108.303085327,
        "max": 414.035919189,
        "mean": 0.935703217983,
        "median": -0.534270048141,
        "min": -1.90556883812,
        "var": 45.7636451721
    },
    "barkbands_skewness": {
        "dmean": 0.425352394581,
        "dmean2": 0.639835715294,
        "dvar": 0.208952113986,
        "dvar2": 0.484147310257,
        "max": 18.4142932892,
        "mean": 0.892036497593,
        "median": 0.724438965321,
        "min": -2.15652489662,
        "var": 1.06557238102
    },
    "barkbands_spread": {
        "dmean": 6.03672552109,
        "dmean2": 9.10845470428,
        "dvar": 42.4109687805,
        "dvar2": 96.5364990234,
        "max": 134.937011719,
        "mean": 34.2038536072,
        "median": 34.1059112549,
        "min": 1.01940917969,
        "var": 182.775756836
    },
    "dissonance": {
        "dmean": 0.0114571359009,
        "dmean2": 0.0193948969245,
        "dvar": 0.000125476508401,
        "dvar2": 0.000352089555236,
        "max": 0.499999970198,
        "mean": 0.478392869234,
        "median": 0.482097357512,
        "min": 0.386436074972,
        "var": 0.000230415127589
    },
    "dynamic_complexity": 2.61804151535,
    "erbbands_crest": {
        "dmean": 2.30227184296,
        "dmean2": 3.68104982376,
        "dvar": 5.08812570572,
        "dvar2": 12.0314702988,
        "max": 27.34349823,
        "mean": 7.81758165359,
        "median": 6.8911819458,
        "min": 2.13458490372,
        "var": 15.324306488
    },
    "erbbands_flatness_db": {
        "dmean": 0.0127971377224,
        "dmean2": 0.018377199769,
        "dvar": 0.000162578755408,
        "dvar2": 0.000302568165353,
        "max": 0.265501022339,
        "mean": 0.158535569906,
        "median": 0.158918067813,
        "min": 0.03483261168,
        "var": 0.000968622742221
    },
    "erbbands_kurtosis": {
        "dmean": 0.563466131687,
        "dmean2": 0.888448774815,
        "dvar": 0.470149278641,
        "dvar2": 1.07503437996,
        "max": 13.8810043335,
        "mean": -0.296093642712,
        "median": -0.635684728622,
        "min": -1.73284518719,
        "var": 1.36567890644
    },
    "erbbands_skewness": {
        "dmean": 0.294727891684,
        "dmean2": 0.442575395107,
        "dvar": 0.0636117681861,
        "dvar2": 0.147016435862,
        "max": 2.38211464882,
        "mean": -0.255677580833,
        "median": -0.238062247634,
        "min": -3.09858107567,
        "var": 0.403013676405
    },
    "erbbands_spread": {
        "dmean": 7.19202136993,
        "dmean2": 11.0484838486,
        "dvar": 44.1939163208,
        "dvar2": 97.4613189697,
        "max": 151.807174683,
        "mean": 44.8769340515,
        "median": 44.3812408447,
        "min": 9.14094734192,
        "var": 214.988418579
    },
    "hfc": {
        "dmean": 8.98693275452,
        "dmean2": 11.8584756851,
        "dvar": 331.381225586,
        "dvar2": 592.889587402,
        "max": 281.637023926,
        "mean": 29.1329231262,
        "median": 21.8265247345,
        "min": 1.06331374444e-16,
        "var": 870.312072754
    },
    "melbands_crest": {
        "dmean": 3.51808619499,
        "dmean2": 5.86256885529,
        "dvar": 10.9526462555,
        "dvar2": 29.7312660217,
        "max": 39.4208717346,
        "mean": 12.2600746155,
        "median": 11.1281852722,
        "min": 1.00215911865,
        "var": 29.4700946808
    },
    "melbands_flatness_db": {
        "dmean": 0.0214664135128,
        "dmean2": 0.0319034196436,
        "dvar": 0.000455252826214,
        "dvar2": 0.000928694906179,
        "max": 0.451054126024,
        "mean": 0.147848203778,
        "median": 0.147667214274,
        "min": 7.55011342335e-07,
        "var": 0.00335801416077
    },
    "melbands_kurtosis": {
        "dmean": 4.4635477066,
        "dmean2": 7.04163742065,
        "dvar": 133.226898193,
        "dvar2": 345.329681396,
        "max": 668.550476074,
        "mean": 8.01733112335,
        "median": 3.83426094055,
        "min": -1.74033331871,
        "var": 280.85925293
    },
    "melbands_skewness": {
        "dmean": 0.586104333401,
        "dmean2": 0.903457581997,
        "dvar": 0.435901790857,
        "dvar2": 1.03549838066,
        "max": 20.933965683,
        "mean": 2.2423684597,
        "median": 1.96712899208,
        "min": -0.607730925083,
        "var": 1.99382412434
    },
    "melbands_spread": {
        "dmean": 10.0759181976,
        "dmean2": 14.9890613556,
        "dvar": 101.950714111,
        "dvar2": 218.300521851,
        "max": 153.597290039,
        "mean": 41.4008560181,
        "median": 37.6263771057,
        "min": 0.603751778603,
        "var": 579.174194336
    },
    "pitch_salience": {
        "dmean": 0.0720299109817,
        "dmean2": 0.12033777684,
        "dvar": 0.00439801625907,
        "dvar2": 0.0119827091694,
        "max": 0.99594527483,
        "mean": 0.571766495705,
        "median": 0.573466837406,
        "min": 0.0383367314935,
        "var": 0.0117329005152
    },
    "silence_rate_20dB": {
        "dmean": 0,
        "dmean2": 0,
        "dvar": 0,
        "dvar2": 0,
        "max": 1,
        "mean": 1,
        "median": 1,
        "min": 1,
        "var": 0
    },
    "silence_rate_30dB": {
        "dmean": 0,
        "dmean2": 0,
        "dvar": 0,
        "dvar2": 0,
        "max": 1,
        "mean": 1,
        "median": 1,
        "min": 1,
        "var": 0
    },
    "silence_rate_60dB": {
        "dmean": 0.0101803373545,
        "dmean2": 0.0203636363149,
        "dvar": 0.0100762676448,
        "dvar2": 0.0254741515964,
        "max": 1,
        "mean": 0.0463865064085,
        "median": 0,
        "min": 0,
        "var": 0.0442346818745
    },
    "spectral_centroid": {
        "dmean": 291.246063232,
        "dmean2": 435.485992432,
        "dvar": 91902.4921875,
        "dvar2": 190204.515625,
        "max": 11618.8554688,
        "mean": 2172.53173828,
        "median": 2183.37524414,
        "min": 294.096801758,
        "var": 1012581.9375
    },
    "spectral_complexity": {
        "dmean": 3.98836541176,
        "dmean2": 5.98021841049,
        "dvar": 18.8868293762,
        "dvar2": 32.6392555237,
        "max": 63,
        "mean": 24.0245742798,
        "median": 24,
        "min": 0,
        "var": 121.175445557
    },
    "spectral_decrease": {
        "dmean": 1.2420311446e-09,
        "dmean2": 1.76218206693e-09,
        "dvar": 1.92203583735e-18,
        "dvar2": 3.97989224974e-18,
        "max": 1.46581456769e-28,
        "mean": -4.89117590874e-09,
        "median": -4.50256898432e-09,
        "min": -1.6753222809e-08,
        "var": 8.26049608501e-18
    },
    "spectral_energy": {
        "dmean": 0.00517931766808,
        "dmean2": 0.00712528638542,
        "dvar": 3.31452029059e-05,
        "dvar2": 6.33442250546e-05,
        "max": 0.0686978697777,
        "mean": 0.0211028400809,
        "median": 0.0195451993495,
        "min": 9.99054849792e-21,
        "var": 0.000152089545736
    },
    "spectral_energyband_high": {
        "dmean": 0.00103267095983,
        "dmean2": 0.0014229954686,
        "dvar": 3.95183906221e-06,
        "dvar2": 6.93940228302e-06,
        "max": 0.0294025465846,
        "mean": 0.00257629272528,
        "median": 0.00141886039637,
        "min": 7.11303352389e-21,
        "var": 1.07500227386e-05
    },
    "spectral_energyband_low": {
        "dmean": 0.00285161752254,
        "dmean2": 0.00448926677927,
        "dvar": 1.95736756723e-05,
        "dvar2": 4.86810822622e-05,
        "max": 0.0479113534093,
        "mean": 0.00567776430398,
        "median": 0.00339133432135,
        "min": 1.0730640602e-23,
        "var": 4.33243912994e-05
    },
    "spectral_energyband_middle_high": {
        "dmean": 0.00152385188267,
        "dmean2": 0.00220002792776,
        "dvar": 3.59159207619e-06,
        "dvar2": 7.25490599507e-06,
        "max": 0.0314551815391,
        "mean": 0.00556792132556,
        "median": 0.0043730000034,
        "min": 1.1769921836e-21,
        "var": 2.07180528378e-05
    },
    "spectral_energyband_middle_low": {
        "dmean": 0.00301775010303,
        "dmean2": 0.00478506134823,
        "dvar": 1.63293007063e-05,
        "dvar2": 3.93457448808e-05,
        "max": 0.0524208135903,
        "mean": 0.00797693990171,
        "median": 0.00626200996339,
        "min": 1.4877934343e-22,
        "var": 4.01992692787e-05
    },
    "spectral_entropy": {
        "dmean": 0.102410063148,
        "dmean2": 0.145265743136,
        "dvar": 0.0118338307366,
        "dvar2": 0.0200747009367,
        "max": 9.81290626526,
        "mean": 7.76810503006,
        "median": 7.69839000702,
        "min": 6.68563938141,
        "var": 0.119740784168
    },
    "spectral_flux": {
        "dmean": 0.0183508172631,
        "dmean2": 0.0280217304826,
        "dvar": 0.000341286096955,
        "dvar2": 0.000760123308282,
        "max": 0.200053185225,
        "mean": 0.0803738683462,
        "median": 0.077937155962,
        "min": 6.36689936884e-11,
        "var": 0.00121175462846
    },
    "spectral_kurtosis": {
        "dmean": 0.988551259041,
        "dmean2": 1.725517869,
        "dvar": 0.92858594656,
        "dvar2": 2.78537011147,
        "max": 13.2149085999,
        "mean": 2.23608660698,
        "median": 1.97195386887,
        "min": -1.24640309811,
        "var": 1.74103999138
    },
    "spectral_rms": {
        "dmean": 0.000549256335944,
        "dmean2": 0.000745070050471,
        "dvar": 3.23806261804e-07,
        "dvar2": 5.84275937854e-07,
        "max": 0.00818671565503,
        "mean": 0.0042945984751,
        "median": 0.00436674803495,
        "min": 3.12199875327e-12,
        "var": 2.14456918002e-06
    },
    "spectral_rolloff": {
        "dmean": 772.00390625,
        "dmean2": 1223.03649902,
        "dvar": 1406965.875,
        "dvar2": 3140730.5,
        "max": 19422.9492188,
        "mean": 2939.98291016,
        "median": 2627.05078125,
        "min": 21.533203125,
        "var": 5556091.5
    },
    "spectral_skewness": {
        "dmean": 0.150146573782,
        "dmean2": 0.247333943844,
        "dvar": 0.0168712958694,
        "dvar2": 0.0448129400611,
        "max": 2.38992547989,
        "mean": 0.913545846939,
        "median": 0.889948785305,
        "min": -0.0754801779985,
        "var": 0.0725085064769
    },
    "spectral_spread": {
        "dmean": 370683.15625,
        "dmean2": 538127.6875,
        "dvar": 474851540992,
        "dvar2": 891945353216,
        "max": 41964228,
        "mean": 4466068.5,
        "median": 3879229.25,
        "min": 2393183.25,
        "var": 1.02552085463e+13
    },
    "spectral_strongpeak": {
        "dmean": 0.804889082909,
        "dmean2": 1.39566040039,
        "dvar": 3.72159266472,
        "dvar2": 10.1014661789,
        "max": 57.5576324463,
        "mean": 1.11118173599,
        "median": 0.422266572714,
        "min": 0,
        "var": 3.8177523613
    },
    "zerocrossingrate": {
        "dmean": 0.0126625755802,
        "dmean2": 0.0142545457929,
        "dvar": 0.000243946051341,
        "dvar2": 0.000311937503284,
        "max": 0.52978515625,
        "mean": 0.0930770412087,
        "median": 0.08349609375,
        "min": 0.001953125,
        "var": 0.00297306035645
    },
    "barkbands": {
        "dmean": [1.44916530189e-05, 0.00109331449494, 0.00219466141425, 0.000882825988811, 0.0014074484352, 0.000853643578012, 0.000564199872315, 0.000523841066752, 0.000568278250284, 0.000577097351197, 0.000262607063632, 0.000307900889311, 0.000277314626146, 0.000283326255158, 0.000216910833842, 0.000349954992998, 0.000288829061901, 0.000293779448839, 0.000187113677384, 0.000389646011172, 0.000418150157202, 0.000162278811331, 0.000107612773718, 0.000108708809421, 0.000256236904534, 1.31913375299e-05, 8.93877313501e-07],
        "dmean2": [2.28291937674e-05, 0.0018684277311, 0.00364748435095, 0.00150362064596, 0.00238348171115, 0.00140553328674, 0.000912367599085, 0.000802256632596, 0.000867876166012, 0.000896332552657, 0.000425919337431, 0.000483151117805, 0.000443409284344, 0.000458998139948, 0.000341194536304, 0.000535642437171, 0.000445886136731, 0.00045945608872, 0.000291842443403, 0.000593568547629, 0.000630361377262, 0.000223490322242, 0.000146233200212, 0.000151103668031, 0.000392470275983, 1.92462393898e-05, 1.48805531808e-06],
        "dvar": [6.07398131791e-10, 3.12310066874e-06, 1.36679145726e-05, 1.54793190177e-06, 6.39067138763e-06, 1.27145915485e-06, 1.08232745788e-06, 1.52613745286e-06, 1.25564940845e-06, 1.46906222653e-06, 3.10973945261e-07, 4.44025744173e-07, 4.72866901191e-07, 3.00409851661e-07, 1.71757591261e-07, 4.46383978669e-07, 3.08450211151e-07, 1.96027897914e-07, 1.05239330139e-07, 4.31931084677e-07, 5.76869354063e-07, 1.40150390848e-07, 5.94840265933e-08, 1.02928567003e-07, 1.19255139452e-06, 2.99430569228e-09, 2.63197276473e-11],
        "dvar2": [1.33227318067e-09, 8.70153053256e-06, 3.91459652747e-05, 4.30945465268e-06, 1.58785351232e-05, 3.50819254891e-06, 2.60180922851e-06, 3.64271863873e-06, 2.72598094853e-06, 3.19943569593e-06, 6.9020080673e-07, 1.03306047095e-06, 1.09850634544e-06, 7.26008750007e-07, 3.85663611269e-07, 9.69311372501e-07, 6.93616414082e-07, 4.65590431986e-07, 2.36400552467e-07, 9.17716306503e-07, 1.29612737965e-06, 2.86542331196e-07, 1.14941528295e-07, 1.89512945781e-07, 2.9054483548e-06, 6.94982915661e-09, 6.86466092303e-11],
        "max": [0.000466852099635, 0.0156594123691, 0.0379662923515, 0.0132437925786, 0.0465864352882, 0.016501493752, 0.0154102761298, 0.0271810237318, 0.023644298315, 0.0230586659163, 0.0190683044493, 0.0188112780452, 0.0149983232841, 0.0148335807025, 0.00866295956075, 0.0141461230814, 0.0156905800104, 0.00972117949277, 0.00566320260987, 0.0230538286269, 0.0155589468777, 0.00687554525211, 0.00395219679922, 0.00623045535758, 0.0170814301819, 0.000984969432466, 0.000118319163448],
        "mean": [2.5231980544e-05, 0.00165715243202, 0.00342191546224, 0.00122239696793, 0.00207824446261, 0.00151541538071, 0.000939741148613, 0.000895980396308, 0.00108571525197, 0.00103165558539, 0.000418181589339, 0.000525176990777, 0.000458780414192, 0.000492366380058, 0.000365390325896, 0.000626955996267, 0.000553950492758, 0.000614627380855, 0.000391183595639, 0.000846692477353, 0.000898062135093, 0.000347539928043, 0.000225580632105, 0.000175099950866, 0.000275211408734, 1.39307039717e-05, 7.32800742753e-07],
        "median": [1.73959961103e-05, 0.000932544644456, 0.00179535965435, 0.000721916847397, 0.00116572808474, 0.00109456758946, 0.000431055610534, 0.00025711779017, 0.000392842688598, 0.000291558681056, 0.000175814100658, 0.00020231383678, 0.000164083132404, 0.0002414915798, 0.000164211160154, 0.000265416339971, 0.00028571736766, 0.000383696897188, 0.000226252508583, 0.000499118992593, 0.000411783083109, 0.000154296925757, 6.91299137543e-05, 3.04884852085e-05, 1.08844023998e-05, 1.05632057057e-06, 1.17679093137e-08],
        "min": [4.17561629289e-25, 1.86153858135e-24, 1.44565298567e-24, 1.2395866414e-24, 1.24494888396e-23, 4.33689022749e-24, 4.53447187968e-24, 1.79722835266e-23, 2.1978070294e-23, 2.47519497836e-23, 1.32887264022e-23, 3.55795043144e-23, 3.3672183796e-23, 5.09993905169e-23, 4.33517469168e-23, 6.40754037314e-23, 6.18965004914e-23, 1.00541552993e-22, 1.48092580058e-22, 1.83184407405e-22, 2.6812824286e-22, 3.17051401962e-22, 4.31576991248e-22, 5.72913047072e-22, 8.49486014369e-22, 1.39805589938e-21, 2.00250005762e-21],
        "var": [8.71975436301e-10, 4.40779695055e-06, 2.10393900488e-05, 2.08770279642e-06, 1.05281169454e-05, 2.12755116991e-06, 2.26943916459e-06, 3.75741228709e-06, 4.08416599385e-06, 4.82899349663e-06, 9.27855467125e-07, 1.08316805836e-06, 1.10711505386e-06, 6.90321371621e-07, 3.62969643675e-07, 1.16414321383e-06, 8.28544955311e-07, 5.02510033584e-07, 2.46527690706e-07, 1.31042497742e-06, 1.77242452537e-06, 3.12752348464e-07, 1.56459620371e-07, 1.95209779008e-07, 1.20961385619e-06, 3.15273607221e-09, 2.07107681699e-11]
    },
    "erbbands": {
        "dmean": [0.00973506178707, 0.325502842665, 2.25119280815, 2.1377620697, 5.08533239365, 4.36476325989, 3.87861394882, 8.2540435791, 7.57522296906, 8.48075771332, 12.6493024826, 11.8450813293, 16.6958522797, 15.4656276703, 10.4138965607, 11.8330583572, 12.1547136307, 11.5041122437, 12.5508880615, 12.7851448059, 17.497461319, 16.0579833984, 14.213924408, 12.6168260574, 7.23358297348, 15.9865407944, 25.0464820862, 6.78330373764, 5.95706748962, 5.02318239212, 2.58312487602, 2.22282242775, 1.63021957874, 1.36395215988, 2.89379096031, 0.169533953071, 0.0193736385554, 0.00357731967233, 0.000101493154943, 1.31111828523e-05],
        "dmean2": [0.0165056046098, 0.54403012991, 3.69071125984, 3.47833013535, 8.59699821472, 7.52766466141, 6.31260967255, 13.7453260422, 12.3249149323, 13.5790977478, 19.1043224335, 17.8597393036, 25.5207824707, 23.5594482422, 16.6743450165, 18.5919685364, 19.2571029663, 18.5914878845, 19.7655029297, 19.8755588531, 26.5204181671, 24.3272571564, 22.2253437042, 19.4660644531, 11.0599660873, 23.9452877045, 36.9989051819, 9.78987026215, 8.31147861481, 6.85371398926, 3.56163954735, 2.98955106735, 2.32544493675, 1.97220492363, 4.54905891418, 0.249733880162, 0.0286800786853, 0.00568862818182, 0.000156976297149, 1.78465743375e-05],
        "dvar": [0.000182256873813, 0.284637063742, 14.7258901596, 8.76473045349, 94.69190979, 42.1624298096, 25.6402702332, 128.976654053, 182.546569824, 267.643585205, 1017.52160645, 600.810546875, 1326.28662109, 1169.26013184, 466.54788208, 661.311157227, 832.397460938, 636.874633789, 529.991333008, 550.247253418, 1312.17626953, 1119.52160645, 538.372497559, 373.118743896, 164.369491577, 658.586669922, 2045.50463867, 167.484771729, 205.945724487, 130.888549805, 33.4000930786, 41.1098709106, 22.7279396057, 27.0430641174, 165.001708984, 0.477783501148, 0.00681036757305, 0.000359109893907, 2.34857722603e-07, 1.07922915049e-09],
        "dvar2": [0.000490577018354, 0.75148743391, 39.7262954712, 23.1803417206, 231.95475769, 114.015724182, 66.8318252563, 362.890533447, 439.44052124, 673.143554688, 2366.94775391, 1345.27050781, 2881.07666016, 2383.61791992, 1088.14672852, 1540.19140625, 1929.41784668, 1509.03356934, 1192.93005371, 1163.53735352, 2883.859375, 2471.48974609, 1289.44189453, 852.942626953, 347.591522217, 1374.15917969, 4443.23925781, 351.738433838, 428.968414307, 260.725921631, 64.3501281738, 74.5325164795, 42.2304763794, 60.851764679, 411.519500732, 1.11684930325, 0.0160128232092, 0.000914496544283, 5.8879527387e-07, 2.36238495432e-09],
        "max": [0.199161306024, 4.77356243134, 39.1917037964, 40.0349769592, 154.946624756, 99.3855895996, 77.3163299561, 179.590744019, 224.426651001, 289.857818604, 741.919311523, 570.853515625, 780.905578613, 811.914855957, 874.30065918, 607.817504883, 793.766601562, 754.776855469, 475.395355225, 546.142700195, 839.309143066, 986.472595215, 615.355773926, 379.030273438, 239.249649048, 710.172912598, 963.903930664, 266.688293457, 275.257843018, 197.273635864, 97.6306152344, 123.950675964, 85.7550048828, 69.7696228027, 214.88053894, 10.2659578323, 1.56999349594, 0.420843988657, 0.00928614661098, 0.000508509809151],
        "mean": [0.0190244652331, 0.512412786484, 3.45854115486, 4.1718120575, 6.9206571579, 6.1684384346, 7.12839412689, 13.9549713135, 13.0215959549, 14.2264890671, 22.427526474, 22.4998607635, 31.5528717041, 28.7326316833, 19.050983429, 22.1538829803, 22.7356967926, 20.9078922272, 24.1932640076, 24.4391536713, 33.2619361877, 33.0619506836, 31.8699588776, 28.169883728, 17.7087478638, 39.7575416565, 58.5496177673, 16.5478782654, 12.6031475067, 10.4504003525, 5.63114070892, 3.79616332054, 2.57638669014, 1.65173566341, 2.98814439774, 0.184502705932, 0.0203382335603, 0.00322142452933, 0.000109647371573, 3.55546144419e-05],
        "median": [0.0145122073591, 0.272866845131, 1.68482422829, 2.84726166725, 3.07888889313, 3.76450967789, 5.47974205017, 9.72782325745, 6.19628620148, 7.09408950806, 6.77064180374, 9.20159816742, 8.92177009583, 10.2802495956, 9.4746389389, 9.10180950165, 9.16219425201, 10.431801796, 12.5500240326, 12.6939029694, 15.5347089767, 17.3351707458, 19.9712924957, 18.8960933685, 11.8800115585, 25.2826786041, 26.557138443, 8.76518344879, 5.35347652435, 4.07298803329, 1.57037901878, 0.710519492626, 0.471377134323, 0.159649193287, 0.0523131601512, 0.0101272687316, 0.00150586571544, 0.000129984371597, 1.98982161237e-05, 2.72633878922e-05],
        "min": [6.43564149185e-23, 2.52555775182e-22, 1.29018819516e-21, 5.24772508671e-21, 1.27420896808e-20, 3.7748296781e-20, 5.96073070248e-20, 4.99473141168e-20, 1.16238353582e-19, 1.42648537406e-19, 4.51044941015e-19, 6.49793746444e-19, 6.27375962771e-19, 6.47121642872e-19, 8.18712816321e-19, 1.58432187809e-18, 1.60043835495e-18, 2.55980222259e-18, 2.95020355437e-18, 4.2811828617e-18, 4.44767363949e-18, 4.55010051961e-18, 5.17166222986e-18, 6.2875884332e-18, 7.6134572119e-18, 8.67494996785e-18, 7.69888180812e-18, 1.09713315613e-17, 1.18236626004e-17, 1.21698567119e-17, 1.27524209921e-17, 9.12077302106e-18, 1.04357668563e-17, 7.84638300059e-18, 5.28637232848e-18, 4.26988771043e-18, 2.47692906497e-18, 1.06236160578e-18, 2.61133965896e-19, 2.83733192928e-20],
        "var": [0.000315103796311, 0.45135384798, 23.5666694641, 19.1086845398, 159.875396729, 59.4212684631, 41.8606300354, 198.262573242, 405.769470215, 459.752655029, 2535.63500977, 1570.0871582, 4275.04589844, 4035.15185547, 1391.15466309, 1642.09606934, 2341.45141602, 1526.95227051, 1377.63269043, 1321.39416504, 3270.48828125, 3103.0534668, 1463.82995605, 958.151306152, 406.85559082, 2345.81689453, 7169.26513672, 467.89831543, 438.687896729, 298.750823975, 99.4558181763, 83.2228240967, 41.8785629272, 32.54945755, 157.941604614, 0.514844894409, 0.00698107946664, 0.000298601924442, 2.09296615594e-07, 1.65012137288e-09]
    },
    "gfcc": {
        "mean": [-2.89434862137, 90.2012481689, -140.652069092, 56.960773468, -68.6753997803, 9.19528102875, -34.152141571, 3.70250082016, -24.4065074921, -1.49162399769, -16.431388855, -6.2720708847, -5.4535279274],
        "cov": [[16546.640625, 100.759689331, -1687.03356934, 400.903106689, -1132.48950195, 255.434341431, -605.582702637, 164.102233887, -447.750762939, 24.7018947601, -281.961975098, -156.950149536, -68.9317245483], [100.759689331, 1291.04455566, -208.243087769, 202.161468506, 309.498291016, -120.694007874, 288.328521729, -165.073883057, 136.809661865, -116.130302429, 88.2435073853, -95.9183578491, 36.0615959167], [-1687.03356934, -208.243087769, 535.925048828, -53.6675453186, 87.0115509033, 24.3398036957, -27.2451324463, 46.0457382202, 13.5287561417, 26.8408718109, 2.30930495262, 34.050163269, -45.9789085388], [400.903106689, 202.161468506, -53.6675453186, 279.70526123, 71.7136993408, -58.2629623413, 33.2166366577, -3.63445448875, 54.8595352173, -18.7169017792, 23.5486431122, -11.5069875717, 22.7773513794], [-1132.48950195, 309.498291016, 87.0115509033, 71.7136993408, 297.645935059, -23.2022418976, 151.338684082, -35.4448661804, 60.9234924316, -17.1090888977, 34.4859962463, -3.59260463715, 20.1971416473], [255.434341431, -120.694007874, 24.3398036957, -58.2629623413, -23.2022418976, 183.797592163, 14.5224981308, 11.7604207993, -38.9008522034, 7.70694875717, -13.2196512222, -16.9259166718, -21.1875286102], [-605.582702637, 288.328521729, -27.2451324463, 33.2166366577, 151.338684082, 14.5224981308, 209.137435913, -14.2736444473, 50.860748291, -29.807641983, 21.4039669037, -29.7957706451, 18.9752902985], [164.102233887, -165.073883057, 46.0457382202, -3.63445448875, -35.4448661804, 11.7604207993, -14.2736444473, 128.433654785, 20.7574672699, 20.2645969391, -31.2782611847, -0.401448816061, 3.88848924637], [-447.750762939, 136.809661865, 13.5287561417, 54.8595352173, 60.9234924316, -38.9008522034, 50.860748291, 20.7574672699, 119.136695862, 3.28349375725, 6.37800168991, -11.6736841202, 8.17788887024], [24.7018947601, -116.130302429, 26.8408718109, -18.7169017792, -17.1090888977, 7.70694875717, -29.807641983, 20.2645969391, 3.28349375725, 77.7466430664, 16.0433177948, 1.58864378929, -17.4358463287], [-281.961975098, 88.2435073853, 2.30930495262, 23.5486431122, 34.4859962463, -13.2196512222, 21.4039669037, -31.2782611847, 6.37800168991, 16.0433177948, 97.0154342651, 6.11740493774, -3.99011850357], [-156.950149536, -95.9183578491, 34.050163269, -11.5069875717, -3.59260463715, -16.9259166718, -29.7957706451, -0.401448816061, -11.6736841202, 1.58864378929, 6.11740493774, 89.1685409546, 11.9407377243], [-68.9317245483, 36.0615959167, -45.9789085388, 22.7773513794, 20.1971416473, -21.1875286102, 18.9752902985, 3.88848924637, 8.17788887024, -17.4358463287, -3.99011850357, 11.9407377243, 74.9277496338]],
        "icov": [[0.000327189016389, -0.000712863344233, 0.000793236773461, -0.00074172456516, 0.000812971789856, -0.00074215704808, 0.000897464517038, -0.0011304464424, 0.00136207893956, -0.000851313699968, 0.000901743362192, -0.000340102094924, 0.000514176674187], [-0.000712863344233, 0.00388099532574, -0.00109718926251, 0.00122675974853, -0.00281871389598, 0.00255001219921, -0.00325172394514, 0.0043139657937, -0.00433540483937, 0.00406302744523, -0.00298263388686, 0.00244829454459, -0.000619748898316], [0.000793236773461, -0.00109718926251, 0.00472224457189, -0.00126956147142, -0.00012467088527, -0.00191635533702, 0.00315931369551, -0.00357587216422, 0.00260903150775, -0.00124891346786, 0.0016751489602, -0.00125080824364, 0.0031318818219], [-0.00074172456516, 0.00122675974853, -0.00126956147142, 0.00632843840867, -0.00291410228238, 0.00227125384845, -0.00086627015844, 0.00161580648273, -0.0043365159072, 0.00283303670585, -0.00304315169342, 0.00115538598038, -0.00162597524468], [0.000812971789856, -0.00281871389598, -0.00012467088527, -0.00291410228238, 0.00983807258308, -0.00162322155666, -0.00228924001567, -0.00131593225524, 0.00306506990455, -0.00402587326244, 0.00259394245222, -0.0022743397858, -0.00031977109029], [-0.00074215704808, 0.00255001219921, -0.00191635533702, 0.00227125384845, -0.00162322155666, 0.00892105512321, -0.00447265710682, 0.00264126667753, -0.00108787242789, 0.00202846643515, -0.00176215404645, 0.00251234066673, 0.000275897007668], [0.000897464517038, -0.00325172394514, 0.00315931369551, -0.00086627015844, -0.00228924001567, -0.00447265710682, 0.0133916418999, -0.00523912115023, 0.00199579820037, -0.000208801211556, 0.00116393819917, 0.000383776903618, 0.000559905078262], [-0.0011304464424, 0.0043139657937, -0.00357587216422, 0.00161580648273, -0.00131593225524, 0.00264126667753, -0.00523912115023, 0.0160582698882, -0.00811488647014, 0.00127402192447, -0.00032434341847, 0.00239027873613, -0.0034227471333], [0.00136207893956, -0.00433540483937, 0.00260903150775, -0.0043365159072, 0.00306506990455, -0.00108787242789, 0.00199579820037, -0.00811488647014, 0.0184971112758, -0.00645377952605, 0.00461390195414, -0.00131926045287, 0.00197609281167], [-0.000851313699968, 0.00406302744523, -0.00124891346786, 0.00283303670585, -0.00402587326244, 0.00202846643515, -0.000208801211556, 0.00127402192447, -0.00645377952605, 0.0210950542241, -0.00782918930054, 0.00292065390386, 0.00201016454957], [0.000901743362192, -0.00298263388686, 0.0016751489602, -0.00304315169342, 0.00259394245222, -0.00176215404645, 0.00116393819917, -0.00032434341847, 0.00461390195414, -0.00782918930054, 0.0160756036639, -0.0030919413548, 0.00176604860462], [-0.000340102094924, 0.00244829454459, -0.00125080824364, 0.00115538598038, -0.0022743397858, 0.00251234066673, 0.000383776903618, 0.00239027873613, -0.00131926045287, 0.00292065390386, -0.0030919413548, 0.0148179652169, -0.00321021093987], [0.000514176674187, -0.000619748898316, 0.0031318818219, -0.00162597524468, -0.00031977109029, 0.000275897007668, 0.000559905078262, -0.0034227471333, 0.00197609281167, 0.00201016454957, 0.00176604860462, -0.00321021093987, 0.0175914112478]]
    },
    "melbands": {
        "dmean": [0.000182831907296, 0.000869509880431, 0.000435482972534, 0.00035760452738, 0.000131450928166, 0.000176256886334, 0.00011348244152, 9.13284457056e-05, 0.000102447462268, 7.78390531195e-05, 8.59629290062e-05, 6.86604180373e-05, 3.65261512343e-05, 3.25722539856e-05, 3.79430675821e-05, 2.22243434109e-05, 2.33963619394e-05, 2.3588168915e-05, 1.61656062119e-05, 2.29986653721e-05, 2.21993414016e-05, 1.86959205166e-05, 1.39780468089e-05, 1.62065771292e-05, 1.09610937216e-05, 6.5838721639e-06, 6.40685493636e-06, 1.35803638841e-05, 2.01192306122e-05, 8.25545157568e-06, 3.52546362592e-06, 3.21396191794e-06, 3.80933397537e-06, 2.79490882349e-06, 1.59126625476e-06, 1.04771550014e-06, 1.81231439456e-06, 1.5944065126e-06, 5.15620683927e-07, 1.04673529222e-06],
        "dmean2": [0.000314856442856, 0.00140459870454, 0.000710165011697, 0.000610349117778, 0.000215728199692, 0.000292116019409, 0.000184208663995, 0.000144979712786, 0.000154468289111, 0.000118278156151, 0.000131803113618, 0.000104988212115, 5.90636700508e-05, 5.11700927746e-05, 6.05815148447e-05, 3.50486043317e-05, 3.77601172659e-05, 3.72021386283e-05, 2.51272540481e-05, 3.54176809196e-05, 3.40973929269e-05, 2.84634425043e-05, 2.19931589527e-05, 2.54610058619e-05, 1.71000174305e-05, 1.03224101622e-05, 9.99258463708e-06, 2.06400327443e-05, 3.04194854834e-05, 1.23983309095e-05, 5.33158663529e-06, 4.60254659629e-06, 5.50388222109e-06, 3.96585255658e-06, 2.25607436732e-06, 1.53061364472e-06, 2.51347523772e-06, 2.34187291426e-06, 7.43045802665e-07, 1.5388321799e-06],
        "dvar": [7.69792336541e-08, 2.12543955058e-06, 3.59065239763e-07, 4.26039775903e-07, 2.74275038237e-08, 5.74958782806e-08, 4.21250767602e-08, 2.91866815161e-08, 6.08319439266e-08, 2.55031746832e-08, 3.40788801623e-08, 2.31712942167e-08, 6.05893690775e-09, 5.14833908838e-09, 8.24539281297e-09, 3.44334183389e-09, 2.72255706868e-09, 2.03873717908e-09, 1.11164377703e-09, 2.24214025124e-09, 2.4262842846e-09, 1.59368340746e-09, 6.8636335504e-10, 6.36744990068e-10, 3.09483716432e-10, 1.27350602286e-10, 1.22610990805e-10, 5.48861456284e-10, 1.2706433683e-09, 3.05670738721e-10, 6.06819872129e-11, 5.47720410693e-11, 9.01554872423e-11, 4.29452411133e-11, 1.32189511073e-11, 6.17508951958e-12, 3.17644729964e-11, 2.38645787159e-11, 2.19875766899e-12, 1.71902891227e-11],
        "dvar2": [2.20411834562e-07, 5.51205721422e-06, 9.28032477532e-07, 1.07014795958e-06, 7.40729646509e-08, 1.60656597359e-07, 1.01321298018e-07, 7.38548209256e-08, 1.37649720955e-07, 5.61908137797e-08, 7.40268717436e-08, 4.79103441364e-08, 1.37822988577e-08, 1.2086509571e-08, 1.94118801033e-08, 7.63431717843e-09, 6.41222808184e-09, 4.63396476746e-09, 2.56694865364e-09, 4.63111593518e-09, 5.20701037843e-09, 3.38261352262e-09, 1.68498481834e-09, 1.48503775943e-09, 7.20439596869e-10, 2.76286216128e-10, 2.74136380263e-10, 1.15557818869e-09, 2.72657363354e-09, 6.75946520978e-10, 1.36225850045e-10, 1.13821257974e-10, 1.97601879304e-10, 8.93359553e-11, 2.69580885393e-11, 1.23897003768e-11, 6.09424594122e-11, 4.73668153311e-11, 4.41653397881e-12, 3.90961048258e-11],
        "max": [0.00245500775054, 0.0150234792382, 0.00701229320839, 0.0118086421862, 0.00269650644623, 0.0037615520414, 0.00321954558603, 0.0028399261646, 0.00545526156202, 0.00320084462874, 0.00389343407005, 0.00349561055191, 0.00307768350467, 0.00266429875046, 0.00234056566842, 0.00167830672581, 0.00165187590756, 0.00106048816815, 0.000905022607185, 0.00121286266949, 0.000995295122266, 0.001000158838, 0.000641711812932, 0.00046275058412, 0.000365169194993, 0.00025386820198, 0.000363591563655, 0.000677827978507, 0.000741329451557, 0.000514454965014, 0.000209834979614, 0.000143624376506, 0.000200839247555, 0.000123232704937, 5.87501490372e-05, 5.30006327608e-05, 0.000115680377348, 9.06216300791e-05, 2.47837415372e-05, 6.88880099915e-05],
        "mean": [0.00030302038067, 0.00145487789996, 0.000836889492348, 0.000497582019307, 0.000252226134762, 0.000308197748382, 0.000196142398636, 0.000155303889187, 0.000180451374035, 0.000146481761476, 0.000160019670147, 0.00012220145436, 6.20572027401e-05, 5.56118793611e-05, 6.72721434967e-05, 3.74324263248e-05, 3.92388210457e-05, 4.18021045334e-05, 2.71577318927e-05, 3.89554479625e-05, 3.83881524613e-05, 3.42060666298e-05, 2.70996097242e-05, 3.17889971484e-05, 2.21656755457e-05, 1.35713034979e-05, 1.33268804348e-05, 2.96692051052e-05, 4.39230061602e-05, 1.77193105628e-05, 7.16843851478e-06, 6.67245330987e-06, 7.20677780919e-06, 5.37866662853e-06, 3.29774320562e-06, 2.03354829864e-06, 2.79422238236e-06, 2.39678183789e-06, 7.71205520778e-07, 1.23817801523e-06],
        "median": [0.00020075761131, 0.000748844933696, 0.000549543648958, 0.000263160007307, 0.000199505506316, 0.000216642481973, 9.0656838438e-05, 7.49430037104e-05, 5.57767598366e-05, 5.34269711352e-05, 4.19385687564e-05, 3.9291815483e-05, 2.87359689537e-05, 2.33498940361e-05, 2.08831916098e-05, 1.58819511853e-05, 1.76582307176e-05, 1.92325605894e-05, 1.30789894683e-05, 1.61500920512e-05, 1.60607851285e-05, 1.64004413818e-05, 1.51099329742e-05, 1.88131889445e-05, 1.36981889227e-05, 7.99264489615e-06, 8.30288172438e-06, 1.66593072208e-05, 1.86064607988e-05, 7.58291662351e-06, 3.25446740135e-06, 2.7912412861e-06, 2.81190455098e-06, 1.953192168e-06, 8.90252408681e-07, 5.04412582814e-07, 3.93282050482e-07, 3.59492304369e-07, 1.81951634204e-07, 9.64022603966e-08],
        "min": [6.83902370136e-25, 4.30096086731e-25, 1.03037895439e-24, 9.27104440126e-25, 2.4075330769e-24, 9.51781586963e-25, 1.61425386036e-24, 2.29921083891e-24, 2.73194226341e-24, 4.09258000514e-24, 3.0221351998e-24, 2.36538009721e-24, 1.74129113306e-24, 3.51561266109e-24, 2.8020787032e-24, 3.50877442033e-24, 4.74643012745e-24, 4.28081799435e-24, 3.84917855056e-24, 4.39830975428e-24, 3.49570102298e-24, 4.56059855843e-24, 4.45404632711e-24, 4.79309716645e-24, 4.4263983301e-24, 5.46027746033e-24, 4.97950657607e-24, 5.51383362162e-24, 4.35167190313e-24, 5.43561451299e-24, 3.8225919659e-24, 5.88772331955e-24, 6.40350148419e-24, 6.79716792502e-24, 6.38468596831e-24, 6.13834324584e-24, 4.76007781554e-24, 6.36612959324e-24, 6.29345854336e-24, 6.23141739418e-24],
        "var": [1.09509905144e-07, 3.77772357751e-06, 7.51732329718e-07, 6.48400543923e-07, 4.7310130924e-08, 9.29545649342e-08, 9.39672233358e-08, 5.55181571826e-08, 1.5471549375e-07, 7.48912540871e-08, 1.13107745392e-07, 7.78559439141e-08, 1.88634423637e-08, 1.24480381558e-08, 2.20568647791e-08, 7.25680138203e-09, 6.31698737763e-09, 4.98304819629e-09, 1.9521793071e-09, 5.50209078298e-09, 5.66820590464e-09, 4.24974544444e-09, 1.50538748134e-09, 1.60387214621e-09, 7.06644576187e-10, 3.04414049523e-10, 2.7065846786e-10, 1.74459324764e-09, 4.15922896124e-09, 8.70486682736e-10, 1.27269111916e-10, 1.21647469875e-10, 1.63729432789e-10, 8.83808512486e-11, 3.56191950934e-11, 1.53189180091e-11, 5.60285984275e-11, 4.04733330184e-11, 3.52924417121e-12, 2.01651039616e-11]
    },
    "mfcc": {
        "mean": [-623.980895996, 101.299346924, -10.74974823, 39.1909866333, -8.07603263855, 7.51441287994, -2.57656407356, 1.79210710526, -0.385014414787, -0.334478825331, -6.54072189331, 1.02582240105, -3.76404571533],
        "cov": [[6941.77099609, -260.544494629, -44.3373184204, -175.395446777, -207.647415161, -87.533531189, -48.7858734131, -46.0047454834, -28.1639270782, -0.305670768023, -46.4940109253, -29.2842788696, -99.6244277954], [-260.544494629, 1016.30578613, -156.808303833, 271.892028809, 48.8419532776, 142.791854858, 107.848892212, 51.4262695312, 48.0000457764, 26.326051712, 11.1801738739, -2.86312103271, 26.0357303619], [-44.3373184204, -156.808303833, 284.558563232, -45.462223053, 40.5610351562, -31.5895462036, -31.6428318024, -6.11394119263, -22.5022602081, -2.19776678085, 18.8965969086, 17.1208992004, -12.6150979996], [-175.395446777, 271.892028809, -45.462223053, 359.330810547, 81.0960693359, 15.9765739441, 7.28843688965, 27.0949211121, 44.7690391541, -7.32362127304, -18.9962882996, 66.3496170044, 49.5299530029], [-207.647415161, 48.8419532776, 40.5610351562, 81.0960693359, 128.374450684, 10.1895980835, 18.4457740784, 0.0517369098961, 21.3328227997, -0.772074699402, -0.0823361873627, 19.749048233, 28.8343658447], [-87.533531189, 142.791854858, -31.5895462036, 15.9765739441, 10.1895980835, 164.003479004, 50.9390983582, 32.3148612976, -12.4422912598, 10.0811491013, 18.3055114746, -21.652387619, -7.8975481987], [-48.7858734131, 107.848892212, -31.6428318024, 7.28843688965, 18.4457740784, 50.9390983582, 151.313034058, 13.4648990631, 11.6079130173, 16.2331962585, 8.67906475067, -7.80027151108, 9.70495414734], [-46.0047454834, 51.4262695312, -6.11394119263, 27.0949211121, 0.0517369098961, 32.3148612976, 13.4648990631, 101.990219116, 35.5545845032, 6.57645368576, -0.258300155401, -10.5357370377, -7.49283361435], [-28.1639270782, 48.0000457764, -22.5022602081, 44.7690391541, 21.3328227997, -12.4422912598, 11.6079130173, 35.5545845032, 131.559616089, 35.2980155945, -11.7354040146, 10.2442235947, -4.0186958313], [-0.305670768023, 26.326051712, -2.19776678085, -7.32362127304, -0.772074699402, 10.0811491013, 16.2331962585, 6.57645368576, 35.2980155945, 89.8371810913, 29.3738555908, 1.8987942934, -11.9234771729], [-46.4940109253, 11.1801738739, 18.8965969086, -18.9962882996, -0.0823361873627, 18.3055114746, 8.67906475067, -0.258300155401, -11.7354040146, 29.3738555908, 74.061882019, 17.8708057404, 1.61805474758], [-29.2842788696, -2.86312103271, 17.1208992004, 66.3496170044, 19.749048233, -21.652387619, -7.80027151108, -10.5357370377, 10.2442235947, 1.8987942934, 17.8708057404, 94.2869567871, 25.7357158661], [-99.6244277954, 26.0357303619, -12.6150979996, 49.5299530029, 28.8343658447, -7.8975481987, 9.70495414734, -7.49283361435, -4.0186958313, -11.9234771729, 1.61805474758, 25.7357158661, 73.3939285278]],
