{
"lowlevel": {
    "average_loudness": 0.904972732067,
    "barkbands_crest": {
        "dmean": 2.33493208885,
        "dmean2": 3.79730820656,
        "dvar": 4.30492115021,
        "dvar2": 10.7723693848,
        "max": 24.4484367371,
        "mean": 8.4379491806,
        "median": 7.62696123123,
        "min": 2.46116924286,
        "var": 12.3591890335
    },
    "barkbands_flatness_db": {
        "dmean": 0.0162302292883,
        "dmean2": 0.0250072106719,
        "dvar": 0.000210719212191,
        "dvar2": 0.000459593720734,
        "max": 0.301761329174,
        "mean": 0.110565274954,
        "median": 0.107159458101,
        "min": 0.0148913469166,
        "var": 0.00114807719365
    },
    "barkbands_kurtosis": {
        "dmean": 1.74032819271,
        "dmean2": 2.73246431351,
        "dvar": 6.34558725357,
        "dvar2": 14.2470874786,
        "max": 90.9956359863,
        "mean": 2.56896305084,
        "median": 1.44413232803,
        "min": -1.88732719421,
        "var": 17.8454322815
    },
    "barkbands_skewness": {
        "dmean": 0.430267304182,
        "dmean2": 0.653134047985,
        "dvar": 0.173265904188,
        "dvar2": 0.372993677855,
        "max": 7.23198699951,
        "mean": 1.12623524666,
        "median": 1.07276189327,
        "min": -3.38024973869,
        "var": 0.768121302128
    },
    "barkbands_spread": {
        "dmean": 5.13647699356,
        "dmean2": 7.87543964386,
        "dvar": 44.147895813,
        "dvar2": 94.5498352051,
        "max": 102.863227844,
        "mean": 21.2486667633,
        "median": 18.7658233643,
        "min": 1.62210988998,
        "var": 152.508209229
    },
    "dissonance": {
        "dmean": 0.0229391418397,
        "dmean2": 0.0387786701322,
        "dvar": 0.000440420291852,
        "dvar2": 0.00121116894297,
        "max": 0.500000059605,
        "mean": 0.45873850584,
        "median": 0.465478867292,
        "min": 0.256353914738,
        "var": 0.000867253518663
    },
    "dynamic_complexity": 4.31005716324,
    "erbbands_crest": {
        "dmean": 2.74294137955,
        "dmean2": 4.43958044052,
        "dvar": 6.33913612366,
        "dvar2": 15.336233139,
        "max": 29.7961940765,
        "mean": 9.44827651978,
        "median": 8.3499250412,
        "min": 2.61533474922,
        "var": 18.8859844208
    },
    "erbbands_flatness_db": {
        "dmean": 0.0167450476438,
        "dmean2": 0.0243898872286,
        "dvar": 0.000225186609896,
        "dvar2": 0.000443453725893,
        "max": 0.301927834749,
        "mean": 0.152515754104,
        "median": 0.150390699506,
        "min": 0.0519305132329,
        "var": 0.00124936562497
    },
    "erbbands_kurtosis": {
        "dmean": 1.05540633202,
        "dmean2": 1.66333949566,
        "dvar": 2.0795173645,
        "dvar2": 4.83698892593,
        "max": 40.9226570129,
        "mean": 1.18128740788,
        "median": 0.411617279053,
        "min": -1.80069935322,
        "var": 7.01796627045
    },
    "erbbands_skewness": {
        "dmean": 0.353245019913,
        "dmean2": 0.5466157794,
        "dvar": 0.103596299887,
        "dvar2": 0.230676665902,
        "max": 5.19108963013,
        "mean": 0.610731303692,
        "median": 0.589765965939,
        "min": -3.87348294258,
        "var": 0.484327703714
    },
    "erbbands_spread": {
        "dmean": 7.09453678131,
        "dmean2": 10.645647049,
        "dvar": 59.2708282471,
        "dvar2": 129.92918396,
        "max": 143.547790527,
        "mean": 32.3444633484,
        "median": 30.1078147888,
        "min": 3.47036409378,
        "var": 235.303894043
    },
    "hfc": {
        "dmean": 6.19565200806,
        "dmean2": 8.59791851044,
        "dvar": 161.107711792,
        "dvar2": 273.885314941,
        "max": 499.749786377,
        "mean": 19.6892471313,
        "median": 11.9769058228,
        "min": 1.07881041073e-16,
        "var": 668.32824707
    },
    "melbands_crest": {
        "dmean": 2.85923933983,
        "dmean2": 4.66376686096,
        "dvar": 6.56774711609,
        "dvar2": 16.8316020966,
        "max": 31.0954627991,
        "mean": 10.961769104,
        "median": 10.1593675613,
        "min": 1.48015892506,
        "var": 16.7727928162
    },
    "melbands_flatness_db": {
        "dmean": 0.0195741076022,
        "dmean2": 0.0293195471168,
        "dvar": 0.000343887397321,
        "dvar2": 0.000730422907509,
        "max": 0.430555224419,
        "mean": 0.167892411351,
        "median": 0.163969561458,
        "min": 0.0025791451335,
        "var": 0.00223881495185
    },
    "melbands_kurtosis": {
        "dmean": 3.44817686081,
        "dmean2": 5.39455842972,
        "dvar": 26.0114173889,
        "dvar2": 60.2251358032,
        "max": 110.569633484,
        "mean": 6.46625232697,
        "median": 4.24442720413,
        "min": -1.87330496311,
        "var": 61.5288162231
    },
    "melbands_skewness": {
        "dmean": 0.530234396458,
        "dmean2": 0.806887388229,
        "dvar": 0.259976446629,
        "dvar2": 0.577809393406,
        "max": 7.90788316727,
        "mean": 1.73284626007,
        "median": 1.61807131767,
        "min": -1.561617136,
        "var": 1.13562905788
    },
    "melbands_spread": {
        "dmean": 6.8966088295,
        "dmean2": 10.4712581635,
        "dvar": 132.529144287,
        "dvar2": 247.142944336,
        "max": 275.547485352,
        "mean": 26.2303180695,
        "median": 22.4046611786,
        "min": 1.37386822701,
        "var": 450.489898682
    },
    "pitch_salience": {
        "dmean": 0.0629007145762,
        "dmean2": 0.10264158994,
        "dvar": 0.00279070134275,
        "dvar2": 0.00717846490443,
        "max": 0.865947008133,
        "mean": 0.592727541924,
        "median": 0.599088966846,
        "min": 0.192316532135,
        "var": 0.00833643227816
    },
    "silence_rate_20dB": {
        "dmean": 0,
        "dmean2": 0,
        "dvar": 0,
        "dvar2": 0,
        "max": 1,
        "mean": 1,
        "median": 1,
        "min": 1,
        "var": 0
    },
    "silence_rate_30dB": {
        "dmean": 0.000795544940047,
        "dmean2": 0.00159124808852,
        "dvar": 0.000794802443124,
        "dvar2": 0.0019863625057,
        "max": 1,
        "mean": 0.99940341711,
        "median": 1,
        "min": 0,
        "var": 0.00059632078046
    },
    "silence_rate_60dB": {
        "dmean": 0.0117342881858,
        "dmean2": 0.023470910266,
        "dvar": 0.0115962736309,
        "dvar2": 0.0276924483478,
        "max": 1,
        "mean": 0.091677442193,
        "median": 0,
        "min": 0,
        "var": 0.0832620635629
    },
    "spectral_centroid": {
        "dmean": 217.942840576,
        "dmean2": 329.825286865,
        "dvar": 81387.90625,
        "dvar2": 151972.375,
        "max": 11719.1513672,
        "mean": 1278.01879883,
        "median": 1156.20288086,
        "min": 235.074111938,
        "var": 715484.0625
    },
    "spectral_complexity": {
        "dmean": 2.53281617165,
        "dmean2": 4.04753875732,
        "dvar": 6.36328411102,
        "dvar2": 14.3880643845,
        "max": 48,
        "mean": 16.1600875854,
        "median": 17,
        "min": 0,
        "var": 48.9965820312
    },
    "spectral_decrease": {
        "dmean": 1.51650692004e-09,
        "dmean2": 2.22738294475e-09,
        "dvar": 4.29359470679e-18,
        "dvar2": 9.09691713219e-18,
        "max": 1.91580557141e-28,
        "mean": -4.7225574562e-09,
        "median": -3.53723628166e-09,
        "min": -3.41209371868e-08,
        "var": 1.63059649154e-17
    },
    "spectral_energy": {
        "dmean": 0.00614146655425,
        "dmean2": 0.00897785183042,
        "dvar": 6.96735805832e-05,
        "dvar2": 0.000146232778206,
        "max": 0.137918189168,
        "mean": 0.019609907642,
        "median": 0.014722334221,
        "min": 1.02087618131e-20,
        "var": 0.000279317901004
    },
    "spectral_energyband_high": {
        "dmean": 0.000365385989426,
        "dmean2": 0.000506205076817,
        "dvar": 1.70642454123e-06,
        "dvar2": 2.74438207271e-06,
        "max": 0.0570009872317,
        "mean": 0.000766560202464,
        "median": 0.000274246413028,
        "min": 7.30534493837e-21,
        "var": 5.51497805645e-06
    },
    "spectral_energyband_low": {
        "dmean": 0.00139945256524,
        "dmean2": 0.00223123165779,
        "dvar": 6.32065439277e-06,
        "dvar2": 1.51930180436e-05,
        "max": 0.0331667214632,
        "mean": 0.0025754799135,
        "median": 0.00182827364188,
        "min": 1.64478555812e-23,
        "var": 8.05013223726e-06
    },
    "spectral_energyband_middle_high": {
        "dmean": 0.00220999890007,
        "dmean2": 0.00324937840924,
        "dvar": 1.74695433088e-05,
        "dvar2": 3.66371059499e-05,
        "max": 0.0950561389327,
        "mean": 0.00622949143872,
        "median": 0.00320870080031,
        "min": 1.2524845314e-21,
        "var": 7.60459224693e-05
    },
    "spectral_energyband_middle_low": {
        "dmean": 0.00446912506595,
        "dmean2": 0.00678581511602,
        "dvar": 4.65926423203e-05,
        "dvar2": 0.000104877086414,
        "max": 0.123383067548,
        "mean": 0.0106432717294,
        "median": 0.00736612360924,
        "min": 2.11436129129e-22,
        "var": 0.000123969191918
    },
    "spectral_entropy": {
        "dmean": 0.139979466796,
        "dmean2": 0.207056581974,
        "dvar": 0.0189048759639,
        "dvar2": 0.0363280847669,
        "max": 9.82769107819,
        "mean": 7.63278532028,
        "median": 7.61465454102,
        "min": 6.2352232933,
        "var": 0.134273290634
    },
    "spectral_flux": {
        "dmean": 0.019862189889,
        "dmean2": 0.0303849149495,
        "dvar": 0.000532846199349,
        "dvar2": 0.00115428352728,
        "max": 0.314597457647,
        "mean": 0.073616206646,
        "median": 0.0668835267425,
        "min": 6.38556013621e-11,
        "var": 0.00178651907481
    },
    "spectral_kurtosis": {
        "dmean": 1.06598842144,
        "dmean2": 1.67987179756,
        "dvar": 0.975284874439,
        "dvar2": 2.37059831619,
        "max": 19.6614665985,
        "mean": 4.19036626816,
        "median": 4.07684421539,
        "min": -1.37649166584,
        "var": 4.67945718765
    },
    "spectral_rms": {
        "dmean": 0.000635518401396,
        "dmean2": 0.0009049946093,
        "dvar": 5.11950133841e-07,
        "dvar2": 9.90841499515e-07,
        "max": 0.011599755846,
        "mean": 0.00396267557517,
        "median": 0.00378988822922,
        "min": 3.15590999514e-12,
        "var": 3.42880275639e-06
    },
    "spectral_rolloff": {
        "dmean": 497.761993408,
        "dmean2": 822.441955566,
        "dvar": 1192621.875,
        "dvar2": 2489382.25,
        "max": 19595.2148438,
        "mean": 1735.68676758,
        "median": 1248.92578125,
        "min": 129.19921875,
        "var": 4087967.75
    },
    "spectral_skewness": {
        "dmean": 0.171640262008,
        "dmean2": 0.262002557516,
        "dvar": 0.0244423747063,
        "dvar2": 0.0510506667197,
        "max": 3.52738547325,
        "mean": 1.68501615524,
        "median": 1.6894878149,
        "min": -0.199188098311,
        "var": 0.163231790066
    },
    "spectral_spread": {
        "dmean": 588751.75,
        "dmean2": 819459,
        "dvar": 706211414016,
        "dvar2": 1.23769179341e+12,
        "max": 42192768,
        "mean": 5358040,
        "median": 4815227,
        "min": 2151216.25,
        "var": 8.2542592e+12
    },
    "spectral_strongpeak": {
        "dmean": 0.650975465775,
        "dmean2": 1.04385900497,
        "dvar": 0.920631587505,
        "dvar2": 2.1022810936,
        "max": 14.8663063049,
        "mean": 1.2826962471,
        "median": 0.659399151802,
        "min": 0,
        "var": 2.69247817993
    },
    "zerocrossingrate": {
        "dmean": 0.0107057215646,
        "dmean2": 0.0124866943806,
        "dvar": 0.000256365688983,
        "dvar2": 0.00028872967232,
        "max": 0.5244140625,
        "mean": 0.0711127743125,
        "median": 0.0595703125,
        "min": 0.00830078125,
        "var": 0.00254665967077
    },
    "barkbands": {
        "dmean": [1.61833559105e-05, 0.000886945286766, 0.000545253278688, 0.000527705356944, 0.00166626530699, 0.00109393382445, 0.000882973894477, 0.00105289602652, 0.00121868820861, 0.000799418136012, 0.000653602532111, 0.000717341434211, 0.000449035927886, 0.000442796415882, 0.000253960490227, 0.000199665621039, 0.00012835006055, 7.62718409533e-05, 0.000122484489111, 7.52139603719e-05, 3.90362947655e-05, 8.26539762784e-05, 7.22640834283e-05, 0.000116759474622, 7.82124698162e-05, 3.07783084281e-05, 1.51808205828e-06],
        "dmean2": [2.818557914e-05, 0.00147600250784, 0.000911569513846, 0.0008679421735, 0.00269821891561, 0.00175180984661, 0.00138544128276, 0.00161556806415, 0.00191561761312, 0.00123296142556, 0.000986431958154, 0.00115414313041, 0.000701555167325, 0.000688444182742, 0.000394862552639, 0.000324400694808, 0.000211391758057, 0.000123879217426, 0.000187263663975, 0.000118222742458, 5.99826416874e-05, 0.000120423814224, 0.000107672683953, 0.000168326034327, 0.000111912057037, 4.4782194891e-05, 2.38013217313e-06],
        "dvar": [1.06724962201e-09, 3.13527607432e-06, 1.06505842723e-06, 9.32510545226e-07, 8.63188051881e-06, 6.35546803096e-06, 4.92487697556e-06, 8.2199148892e-06, 1.00541919892e-05, 4.96938355354e-06, 3.40345786753e-06, 5.41132658327e-06, 2.95259565064e-06, 1.96628570848e-06, 4.44509737463e-07, 4.3476228484e-07, 1.15747916141e-07, 3.32806280312e-08, 1.08033532342e-07, 6.86833701025e-08, 1.8285231107e-08, 7.95896042405e-08, 7.19336199495e-08, 2.10400855849e-07, 1.29460971721e-07, 2.23422755852e-08, 5.11229635014e-11],
        "dvar2": [2.88313661834e-09, 8.02862268756e-06, 2.77690242001e-06, 2.21119103117e-06, 2.15256313822e-05, 1.48115041156e-05, 1.07433597805e-05, 1.73063399416e-05, 2.20822385018e-05, 1.11898098112e-05, 6.80936773279e-06, 1.24180651255e-05, 6.87450301484e-06, 4.25927555625e-06, 9.84129428616e-07, 1.0141105804e-06, 2.78747648963e-07, 8.27477109056e-08, 2.30222667597e-07, 1.61195188753e-07, 3.77690660969e-08, 1.67008565199e-07, 1.47030505104e-07, 3.72206926613e-07, 2.17087631427e-07, 4.1628268832e-08, 1.17333393002e-10],
        "max": [0.0010584492702, 0.0215912759304, 0.0170973632485, 0.0272916667163, 0.05831034109, 0.0549636892974, 0.0977932289243, 0.100324347615, 0.116830565035, 0.0909886658192, 0.0531800501049, 0.0604600794613, 0.0543570891023, 0.038032270968, 0.0172263234854, 0.018938396126, 0.0183148737997, 0.00393264275044, 0.015377308242, 0.011156196706, 0.00917168147862, 0.0150396972895, 0.0132719809189, 0.02400351502, 0.015892110765, 0.00630403961986, 0.000296458922094],
        "mean": [1.87869918591e-05, 0.00124301435426, 0.000926003151108, 0.00086941185873, 0.00246226065792, 0.00158275070135, 0.00151556904893, 0.00171915325336, 0.00206739385612, 0.0013230626937, 0.00106526317541, 0.00122588733211, 0.000696733302902, 0.000707558530848, 0.000434890243923, 0.000327810703311, 0.000204179945285, 0.000132987741381, 0.000231859987252, 0.000135976326419, 7.40630348446e-05, 0.000156165217049, 0.000118387317343, 0.000194044609088, 0.000126300612465, 4.84922275064e-05, 1.89230786418e-06],
        "median": [7.92330956756e-06, 0.00080670916941, 0.000563473673537, 0.000478141184431, 0.00126215198543, 0.000593116506934, 0.00048575369874, 0.000452451320598, 0.000640704995021, 0.000330594921252, 0.000290498835966, 0.000288046809146, 0.000165342062246, 0.000226753734751, 0.000152034466737, 0.000108276588435, 9.75553048193e-05, 6.21076105745e-05, 9.2382710136e-05, 5.83574110351e-05, 3.72101349058e-05, 5.1199542213e-05, 3.11712210532e-05, 3.94310154661e-05, 2.50240645983e-05, 9.97747793008e-06, 2.90433774808e-07],
        "min": [2.74225183728e-25, 2.46610284367e-24, 1.28685844089e-24, 2.93084466598e-24, 6.92052604907e-24, 8.25300283699e-24, 5.07585252501e-24, 7.54490787783e-24, 1.1231577532e-23, 2.23444882958e-23, 1.87711503436e-23, 2.55435748574e-23, 1.89019671475e-23, 2.67417062666e-23, 5.19715038104e-23, 5.40569144113e-23, 5.71422693185e-23, 1.00707459908e-22, 1.22290227269e-22, 1.83285835985e-22, 2.86619874542e-22, 3.32403442971e-22, 4.29778438871e-22, 5.09117449149e-22, 9.06296621319e-22, 1.31023127012e-21, 2.0246842904e-21],
        "var": [1.36448263799e-09, 3.01420482174e-06, 1.30619991978e-06, 1.62708340667e-06, 1.34705796881e-05, 1.11973504318e-05, 1.18186599138e-05, 2.07070061151e-05, 2.58184682025e-05, 1.38957720992e-05, 8.6660247689e-06, 1.52194243128e-05, 5.55100496058e-06, 3.84553823096e-06, 9.84881467048e-07, 8.10863298284e-07, 1.56489434744e-07, 5.82884815969e-08, 2.87866583903e-07, 1.35801528245e-07, 4.22524131238e-08, 2.00344572931e-07, 1.70134569544e-07, 5.56571876587e-07, 3.61119560921e-07, 5.22333927222e-08, 8.68823554767e-11]
    },
    "erbbands": {
        "dmean": [0.0140467397869, 0.237957119942, 0.63354998827, 1.12894999981, 3.53925085068, 5.9703335762, 7.6204829216, 10.229590416, 10.8293590546, 19.2438144684, 22.0084400177, 26.2443962097, 28.4621429443, 18.1558380127, 27.3225803375, 25.761636734, 20.0389823914, 17.8963909149, 16.3601207733, 13.5672512054, 9.16029644012, 6.82638883591, 4.38984441757, 4.40193986893, 6.43050384521, 2.98818898201, 1.47321820259, 1.87119281292, 2.95990753174, 2.42707705498, 2.12439489365, 2.33027720451, 2.0245885849, 1.09285998344, 0.46823272109, 0.173900648952, 0.0494090951979, 0.00792470294982, 0.000169067672687, 1.23562622321e-05],
        "dmean2": [0.0236250162125, 0.396080553532, 1.05012881756, 1.82569873333, 5.96521997452, 9.76765346527, 11.7167263031, 16.4903411865, 17.2000484467, 30.2440891266, 33.3467292786, 41.4299468994, 43.0232505798, 27.8245239258, 41.2239303589, 40.2410697937, 31.0643157959, 27.1814060211, 25.259103775, 21.2797451019, 14.8116855621, 11.177775383, 7.1208114624, 6.86257076263, 9.63719081879, 4.63759565353, 2.26794457436, 2.80205178261, 4.331615448, 3.54464244843, 3.21340489388, 3.4188606739, 2.95899438858, 1.59271204472, 0.683505117893, 0.254678577185, 0.0723211169243, 0.0116065209731, 0.000246199313551, 1.73578573595e-05],
        "dvar": [0.000641375547275, 0.231783926487, 1.52027916908, 3.70877957344, 61.1480026245, 122.203445435, 261.943725586, 654.077941895, 809.558837891, 2543.60864258, 3313.2746582, 5718.20703125, 5876.80810547, 2138.02880859, 5924.45898438, 7067.11865234, 5176.13964844, 3571.88110352, 2302.9387207, 1648.92248535, 927.31427002, 310.572692871, 122.970947266, 127.72353363, 397.397857666, 66.2498779297, 10.2470350266, 99.5913162231, 102.694129944, 61.566192627, 75.0611724854, 84.7313613892, 68.8625411987, 26.9472427368, 4.55510568619, 0.65150231123, 0.0605891793966, 0.00145650503691, 6.29117266726e-07, 1.00370578515e-09],
        "dvar2": [0.00171769200824, 0.589150249958, 3.86155748367, 8.84503078461, 165.214416504, 306.792999268, 537.868286133, 1556.48291016, 1821.46459961, 5726.12939453, 7066.09423828, 12366.9570312, 12519.6328125, 4888.67822266, 11785.5224609, 15642.9970703, 11884.171875, 7738.82519531, 4962.40429688, 3735.62084961, 2314.11499023, 782.689147949, 311.602111816, 284.046264648, 792.113098145, 146.69367981, 22.4850006104, 203.171737671, 226.657333374, 119.585899353, 164.693939209, 161.721817017, 124.623008728, 51.1799507141, 7.9698805809, 1.16514217854, 0.115009367466, 0.00318394671194, 1.33994569751e-06, 1.85910453698e-09],
        "max": [0.319104582071, 5.86214828491, 17.8741207123, 51.7914428711, 154.646286011, 263.042724609, 515.350891113, 624.674438477, 840.049255371, 1628.61096191, 1566.54748535, 3295.73583984, 2036.32702637, 2067.76757812, 1993.41809082, 2476.61645508, 2338.37255859, 2143.27441406, 1623.64758301, 1100.03491211, 1034.48632812, 755.184326172, 321.161407471, 370.727294922, 1007.04541016, 310.936431885, 104.919685364, 818.769897461, 563.330505371, 371.142486572, 438.301513672, 388.876556396, 519.885192871, 248.661911011, 100.616104126, 33.0565643311, 10.0811319351, 1.53869473934, 0.0313083417714, 0.0011838786304],
        "mean": [0.0222062636167, 0.328914195299, 1.03293263912, 2.10122203827, 4.86332559586, 8.52414608002, 11.3450231552, 14.3256978989, 17.9394855499, 32.553730011, 39.1882324219, 44.2536582947, 50.5735664368, 32.4209213257, 48.2585220337, 45.6295089722, 33.6953125, 32.7628250122, 28.5879459381, 24.2107810974, 15.9282274246, 11.5869531631, 8.13119316101, 8.83476543427, 12.545050621, 6.05038833618, 2.94291734695, 3.54847216606, 5.56715774536, 4.43392753601, 3.39640808105, 3.77656650543, 3.23399305344, 1.68861818314, 0.754781186581, 0.27640992403, 0.0756735354662, 0.011441106908, 0.000258088781266, 3.40524929925e-05],
        "median": [0.0138025917113, 0.20916377008, 0.689484417439, 1.36114525795, 2.65667867661, 3.94943976402, 4.611328125, 5.00193166733, 6.44286251068, 9.61149501801, 13.3684139252, 15.2129745483, 13.9463939667, 12.0308485031, 14.9936561584, 12.7258405685, 9.86621189117, 9.91944789886, 10.4444437027, 9.09487628937, 6.04065752029, 6.01535320282, 4.31543779373, 4.32510471344, 4.63369226456, 2.90337491035, 1.61866509914, 1.52639722824, 1.8302885294, 1.3790063858, 0.861843824387, 0.823225498199, 0.591723144054, 0.311096638441, 0.148339956999, 0.0581670962274, 0.0148294037208, 0.0020478812512, 5.73189681745e-05, 2.15120362554e-05],
        "min": [1.43564695167e-22, 6.67909570545e-22, 2.61264269461e-21, 8.15917950746e-21, 1.8489645115e-20, 3.52377939284e-20, 5.31850379749e-20, 7.51773987807e-20, 1.43482555183e-19, 2.5539054071e-19, 3.97552980259e-19, 3.64708093827e-19, 5.13076300825e-19, 7.7258007468e-19, 1.27238648562e-18, 1.52242240189e-18, 9.71899376237e-19, 2.2365404528e-18, 2.65061879564e-18, 4.11854219607e-18, 3.9237502608e-18, 3.7445324821e-18, 5.73029493423e-18, 7.15928625195e-18, 9.65273783607e-18, 9.75275968856e-18, 9.91571509642e-18, 1.0457391839e-17, 1.17174236584e-17, 1.18597963311e-17, 1.17914836202e-17, 1.02276986721e-17, 9.24261341656e-18, 7.69860883852e-18, 7.40375203737e-18, 4.15686795539e-18, 2.64115378148e-18, 9.96374616586e-19, 2.56776481827e-19, 2.70381786983e-20],
        "var": [0.000736214686185, 0.220429196954, 1.63567173481, 6.77099752426, 62.0157165527, 197.819137573, 507.672973633, 1057.18017578, 1707.19921875, 5577.22070312, 9205.47070312, 13183.09375, 17271.796875, 4638.76367188, 15187.9755859, 18887.5410156, 9934.55957031, 9851.47070312, 4522.89794922, 3180.13989258, 1386.33581543, 414.182098389, 184.246643066, 327.133117676, 1088.50915527, 160.968460083, 20.6527671814, 215.886764526, 258.473114014, 153.825622559, 162.268310547, 189.00604248, 181.973892212, 66.2292480469, 12.5322217941, 1.61064326763, 0.136426478624, 0.00284427241422, 1.29318800646e-06, 2.93285618014e-09]
    },
    "gfcc": {
        "mean": [-15.1806468964, 83.6349029541, -117.059509277, 15.7640771866, -66.6238937378, 20.6448059082, -42.0127334595, 11.8192615509, -26.5261192322, 3.49179124832, -19.1910247803, -0.0955724343657, -14.2966012955],
        "cov": [[14026.8544922, 299.316101074, -820.326538086, 192.613540649, -578.97467041, 161.810806274, -294.207122803, 78.7997360229, -216.336791992, -96.9143295288, -64.0907821655, -17.5384101868, -96.2708358765], [299.316101074, 832.398254395, -83.5257644653, 31.8563232422, 156.182846069, -73.0921325684, 89.7131576538, -47.7086830139, -0.668039143085, -54.314868927, -10.9433355331, -31.2906684875, 32.0239143372], [-820.326538086, -83.5257644653, 604.971496582, 61.5787467957, 56.1655349731, 43.9454612732, -8.24391365051, 0.0291266497225, -18.0931053162, 3.68665933609, -44.2784500122, 34.5708274841, 7.57227420807], [192.613540649, 31.8563232422, 61.5787467957, 234.731109619, 64.3316268921, 12.6632938385, -18.7725524902, -3.1777510643, 27.8358917236, -7.33013248444, -8.09871673584, -15.2148637772, 19.9794712067], [-578.97467041, 156.182846069, 56.1655349731, 64.3316268921, 217.755447388, 10.3468046188, 48.0169944763, 0.463277459145, 17.0762176514, 2.85340595245, -8.63771629333, -17.035823822, 12.2589130402], [161.810806274, -73.0921325684, 43.9454612732, 12.6632938385, 10.3468046188, 152.837783813, 43.0987548828, 16.6968460083, 2.32729458809, 9.96061706543, 10.865237236, -1.50978517532, -12.6839561462], [-294.207122803, 89.7131576538, -8.24391365051, -18.7725524902, 48.0169944763, 43.0987548828, 177.991516113, 27.3445453644, -13.4463396072, -3.88390898705, 9.04083061218, 10.1049175262, -8.30473136902], [78.7997360229, -47.7086830139, 0.0291266497225, -3.1777510643, 0.463277459145, 16.6968460083, 27.3445453644, 102.605079651, 35.4991416931, 7.58411931992, -5.59587192535, -7.8745470047, -7.10416412354], [-216.336791992, -0.668039143085, -18.0931053162, 27.8358917236, 17.0762176514, 2.32729458809, -13.4463396072, 35.4991416931, 114.897239685, 29.4500770569, -1.90262305737, -18.9546661377, 3.41360640526], [-96.9143295288, -54.314868927, 3.68665933609, -7.33013248444, 2.85340595245, 9.96061706543, -3.88390898705, 7.58411931992, 29.4500770569, 80.9355773926, 24.4024887085, -7.21451282501, -6.20046377182], [-64.0907821655, -10.9433355331, -44.2784500122, -8.09871673584, -8.63771629333, 10.865237236, 9.04083061218, -5.59587192535, -1.90262305737, 24.4024887085, 88.5057373047, 20.4812088013, -3.83139896393], [-17.5384101868, -31.2906684875, 34.5708274841, -15.2148637772, -17.035823822, -1.50978517532, 10.1049175262, -7.8745470047, -18.9546661377, -7.21451282501, 20.4812088013, 83.2839508057, 18.0374660492], [-96.2708358765, 32.0239143372, 7.57227420807, 19.9794712067, 12.2589130402, -12.6839561462, -8.30473136902, -7.10416412354, 3.41360640526, -6.20046377182, -3.83139896393, 18.0374660492, 65.4770965576]],
        "icov": [[0.000134760222863, -0.000221256996156, 0.000227112977882, -0.000301289663184, 0.000421438511694, -0.000381975551136, 0.000395625014789, -0.00039646224468, 0.000484264077386, -0.000210593105294, 0.000317984842695, -0.000254961894825, 0.000269939569989], [-0.000221256996156, 0.00217927922495, -0.000204901909456, 0.000569772266317, -0.00175509171095, 0.00160287029576, -0.00173249386717, 0.00169960362837, -0.00125422794372, 0.00162435567472, -0.000852032855619, 0.00131171359681, -0.00112956238445], [0.000227112977882, -0.000204901909456, 0.00242233206518, -0.000979919568636, 5.60508415219e-05, -0.0012151816627, 0.000998880947009, -0.000753224769142, 0.00138221809175, -0.00102566240821, 0.00203668768518, -0.00184566469397, 0.000710513326339], [-0.000301289663184, 0.000569772266317, -0.000979919568636, 0.00588911958039, -0.00233431113884, 0.000295714562526, -0.000109779633931, 0.00126955076121, -0.00234410725534, 0.00175285281148, -0.00127937528305, 0.00166780932341, -0.00203327834606], [0.000421438511694, -0.00175509171095, 5.60508415219e-05, -0.00233431113884, 0.0077838273719, -0.0014244428603, -0.000282613764284, -0.00107510550879, 0.000995946233161, -0.00159534218255, 0.00120574259199, 0.000249607372098, 9.68764143181e-05], [-0.000381975551136, 0.00160287029576, -0.0012151816627, 0.000295714562526, -0.0014244428603, 0.00916735921055, -0.00355488248169, 0.00102966092527, -0.00162248464767, 0.000738059636205, -0.00213091634214, 0.00170956575312, -3.30278598994e-05], [0.000395625014789, -0.00173249386717, 0.000998880947009, -0.000109779633931, -0.000282613764284, -0.00355488248169, 0.00914345495403, -0.00399576174095, 0.00310254259966, -0.000935362302698, 0.000796041160356, -0.00260502099991, 0.00195132778026], [-0.00039646224468, 0.00169960362837, -0.000753224769142, 0.00126955076121, -0.00107510550879, 0.00102966092527, -0.00399576174095, 0.0137901054695, -0.00588344782591, 0.001573294634, -0.000236630236031, 0.00161333603319, -0.000326862151269], [0.000484264077386, -0.00125422794372, 0.00138221809175, -0.00234410725534, 0.000995946233161, -0.00162248464767, 0.00310254259966, -0.00588344782591, 0.0138678802177, -0.00532471621409, 0.00203201244585, 6.35449905531e-05, 9.42943916016e-06], [-0.000210593105294, 0.00162435567472, -0.00102566240821, 0.00175285281148, -0.00159534218255, 0.000738059636205, -0.000935362302698, 0.001573294634, -0.00532471621409, 0.0171421971172, -0.00591770280153, 0.00305764959194, -0.000314281933242], [0.000317984842695, -0.000852032855619, 0.00203668768518, -0.00127937528305, 0.00120574259199, -0.00213091634214, 0.000796041160356, -0.000236630236031, 0.00203201244585, -0.00591770280153, 0.015689175576, -0.00564613286406, 0.00228296173736], [-0.000254961894825, 0.00131171359681, -0.00184566469397, 0.00166780932341, 0.000249607372098, 0.00170956575312, -0.00260502099991, 0.00161333603319, 6.35449905531e-05, 0.00305764959194, -0.00564613286406, 0.0170165300369, -0.00591461546719], [0.000269939569989, -0.00112956238445, 0.000710513326339, -0.00203327834606, 9.68764143181e-05, -3.30278598994e-05, 0.00195132778026, -0.000326862151269, 9.42943916016e-06, -0.000314281933242, 0.00228296173736, -0.00591461546719, 0.018680293113]]
    },
    "melbands": {
        "dmean": [0.000188976919162, 0.000325125060044, 0.000248574098805, 0.000344656407833, 0.000272291363217, 0.000223112627282, 0.000165212419233, 0.000220854126383, 0.000186861594557, 0.000165493620443, 0.000145303536556, 7.85796291893e-05, 9.69897155301e-05, 8.17046748125e-05, 6.56770425849e-05, 3.79002631234e-05, 3.63838626072e-05, 3.2212887163e-05, 1.7921847757e-05, 1.63791864907e-05, 1.08457070382e-05, 7.52776350055e-06, 5.82629900236e-06, 4.12298277297e-06, 3.82368170904e-06, 5.21410856891e-06, 4.29762349086e-06, 1.76118635409e-06, 1.07268442662e-06, 8.23892321478e-07, 1.29614204525e-06, 1.77828837877e-06, 1.73508226453e-06, 1.30870296289e-06, 1.25352948999e-06, 1.33398680191e-06, 1.60133322424e-06, 1.60169588526e-06, 1.14320880584e-06, 9.11809536319e-07],
        "dmean2": [0.000315338169457, 0.000531752128154, 0.000405126163969, 0.000572672812268, 0.000420457741711, 0.000359000347089, 0.000261713284999, 0.000345463195117, 0.000286711496301, 0.000260333821643, 0.000220128087676, 0.000120646618598, 0.000145533849718, 0.000129340201966, 0.000103382706584, 5.88541734032e-05, 5.56216327823e-05, 5.03598530486e-05, 2.77348481177e-05, 2.60287015408e-05, 1.78639165824e-05, 1.23517811517e-05, 9.65896197158e-06, 6.68224311084e-06, 6.04512115387e-06, 8.01574879006e-06, 6.71306861477e-06, 2.80780386674e-06, 1.69778854797e-06, 1.27995258481e-06, 1.96113705897e-06, 2.63951142188e-06, 2.60368119598e-06, 1.9779718059e-06, 1.93476193999e-06, 2.01670127353e-06, 2.34535878008e-06, 2.35018660533e-06, 1.72255090547e-06, 1.34156596232e-06],
        "dvar": [1.32793772423e-07, 4.01645593229e-07, 1.9767817605e-07, 4.45310178065e-07, 2.86661503424e-07, 2.94454281402e-07, 1.73786631308e-07, 3.25858849237e-07, 2.36530354414e-07, 2.0290833902e-07, 1.50846304336e-07, 4.38134826197e-08, 7.97934518459e-08, 9.12893654004e-08, 5.82008539141e-08, 1.82317378972e-08, 1.40174698515e-08, 1.11114353274e-08, 2.37744290921e-09, 3.10595127395e-09, 1.44197820351e-09, 3.49757167672e-10, 3.5680375321e-10, 1.04690617286e-10, 1.1906038655e-10, 2.04989872299e-10, 2.79928330515e-10, 2.03259943599e-11, 5.83988413183e-12, 4.85550922386e-12, 6.56524556941e-11, 4.88353489592e-11, 2.68384880292e-11, 2.02202699029e-11, 2.83818177294e-11, 2.69275938353e-11, 4.41728459366e-11, 4.1711713944e-11, 2.81251671258e-11, 1.95273172632e-11],
        "dvar2": [3.44827753906e-07, 9.9371993656e-07, 4.91846151363e-07, 1.16859791888e-06, 6.0255462131e-07, 6.95419089425e-07, 3.85105039413e-07, 7.1725764883e-07, 5.42749603483e-07, 4.35326938941e-07, 3.2361350577e-07, 9.89065611634e-08, 1.55937726731e-07, 2.08173560168e-07, 1.39653351994e-07, 3.87399481383e-08, 2.96721864856e-08, 2.41633397735e-08, 4.97019625456e-09, 6.74983091642e-09, 3.74219855104e-09, 8.76962447105e-10, 9.17213138774e-10, 2.57976556783e-10, 2.64000682426e-10, 4.34277835915e-10, 6.39669262004e-10, 4.62330763951e-11, 1.36145036217e-11, 1.0791376473e-11, 1.35860933614e-10, 1.17522436227e-10, 5.16398798722e-11, 4.39856311096e-11, 6.70161703908e-11, 5.79433098724e-11, 8.63618551672e-11, 7.37067351597e-11, 5.90088394814e-11, 3.77081144087e-11],
        "max": [0.00452820956707, 0.00830117799342, 0.00973863620311, 0.0158147979528, 0.0149858640507, 0.0125123653561, 0.0154117457569, 0.016832055524, 0.01315866597, 0.0179780460894, 0.0106328502297, 0.0105313574895, 0.00845771376044, 0.00926259718835, 0.00767987966537, 0.00565154571086, 0.00429920572788, 0.00372874876484, 0.00154864531942, 0.0019952848088, 0.00141922442708, 0.000616038043518, 0.00101369805634, 0.000239763481659, 0.00038448991836, 0.000812958809547, 0.000787192373537, 0.000162060649018, 8.50279684528e-05, 0.000106166371552, 0.000670979148708, 0.000401474186219, 0.000211595033761, 0.000220136818825, 0.00027346884599, 0.000188959704246, 0.000308763002977, 0.000431117106928, 0.00026295450516, 0.000199110421818],
        "mean": [0.000278644321952, 0.00052399863489, 0.000441514974227, 0.00048325303942, 0.000415771326516, 0.000322946143569, 0.000276974606095, 0.000373134855181, 0.000327332731104, 0.000274989317404, 0.000254151062109, 0.000132503235363, 0.000164501951076, 0.000137306968099, 0.000102321551822, 6.32843220956e-05, 6.13134907326e-05, 5.10320351168e-05, 3.19343853334e-05, 2.73522582575e-05, 1.67640737345e-05, 1.17870249596e-05, 8.99433234736e-06, 7.05318461769e-06, 6.7986106842e-06, 9.6654302979e-06, 7.66068205849e-06, 3.17767739944e-06, 1.91096842173e-06, 1.47757475588e-06, 2.24723225983e-06, 3.0956689443e-06, 3.14036310556e-06, 2.18161471821e-06, 1.89983302334e-06, 1.96392420548e-06, 2.50583048e-06, 2.50118750955e-06, 1.6831169205e-06, 1.3465179336e-06],
        "median": [0.000178093250724, 0.00036587449722, 0.000302039668895, 0.000257597537711, 0.000174759479705, 0.00011636200361, 9.96199159999e-05, 9.91610431811e-05, 0.000108571475721, 8.63375462359e-05, 6.27996851108e-05, 4.45197183581e-05, 4.70433842565e-05, 3.07611553581e-05, 2.66469724011e-05, 1.41489581438e-05, 1.75471595867e-05, 1.65878900589e-05, 1.14796639537e-05, 8.72962209542e-06, 5.64304536965e-06, 5.47842682863e-06, 4.20624883191e-06, 2.88284650196e-06, 3.00153647004e-06, 3.66416770703e-06, 2.37409221882e-06, 1.51408039528e-06, 9.60409124673e-07, 7.57737893764e-07, 8.25664301374e-07, 9.68730319073e-07, 9.89020236375e-07, 6.3530950456e-07, 4.63910112103e-07, 4.55157959323e-07, 4.98108306601e-07, 4.22086401386e-07, 3.03895802745e-07, 2.26565447292e-07],
        "min": [1.38708923396e-24, 1.66054431688e-24, 2.75253744949e-24, 1.4617426913e-24, 3.35409615176e-24, 1.84547342902e-24, 1.98302769671e-24, 2.88531240339e-24, 3.26150320858e-24, 1.95435989977e-24, 1.82846440461e-24, 2.74433704317e-24, 3.41896931159e-24, 3.34980238185e-24, 3.15252483553e-24, 2.14391982263e-24, 3.2956612802e-24, 2.70699453728e-24, 3.19591021317e-24, 3.06530423233e-24, 3.37377152603e-24, 3.67141426759e-24, 4.32005711906e-24, 4.48343928443e-24, 4.89228735338e-24, 4.18162899071e-24, 5.8946858059e-24, 5.68122241153e-24, 4.74603845801e-24, 4.1395819156e-24, 6.30338911886e-24, 5.85376167428e-24, 6.46359651352e-24, 4.92967541598e-24, 4.92954880381e-24, 6.67297124182e-24, 5.70687064614e-24, 5.78400112671e-24, 7.09912258029e-24, 6.11479535339e-24],
        "var": [1.34516454864e-07, 4.25245900715e-07, 2.98254775544e-07, 5.59009436074e-07, 5.78953176955e-07, 4.99575037338e-07, 3.86823302279e-07, 7.40065615901e-07, 6.3386050897e-07, 4.85974453568e-07, 4.57260227904e-07, 9.79254721756e-08, 2.03465717163e-07, 2.35307794583e-07, 1.11927086266e-07, 5.52658718789e-08, 3.36639622844e-08, 1.98641263438e-08, 5.60756863166e-09, 6.65239996422e-09, 1.84879567211e-09, 4.95412821877e-10, 3.89506399356e-10, 2.13737749721e-10, 2.73087913394e-10, 5.42585032459e-10, 6.11213191171e-10, 3.98447629057e-11, 1.0185157405e-11, 9.28411948015e-12, 1.32386990259e-10, 1.00184298357e-10, 6.92945492653e-11, 4.28477600622e-11, 5.7360671768e-11, 5.16983192367e-11, 9.41196218185e-11, 1.09881603816e-10, 6.13307737929e-11, 4.61089361137e-11]
    },
    "mfcc": {
        "mean": [-655.914367676, 118.490219116, 3.17758917809, 1.72078490257, -1.1938573122, 1.53824973106, -1.64475440979, 2.85431194305, -2.30852103233, 2.83140420914, -0.421914994717, -4.96289873123, -1.15034532547],
        "cov": [[8706.43359375, 212.026626587, -126.283203125, -55.0505371094, -98.7872924805, -75.085395813, -44.8842811584, 48.1640014648, -132.749923706, 25.0135269165, -30.9992980957, -99.0869903564, 3.34030675888], [212.026626587, 852.355102539, -106.666320801, 105.921089172, 1.95368027687, 37.0724830627, 62.303768158, 31.4908790588, 35.6587028503, -25.6606292725, -20.7876758575, -12.084195137, -10.0326318741], [-126.283203125, -106.666320801, 429.686401367, 14.6224765778, 55.3999900818, 31.088891983, 2.05283117294, 10.7341098785, 12.817322731, -27.8376255035, -15.4295301437, 6.68721103668, -14.0121412277], [-55.0505371094, 105.921089172, 14.6224765778, 217.500701904, 67.2448883057, 24.094865799, 3.85942268372, 1.23819291592, 30.4808387756, -0.173901945353, -26.2638607025, -3.30454182625, -1.11181759834], [-98.7872924805, 1.95368027687, 55.3999900818, 67.2448883057, 184.701980591, 28.803565979, -22.9356002808, -18.7388553619, 24.6945209503, 26.0388221741, -17.8686637878, 9.26219749451, 0.314548313618], [-75.085395813, 37.0724830627, 31.088891983, 24.094865799, 28.803565979, 128.28616333, 47.0364990234, 14.3097362518, 9.14836120605, 2.30273270607, 10.7488574982, -4.32514095306, -5.27012252808], [-44.8842811584, 62.303768158, 2.05283117294, 3.85942268372, -22.9356002808, 47.0364990234, 149.757095337, 40.5766372681, -0.2897554636, -7.97323894501, 21.283624649, -1.67226660252, -9.11367607117], [48.1640014648, 31.4908790588, 10.7341098785, 1.23819291592, -18.7388553619, 14.3097362518, 40.5766372681, 112.219520569, 26.6417808533, -13.5282468796, 10.7136659622, 5.42793560028, 0.745095968246], [-132.749923706, 35.6587028503, 12.817322731, 30.4808387756, 24.6945209503, 9.14836120605, -0.2897554636, 26.6417808533, 113.253929138, 26.9844646454, -1.76863670349, 11.7768449783, -7.61726522446], [25.0135269165, -25.6606292725, -27.8376255035, -0.173901945353, 26.0388221741, 2.30273270607, -7.97323894501, -13.5282468796, 26.9844646454, 104.404090881, 29.9752254486, -0.990174055099, 3.76885294914], [-30.9992980957, -20.7876758575, -15.4295301437, -26.2638607025, -17.8686637878, 10.7488574982, 21.283624649, 10.7136659622, -1.76863670349, 29.9752254486, 90.2202224731, 20.0552120209, -4.02523851395], [-99.0869903564, -12.084195137, 6.68721103668, -3.30454182625, 9.26219749451, -4.32514095306, -1.67226660252, 5.42793560028, 11.7768449783, -0.990174055099, 20.0552120209, 81.3560638428, 20.0877151489], [3.34030675888, -10.0326318741, -14.0121412277, -1.11181759834, 0.314548313618, -5.27012252808, -9.11367607117, 0.745095968246, -7.61726522446, 3.76885294914, -4.02523851395, 20.0877151489, 81.1501312256]],
