{
"lowlevel": {
    "average_loudness": 0.749316215515,
    "barkbands_crest": {
        "dmean": 2.31290006638,
        "dmean2": 3.70425415039,
        "dvar": 5.01463794708,
        "dvar2": 12.9131755829,
        "max": 25.5222911835,
        "mean": 9.82264328003,
        "median": 8.82485389709,
        "min": 2.19725465775,
        "var": 18.4560871124
    },
    "barkbands_flatness_db": {
        "dmean": 0.0192862264812,
        "dmean2": 0.0302002504468,
        "dvar": 0.000327676680172,
        "dvar2": 0.000756241148338,
        "max": 0.468618601561,
        "mean": 0.186699658632,
        "median": 0.183089703321,
        "min": 0.0375053845346,
        "var": 0.00275740097277
    },
    "barkbands_kurtosis": {
        "dmean": 1.65265274048,
        "dmean2": 2.59506940842,
        "dvar": 16.4955711365,
        "dvar2": 36.3735084534,
        "max": 270.916687012,
        "mean": 2.65575695038,
        "median": 0.704360246658,
        "min": -1.97297441959,
        "var": 48.1342201233
    },
    "barkbands_skewness": {
        "dmean": 0.413236320019,
        "dmean2": 0.624480843544,
        "dvar": 0.186084464192,
        "dvar2": 0.41427513957,
        "max": 12.2899799347,
        "mean": 0.945021569729,
        "median": 0.853225588799,
        "min": -4.95869779587,
        "var": 1.65444231033
    },
    "barkbands_spread": {
        "dmean": 4.30102586746,
        "dmean2": 6.59704971313,
        "dvar": 28.4812316895,
        "dvar2": 62.01354599,
        "max": 125.126152039,
        "mean": 20.2254314423,
        "median": 18.4201202393,
        "min": 0.54915612936,
        "var": 143.732513428
    },
    "dissonance": {
        "dmean": 0.0186158083379,
        "dmean2": 0.0313622280955,
        "dvar": 0.00040105622611,
        "dvar2": 0.00110429839697,
        "max": 0.499999910593,
        "mean": 0.461131602526,
        "median": 0.469730257988,
        "min": 0.204626351595,
        "var": 0.00101143086795
    },
    "dynamic_complexity": 5.34746694565,
    "erbbands_crest": {
        "dmean": 2.56022119522,
        "dmean2": 4.08045387268,
        "dvar": 6.51010370255,
        "dvar2": 15.7568740845,
        "max": 32.9481964111,
        "mean": 9.95651054382,
        "median": 8.57487773895,
        "min": 2.53698730469,
        "var": 28.2795886993
    },
    "erbbands_flatness_db": {
        "dmean": 0.015978962183,
        "dmean2": 0.0231931209564,
        "dvar": 0.000270117394393,
        "dvar2": 0.000537621846888,
        "max": 0.406374752522,
        "mean": 0.218607366085,
        "median": 0.217344522476,
        "min": 0.0622709281743,
        "var": 0.0026447691489
    },
    "erbbands_kurtosis": {
        "dmean": 1.04216194153,
        "dmean2": 1.65358817577,
        "dvar": 4.96744251251,
        "dvar2": 12.1060161591,
        "max": 81.2784881592,
        "mean": 0.775858521461,
        "median": -0.171058654785,
        "min": -1.75163090229,
        "var": 12.0206737518
    },
    "erbbands_skewness": {
        "dmean": 0.326037675142,
        "dmean2": 0.498245179653,
        "dvar": 0.10840446502,
        "dvar2": 0.243694961071,
        "max": 4.44491958618,
        "mean": 0.138160571456,
        "median": 0.160368442535,
        "min": -7.63295125961,
        "var": 0.601891994476
    },
    "erbbands_spread": {
        "dmean": 5.90188169479,
        "dmean2": 8.84216117859,
        "dvar": 43.0795593262,
        "dvar2": 89.0916137695,
        "max": 127.273208618,
        "mean": 30.9153003693,
        "median": 28.9486694336,
        "min": 1.74639463425,
        "var": 254.581573486
    },
    "hfc": {
        "dmean": 5.46938943863,
        "dmean2": 8.12574386597,
        "dvar": 80.0096511841,
        "dvar2": 188.743011475,
        "max": 162.904937744,
        "mean": 18.6113948822,
        "median": 12.1369113922,
        "min": 1.04498560582e-16,
        "var": 410.95703125
    },
    "melbands_crest": {
        "dmean": 2.78998470306,
        "dmean2": 4.41922235489,
        "dvar": 7.29713392258,
        "dvar2": 19.0108852386,
        "max": 38.6292572021,
        "mean": 12.9642391205,
        "median": 12.066701889,
        "min": 1.54316961765,
        "var": 30.0635719299
    },
    "melbands_flatness_db": {
        "dmean": 0.020248953253,
        "dmean2": 0.0299326498061,
        "dvar": 0.000438208749983,
        "dvar2": 0.000908011570573,
        "max": 0.598901152611,
        "mean": 0.204865098,
        "median": 0.197647988796,
        "min": 0.00299783074297,
        "var": 0.00605442002416
    },
    "melbands_kurtosis": {
        "dmean": 3.50488805771,
        "dmean2": 5.41451120377,
        "dvar": 71.5062179565,
        "dvar2": 154.128479004,
        "max": 486.57913208,
        "mean": 7.69995355606,
        "median": 3.12382507324,
        "min": -1.94381403923,
        "var": 257.728118896
    },
    "melbands_skewness": {
        "dmean": 0.52351295948,
        "dmean2": 0.78481811285,
        "dvar": 0.335380166769,
        "dvar2": 0.759213328362,
        "max": 17.5687446594,
        "mean": 1.81627607346,
        "median": 1.58646416664,
        "min": -2.63471984863,
        "var": 2.54430794716
    },
    "melbands_spread": {
        "dmean": 6.78277587891,
        "dmean2": 10.499048233,
        "dvar": 90.941947937,
        "dvar2": 199.550338745,
        "max": 284.996032715,
        "mean": 29.8604698181,
        "median": 24.3407096863,
        "min": 0.391399770975,
        "var": 698.994750977
    },
    "pitch_salience": {
        "dmean": 0.0620594285429,
        "dmean2": 0.100456625223,
        "dvar": 0.00332911638543,
        "dvar2": 0.00856885220855,
        "max": 0.877119481564,
        "mean": 0.551053822041,
        "median": 0.558388888836,
        "min": 0.0559744797647,
        "var": 0.0128793595359
    },
    "silence_rate_20dB": {
        "dmean": 0,
        "dmean2": 0,
        "dvar": 0,
        "dvar2": 0,
        "max": 1,
        "mean": 1,
        "median": 1,
        "min": 1,
        "var": 0
    },
    "silence_rate_30dB": {
        "dmean": 0,
        "dmean2": 0,
        "dvar": 0,
        "dvar2": 0,
        "max": 1,
        "mean": 1,
        "median": 1,
        "min": 1,
        "var": 0
    },
    "silence_rate_60dB": {
        "dmean": 0.0249950401485,
        "dmean2": 0.0499950386584,
        "dvar": 0.0243711527437,
        "dvar2": 0.0536481700838,
        "max": 1,
        "mean": 0.192799761891,
        "median": 0,
        "min": 0,
        "var": 0.155629724264
    },
    "spectral_centroid": {
        "dmean": 223.209182739,
        "dmean2": 337.713165283,
        "dvar": 79202.390625,
        "dvar2": 168985.09375,
        "max": 11678.1035156,
        "mean": 1651.93469238,
        "median": 1409.26867676,
        "min": 141.097869873,
        "var": 2495219.75
    },
    "spectral_complexity": {
        "dmean": 2.71751642227,
        "dmean2": 4.18053770065,
        "dvar": 10.0682191849,
        "dvar2": 20.694152832,
        "max": 56,
        "mean": 17.4336013794,
        "median": 17,
        "min": 0,
        "var": 118.460517883
    },
    "spectral_decrease": {
        "dmean": 1.19758414296e-09,
        "dmean2": 1.8091127485e-09,
        "dvar": 2.89918553573e-18,
        "dvar2": 6.94913522707e-18,
        "max": 1.96550888808e-28,
        "mean": -4.39156933041e-09,
        "median": -3.87119580836e-09,
        "min": -2.02241636771e-08,
        "var": 1.27436429515e-17
    },
    "spectral_energy": {
        "dmean": 0.0049221762456,
        "dmean2": 0.00742580508813,
        "dvar": 4.90220518259e-05,
        "dvar2": 0.000117150877486,
        "max": 0.0846114233136,
        "mean": 0.0182629078627,
        "median": 0.0160019341856,
        "min": 9.88887071386e-21,
        "var": 0.000224120114581
    },
    "spectral_energyband_high": {
        "dmean": 0.000225184616284,
        "dmean2": 0.000339196878485,
        "dvar": 3.34556744974e-07,
        "dvar2": 7.51799802856e-07,
        "max": 0.0142572978511,
        "mean": 0.000530267541762,
        "median": 0.000166708166944,
        "min": 7.00170987684e-21,
        "var": 9.3440252158e-07
    },
    "spectral_energyband_low": {
        "dmean": 0.0011858374346,
        "dmean2": 0.00183343014214,
        "dvar": 6.49995081403e-06,
        "dvar2": 1.54222507263e-05,
        "max": 0.0486813187599,
        "mean": 0.00330600398593,
        "median": 0.00132366537582,
        "min": 8.66128410938e-24,
        "var": 2.74292287941e-05
    },
    "spectral_energyband_middle_high": {
        "dmean": 0.00271219084971,
        "dmean2": 0.00413229782134,
        "dvar": 2.6703453841e-05,
        "dvar2": 6.68252687319e-05,
        "max": 0.0801912769675,
        "mean": 0.0075389156118,
        "median": 0.00334579311311,
        "min": 1.13104640012e-21,
        "var": 0.000107459352876
    },
    "spectral_energyband_middle_low": {
        "dmean": 0.00289042200893,
        "dmean2": 0.00442316243425,
        "dvar": 2.35611078097e-05,
        "dvar2": 5.78591170779e-05,
        "max": 0.0683884397149,
        "mean": 0.00756593188271,
        "median": 0.00554402172565,
        "min": 1.34081716184e-22,
        "var": 5.77720820729e-05
    },
    "spectral_entropy": {
        "dmean": 0.123832210898,
        "dmean2": 0.18151858449,
        "dvar": 0.018859250471,
        "dvar2": 0.0369061790407,
        "max": 9.83257770538,
        "mean": 7.39010334015,
        "median": 7.39976406097,
        "min": 5.06723928452,
        "var": 0.333921611309
    },
    "spectral_flux": {
        "dmean": 0.0164924561977,
        "dmean2": 0.0261183362454,
        "dvar": 0.000412702036556,
        "dvar2": 0.000978632597253,
        "max": 0.256523609161,
        "mean": 0.0618682131171,
        "median": 0.0567400567234,
        "min": 6.31364335812e-11,
        "var": 0.00186902785208
    },
    "spectral_kurtosis": {
        "dmean": 2.83371043205,
        "dmean2": 4.95112419128,
        "dvar": 12.4222145081,
        "dvar2": 34.7343902588,
        "max": 71.1046142578,
        "mean": 4.84877920151,
        "median": 3.37593078613,
        "min": -1.27859461308,
        "var": 31.5771617889
    },
    "spectral_rms": {
        "dmean": 0.000515307474416,
        "dmean2": 0.000754930777475,
        "dvar": 4.03386422931e-07,
        "dvar2": 9.01343071291e-07,
        "max": 0.00908557791263,
        "mean": 0.0037357006222,
        "median": 0.00395115744323,
        "min": 3.10607138967e-12,
        "var": 3.86198553315e-06
    },
    "spectral_rolloff": {
        "dmean": 367.144622803,
        "dmean2": 602.054931641,
        "dvar": 400362,
        "dvar2": 837116,
        "max": 19896.6796875,
        "mean": 1975.01928711,
        "median": 1421.19140625,
        "min": 21.533203125,
        "var": 7811584.5
    },
    "spectral_skewness": {
        "dmean": 0.300467342138,
        "dmean2": 0.50505644083,
        "dvar": 0.0911144241691,
        "dvar2": 0.244730934501,
        "max": 6.5516204834,
        "mean": 1.28003454208,
        "median": 1.16993439198,
        "min": -0.490829497576,
        "var": 0.45287618041
    },
    "spectral_spread": {
        "dmean": 318220.875,
        "dmean2": 475583.1875,
        "dvar": 311209852928,
        "dvar2": 615212646400,
        "max": 42665272,
        "mean": 3966243.75,
        "median": 2922393.25,
        "min": 998690.0625,
        "var": 3.14990363935e+13
    },
    "spectral_strongpeak": {
        "dmean": 0.736839234829,
        "dmean2": 1.22750508785,
        "dvar": 1.72403454781,
        "dvar2": 4.40097332001,
        "max": 21.0515804291,
        "mean": 1.44758069515,
        "median": 0.513739824295,
        "min": 0,
        "var": 4.6789765358
    },
    "zerocrossingrate": {
        "dmean": 0.00748505815864,
        "dmean2": 0.00900363270193,
        "dvar": 0.000106347055407,
        "dvar2": 0.000136678470881,
        "max": 0.5244140625,
        "mean": 0.0672904625535,
        "median": 0.05517578125,
        "min": 0,
        "var": 0.00531532522291
    },
    "barkbands": {
        "dmean": [3.02911826111e-06, 0.000762526295148, 0.000432164495578, 0.000621299608611, 0.00124591146596, 0.000418009440182, 0.000456422276329, 0.000613784941379, 0.000787859433331, 0.000580940803047, 0.000647952314466, 0.000455804285593, 0.00093309226213, 0.00046769779874, 0.000428329687566, 0.000342337531038, 0.000250603276072, 0.000276723614661, 0.000175072244019, 0.000141355005326, 9.31225004024e-05, 5.40017026651e-05, 3.68332512153e-05, 2.03502677323e-05, 4.15993827119e-06, 1.16522372196e-07, 2.19744289431e-09],
        "dmean2": [5.2715381571e-06, 0.00119971868116, 0.000707896950189, 0.000993007444777, 0.00195735623129, 0.000645911204629, 0.000711026543286, 0.000946915184613, 0.00122442329302, 0.000899138802197, 0.00101157766767, 0.000710577471182, 0.00151629419997, 0.000727649021428, 0.000675100076478, 0.000533525540959, 0.00040096216253, 0.000426990474807, 0.00027536979178, 0.000224155635806, 0.0001484847744, 8.29482014524e-05, 5.63908761251e-05, 2.97762544506e-05, 6.36082768324e-06, 1.9025230813e-07, 3.87436749349e-09],
        "dvar": [5.78709233312e-11, 3.54105259248e-06, 1.02232365862e-06, 2.0824661533e-06, 7.60638567954e-06, 5.3392142263e-07, 1.76778530658e-06, 3.67661914424e-06, 5.63515914109e-06, 3.76018056159e-06, 3.18240449815e-06, 1.74717092705e-06, 1.47317623487e-05, 2.00944009521e-06, 1.56603357482e-06, 1.32067691538e-06, 1.0401771533e-06, 4.84092424813e-07, 1.73711086404e-07, 1.39698229873e-07, 6.79673277659e-08, 3.01982403528e-08, 2.58555772348e-08, 5.30448041047e-09, 4.29398960833e-10, 4.50025704635e-13, 5.78728855525e-16],
        "dvar2": [1.64357361054e-10, 8.46577859193e-06, 2.73358455161e-06, 5.44492331755e-06, 1.84599393833e-05, 1.22188407659e-06, 4.14644819102e-06, 8.71088741405e-06, 1.4405557522e-05, 8.64202775119e-06, 7.49978926251e-06, 4.11224482377e-06, 4.12799636251e-05, 4.63735432277e-06, 3.59746854883e-06, 3.11309099743e-06, 2.83014719571e-06, 1.09551342575e-06, 4.13446656466e-07, 3.2484734902e-07, 1.68824129787e-07, 6.92815831371e-08, 5.33964019667e-08, 1.17355876128e-08, 9.85869830217e-10, 1.0559051463e-12, 1.59301782852e-15],
        "max": [0.000256980682025, 0.0440308451653, 0.0260834433138, 0.0298380274326, 0.0466629005969, 0.0227194856852, 0.0337324105203, 0.0398787856102, 0.0653538554907, 0.0524678938091, 0.042110465467, 0.0461370386183, 0.0748537406325, 0.0454043932259, 0.0306549463421, 0.0386689640582, 0.0517211854458, 0.0175345111638, 0.0149670727551, 0.0156228048727, 0.0078164562583, 0.00541164912283, 0.00727296574041, 0.00224617635831, 0.000667923421133, 2.60729193542e-05, 1.72301452039e-06],
        "mean": [4.19267144025e-06, 0.00184954190627, 0.000966937106568, 0.00116724567488, 0.00215820223093, 0.000878272636328, 0.000738968548831, 0.000925365777221, 0.00133972289041, 0.000919253623579, 0.00105045724194, 0.000744139193557, 0.00155379727948, 0.000722820463125, 0.000676551368088, 0.000615046534222, 0.00043346019811, 0.00050568318693, 0.000342921994161, 0.000281276501482, 0.000177732450538, 9.95670925477e-05, 6.81808160152e-05, 3.73308030248e-05, 6.08550362813e-06, 1.16623802171e-07, 1.73217740151e-09],
        "median": [6.50485389997e-07, 0.000440706091467, 0.000310633797199, 0.000362978578778, 0.00111546181142, 0.000474434287753, 0.000283365574433, 0.000274250167422, 0.000368756795069, 0.000205581163755, 0.000221017573494, 0.000205666583497, 0.000168416110682, 0.00012870116916, 0.00015572567645, 0.000111469518743, 0.000113497233542, 0.000133145251311, 0.000111491448479, 9.0332403488e-05, 4.63212891191e-05, 2.38699485635e-05, 1.04076962089e-05, 3.43744682141e-06, 1.54662870955e-07, 9.8006247562e-10, 2.27657476204e-10],
        "min": [1.47297488729e-25, 1.16170792625e-24, 8.28309866939e-25, 1.16253445526e-24, 6.02647882518e-24, 5.98456348984e-24, 3.08687543657e-24, 6.52264511886e-24, 1.08051082826e-23, 1.58708117177e-23, 1.09647579526e-23, 2.37577736283e-23, 2.33250771109e-23, 3.67085062648e-23, 4.39428025277e-23, 5.18339075359e-23, 5.31040524794e-23, 9.28479882223e-23, 1.21410047826e-22, 1.76485539438e-22, 2.25935367323e-22, 2.98288806026e-22, 3.26917489666e-22, 5.40498714612e-22, 8.13104153317e-22, 1.19357143974e-21, 1.89302322862e-21],
        "var": [1.16359241686e-10, 1.53567016241e-05, 2.95466998068e-06, 5.55261021873e-06, 1.14014419523e-05, 1.5869455865e-06, 2.78585957858e-06, 5.27458860233e-06, 1.16749442896e-05, 7.09517189534e-06, 6.62323373035e-06, 4.18246190748e-06, 3.32733070536e-05, 4.13081761508e-06, 3.21372522194e-06, 3.59548289453e-06, 2.39663472712e-06, 1.28876422423e-06, 4.64710609549e-07, 2.76402886357e-07, 1.35755314545e-07, 5.91956847984e-08, 5.43343432469e-08, 1.54267194574e-08, 9.69108238102e-10, 4.85544601487e-13, 3.74389647947e-16]
    },
    "erbbands": {
        "dmean": [0.0110015012324, 0.205377429724, 0.501727461815, 1.1984719038, 4.15932846069, 3.84743142128, 3.38256692886, 3.83195066452, 5.28498935699, 9.53686332703, 12.7498941422, 19.0241718292, 18.1151485443, 20.0924453735, 23.397026062, 17.3772068024, 40.3935432434, 27.4261856079, 23.542224884, 17.1508655548, 17.5478057861, 11.5586261749, 15.3199110031, 10.5580949783, 7.77355766296, 6.09494686127, 4.71512699127, 2.83629083633, 2.08502602577, 1.50060737133, 0.998916506767, 0.549343109131, 0.265919595957, 0.0766239985824, 0.0151744252071, 0.00129110179842, 0.000137641007314, 1.36006647153e-05, 3.32407898895e-06, 6.01051442572e-06],
        "dmean2": [0.0172790791839, 0.323635011911, 0.797720134258, 1.91467297077, 6.63139057159, 6.12381696701, 5.33299827576, 5.92216014862, 8.21023654938, 14.7229127884, 19.9295825958, 29.2630558014, 27.9138946533, 31.3306598663, 36.3183135986, 26.9832763672, 65.0055770874, 42.9459037781, 37.2422676086, 26.32280159, 27.4901580811, 17.9831619263, 23.4120826721, 16.2957706451, 12.2437524796, 9.51217269897, 7.52536344528, 4.4885635376, 3.23664116859, 2.32338547707, 1.5230884552, 0.817886054516, 0.394296824932, 0.115882202983, 0.0236158836633, 0.00200315704569, 0.000222814502195, 2.17701035581e-05, 4.88922751174e-06, 9.02148349269e-06],
        "dvar": [0.000731500098482, 0.254970729351, 1.29111933708, 6.85357189178, 137.634033203, 54.4032478333, 43.1760597229, 53.2859802246, 206.061599731, 849.524108887, 1693.13366699, 3611.4140625, 3672.34350586, 3508.63549805, 5499.82275391, 1781.07263184, 28578.3398438, 5426.58349609, 4200.27734375, 3278.24609375, 3465.27319336, 1235.7520752, 1649.5267334, 593.27734375, 366.158660889, 242.279922485, 158.143035889, 61.8235855103, 39.1843070984, 38.7381820679, 20.1667366028, 3.88165950775, 1.06594610214, 0.116863645613, 0.00862998981029, 4.29794672527e-05, 7.87438807492e-07, 8.28315638302e-09, 3.03228622767e-11, 7.25301277371e-11],
        "dvar2": [0.00167865108233, 0.609051883221, 3.28624510765, 17.78166008, 338.495422363, 136.808731079, 104.44972229, 119.69480896, 497.352752686, 2047.17443848, 3957.5949707, 9378.53515625, 8806.76660156, 8466.77929688, 13542.9628906, 4251.45214844, 79113.7109375, 13334.15625, 10357.2255859, 7156.80761719, 8588.38085938, 3046.48999023, 3641.58544922, 1349.32458496, 891.86706543, 555.303283691, 394.42199707, 154.588943481, 91.5688858032, 82.8378677368, 44.5037956238, 8.54016399384, 2.34136748314, 0.257137984037, 0.0208381190896, 9.89116015262e-05, 2.0298139134e-06, 2.15336974918e-08, 7.05026870218e-11, 1.72132127996e-10],
        "max": [1.01007676125, 10.7488613129, 26.844039917, 55.461353302, 190.630355835, 211.007766724, 170.178573608, 286.289520264, 357.999023438, 850.032287598, 1081.77319336, 1988.76672363, 1619.90124512, 1617.35290527, 2723.66357422, 1005.11401367, 3485.57763672, 2234.55273438, 1886.64929199, 1947.36608887, 1663.44152832, 1382.24206543, 1224.21240234, 902.034545898, 430.712890625, 548.534667969, 360.821990967, 181.996276855, 181.067382812, 260.901306152, 225.538314819, 59.0006942749, 43.4477310181, 11.1669855118, 3.31476283073, 0.28499135375, 0.0395999848843, 0.00441657658666, 0.000202629336854, 0.00010670665506],
        "mean": [0.0279056113213, 0.499025762081, 1.25169229507, 2.50866484642, 6.44799661636, 6.77935266495, 6.33212709427, 8.09429454803, 9.56924438477, 15.0172595978, 20.517786026, 33.8193969727, 30.6549701691, 33.4064674377, 42.5289115906, 31.453836441, 69.3576507568, 46.0260314941, 40.6116027832, 31.1250495911, 34.1147270203, 22.4302845001, 28.6546630859, 21.5806026459, 15.4763879776, 12.5213356018, 9.41821193695, 5.38034486771, 3.89196968079, 2.6867518425, 1.80356812477, 1.02269124985, 0.454939037561, 0.119745187461, 0.020711068064, 0.00160151813179, 0.000157329253852, 1.84052769328e-05, 1.2163588508e-05, 2.27529581025e-05],
        "median": [0.00536125758663, 0.125387564301, 0.452586442232, 1.01343023777, 2.41951036453, 3.30632543564, 3.41294980049, 4.00906324387, 4.30954551697, 5.62411928177, 6.76938915253, 10.3010845184, 8.91140937805, 9.2814655304, 9.73090457916, 10.5881519318, 9.50888252258, 10.0237264633, 10.5883970261, 7.68488883972, 7.58298492432, 6.53950357437, 7.75303030014, 6.93585634232, 5.33681964874, 4.11614704132, 2.73443293571, 1.59379935265, 0.948640227318, 0.507762908936, 0.274367898703, 0.114082269371, 0.0351024232805, 0.00559382233769, 0.000629240588751, 8.23135269457e-05, 2.01557068067e-05, 5.03178716826e-06, 9.97130791802e-06, 1.97788758669e-05],
        "min": [4.58268832039e-23, 2.4252497332e-22, 1.52902670156e-21, 3.74635067356e-21, 1.22663146179e-20, 2.21089932722e-20, 2.43531908196e-20, 7.97495297567e-20, 8.34681589745e-20, 1.37974566279e-19, 2.38508714986e-19, 1.92591764087e-19, 4.7434155239e-19, 6.06003115008e-19, 8.74087543549e-19, 1.33659927581e-18, 1.37985565196e-18, 1.82001861843e-18, 1.87950717334e-18, 2.22324104291e-18, 3.58686648068e-18, 3.84261583683e-18, 5.29391993798e-18, 5.34756508225e-18, 6.73758502618e-18, 8.22692495985e-18, 7.11628692217e-18, 9.08838476417e-18, 9.73587445072e-18, 8.63468529717e-18, 1.01014940717e-17, 1.02709263038e-17, 9.26611609931e-18, 7.95555181629e-18, 5.93121462348e-18, 3.26740994849e-18, 2.2837925249e-18, 8.78030093144e-19, 2.35129216895e-19, 2.45091079028e-20],
        "var": [0.00457104155794, 1.07879590988, 4.56195163727, 19.4875545502, 172.679550171, 113.343711853, 88.3787307739, 171.497207642, 383.433959961, 1265.73242188, 2677.38110352, 7662.99951172, 7091.96484375, 7062.65576172, 14443.0205078, 4383.98291016, 64838.3085938, 12196.4091797, 9324.93066406, 7676.11621094, 10273.4248047, 3484.04321289, 4665.06005859, 1874.49487305, 782.526489258, 534.317443848, 325.883911133, 112.760574341, 85.2543334961, 73.6587524414, 39.4753456116, 10.3193044662, 2.75601434708, 0.315177470446, 0.0143072428182, 6.29789719824e-05, 7.30644273972e-07, 7.44616590609e-09, 1.30533181486e-10, 3.57356005898e-10]
    },
    "gfcc": {
        "mean": [-100.540931702, 140.521392822, -163.185455322, 46.7281723022, -61.7805633545, 4.48983621597, -21.5522327423, -12.2821550369, -8.75729084015, -18.3593063354, -1.25038433075, -17.4148101807, -1.1900793314],
        "cov": [[38880.578125, 2557.75512695, -5771.90771484, 1391.5291748, -2242.73486328, 268.652130127, -911.643798828, -460.755645752, -302.3203125, -825.499023438, 12.2755432129, -656.292724609, 43.8374328613], [2557.75512695, 1995.62231445, -465.403137207, -189.133041382, 223.661773682, -386.396362305, 199.743148804, -193.941146851, 152.009979248, -132.904052734, 90.710067749, -64.6261901855, 38.2469215393], [-5771.90771484, -465.403137207, 1469.78747559, 12.9060764313, 285.291412354, 148.494918823, 47.052520752, 174.309020996, 18.2097511292, 177.611221313, -25.4720039368, 117.909355164, 30.0647163391], [1391.5291748, -189.133041382, 12.9060764313, 471.511962891, -108.878486633, 160.544082642, -54.8103752136, 32.4691619873, 13.0525283813, -5.71588850021, -8.18331623077, -19.2886943817, 29.2236690521], [-2242.73486328, 223.661773682, 285.291412354, -108.878486633, 522.334289551, -109.372146606, 156.437194824, 34.3818626404, 37.3104743958, 83.5417785645, 3.98468732834, 54.5696182251, 17.2086257935], [268.652130127, -386.396362305, 148.494918823, 160.544082642, -109.372146606, 342.140991211, -9.03912258148, 55.5067329407, -58.1777305603, 45.7331809998, 17.8544158936, 1.23263204098, 4.00763750076], [-911.643798828, 199.743148804, 47.052520752, -54.8103752136, 156.437194824, -9.03912258148, 301.649261475, -28.0943012238, 31.4179172516, 13.378071785, 61.6054000854, 24.9675884247, -8.77172374725], [-460.755645752, -193.941146851, 174.309020996, 32.4691619873, 34.3818626404, 55.5067329407, -28.0943012238, 215.751022339, 2.85829305649, 68.0368270874, -38.2564125061, 18.203289032, 29.0535640717], [-302.3203125, 152.009979248, 18.2097511292, 13.0525283813, 37.3104743958, -58.1777305603, 31.4179172516, 2.85829305649, 176.775588989, -4.72521162033, 24.4601287842, -4.56858348846, 11.7270927429], [-825.499023438, -132.904052734, 177.611221313, -5.71588850021, 83.5417785645, 45.7331809998, 13.378071785, 68.0368270874, -4.72521162033, 169.820327759, 5.48824501038, 23.5780544281, 0.629806697369], [12.2755432129, 90.710067749, -25.4720039368, -8.18331623077, 3.98468732834, 17.8544158936, 61.6054000854, -38.2564125061, 24.4601287842, 5.48824501038, 113.817893982, 13.6073760986, -4.83448123932], [-656.292724609, -64.6261901855, 117.909355164, -19.2886943817, 54.5696182251, 1.23263204098, 24.9675884247, 18.203289032, -4.56858348846, 23.5780544281, 13.6073760986, 105.425811768, 17.5307178497], [43.8374328613, 38.2469215393, 30.0647163391, 29.2236690521, 17.2086257935, 4.00763750076, -8.77172374725, 29.0535640717, 11.7270927429, 0.629806697369, -4.83448123932, 17.5307178497, 90.5348968506]],
        "icov": [[0.000174912056536, -0.000312272575684, 0.000585044210311, -0.00042050954653, 0.000292807031656, -0.00036258759792, 0.000344995001797, -0.000221080292249, 0.000289477669867, 4.32119986726e-06, 5.78112631047e-05, -2.45101109613e-05, 2.37567073782e-05], [-0.000312272575684, 0.00142907421105, -0.000887409085408, 0.000805621035397, -0.000816498708446, 0.00132389506325, -0.000954062503297, 0.000726767932065, -0.000807681819424, 0.000290910102194, -0.000615792640019, 0.000676766445395, -0.000708273844793], [0.000585044210311, -0.000887409085408, 0.00297467107885, -0.0013385155471, 0.000431288150139, -0.00166010647081, 0.0012057365384, -0.000993544585072, 0.000625921587925, -0.000361892336514, 0.000447278667707, -0.000750200531911, 5.36008301424e-05], [-0.00042050954653, 0.000805621035397, -0.0013385155471, 0.00378837087192, -0.000567433307879, -0.000524613307789, -0.00052928365767, 0.000547595729586, -0.00146792351734, 0.000257773761405, 0.000165854362422, 0.000402492791181, -0.000891740550287], [0.000292807031656, -0.000816498708446, 0.000431288150139, -0.000567433307879, 0.00379663915373, 0.0004478986084, -0.000863410416059, -0.000576220918447, 0.000572994758841, -0.00129021087196, 0.000751481915358, -0.000665187719278, -0.000293438642984], [-0.00036258759792, 0.00132389506325, -0.00166010647081, -0.000524613307789, 0.0004478986084, 0.00616117753088, -0.00165276497137, -0.000158488415764, 0.00098208268173, -0.000738309579901, -0.00188053317834, 0.000970285327639, -0.000540607667062], [0.000344995001797, -0.000954062503297, 0.0012057365384, -0.00052928365767, -0.000863410416059, -0.00165276497137, 0.00548564968631, -0.000207799108466, 0.000166216123034, 0.000321877771057, -0.00173028127756, -0.00066305254586, 0.000854126585182], [-0.000221080292249, 0.000726767932065, -0.000993544585072, 0.000547595729586, -0.000576220918447, -0.000158488415764, -0.000207799108466, 0.00688683660701, -0.0011556907557, -0.00193781545386, 0.00201149447821, -0.000125259743072, -0.00186560291331], [0.000289477669867, -0.000807681819424, 0.000625921587925, -0.00146792351734, 0.000572994758841, 0.00098208268173, 0.000166216123034, -0.0011556907557, 0.00737541075796, 0.000127937892103, -0.00171173189301, 0.000785191718023, -0.000498073291965], [4.32119986726e-06, 0.000290910102194, -0.000361892336514, 0.000257773761405, -0.00129021087196, -0.000738309579901, 0.000321877771057, -0.00193781545386, 0.000127937892103, 0.00817801430821, -0.00132824096363, -0.000182063493412, 0.000733818567824], [5.78112631047e-05, -0.000615792640019, 0.000447278667707, 0.000165854362422, 0.000751481915358, -0.00188053317834, -0.00173028127756, 0.00201149447821, -0.00171173189301, -0.00132824096363, 0.0119767971337, -0.00219014496543, 0.000451938161859], [-2.45101109613e-05, 0.000676766445395, -0.000750200531911, 0.000402492791181, -0.000665187719278, 0.000970285327639, -0.00066305254586, -0.000125259743072, 0.000785191718023, -0.000182063493412, -0.00219014496543, 0.0119666624814, -0.00262994412333], [2.37567073782e-05, -0.000708273844793, 5.36008301424e-05, -0.000891740550287, -0.000293438642984, -0.000540607667062, 0.000854126585182, -0.00186560291331, -0.000498073291965, 0.000733818567824, 0.000451938161859, -0.00262994412333, 0.0129571650177]]
    },
    "melbands": {
        "dmean": [0.000160612136824, 0.000265058915829, 0.0002961626451, 0.00029224291211, 0.00012578809401, 8.33479061839e-05, 8.50570140756e-05, 0.000111907102109, 0.000104418897536, 0.00012530501408, 9.06161876628e-05, 8.2130813098e-05, 7.69483158365e-05, 5.76777747483e-05, 4.43230783276e-05, 0.000115458409709, 4.59111761302e-05, 4.09357271565e-05, 3.0600662285e-05, 2.54299502558e-05, 2.1205180019e-05, 1.40998563438e-05, 1.2937766769e-05, 1.34257143145e-05, 9.20410911931e-06, 5.60745002076e-06, 6.13249858361e-06, 4.22827179136e-06, 3.15036027132e-06, 3.08344306177e-06, 1.39455062254e-06, 1.27894168145e-06, 1.04086166175e-06, 8.52168113852e-07, 6.48430386718e-07, 4.67576541041e-07, 3.17818916074e-07, 2.30334421758e-07, 1.0457402766e-07, 6.23904625741e-08],
        "dmean2": [0.000251785415458, 0.000414872687543, 0.000472012063256, 0.000461301184259, 0.000199863541638, 0.000128740561195, 0.000131882319693, 0.00017250199744, 0.000164182172739, 0.000193270781892, 0.00014019892842, 0.00012800420518, 0.000120472708659, 8.87894566404e-05, 6.78811848047e-05, 0.000187995581655, 7.15063360985e-05, 6.48019049549e-05, 4.74546868645e-05, 3.93250120396e-05, 3.38248901244e-05, 2.2441316105e-05, 1.99341520783e-05, 2.07530574698e-05, 1.43799470607e-05, 8.84784822119e-06, 9.85146834864e-06, 6.72169107929e-06, 5.06052128912e-06, 5.01287240695e-06, 2.23066490435e-06, 2.01761213248e-06, 1.63600225278e-06, 1.33723096951e-06, 1.01148452814e-06, 7.14069415153e-07, 4.83473172608e-07, 3.49197449623e-07, 1.61866580584e-07, 9.68998961071e-08],
        "dvar": [1.57580856808e-07, 3.5972192336e-07, 4.76612683542e-07, 4.78216236388e-07, 5.51208003685e-08, 2.37559270033e-08, 5.28736698868e-08, 1.1442293868e-07, 1.1281183987e-07, 1.54255829443e-07, 9.49780414317e-08, 6.16079987026e-08, 4.87240541247e-08, 2.86566272933e-08, 1.36198927692e-08, 2.65363610197e-07, 1.8639273236e-08, 1.38714506548e-08, 8.87247963988e-09, 8.58203286214e-09, 6.40220898518e-09, 2.59131116565e-09, 1.363113733e-09, 1.13454079465e-09, 5.13307674144e-10, 1.86363924293e-10, 3.3875371952e-10, 1.07473641098e-10, 6.09412451058e-11, 9.05191060996e-11, 1.68520388616e-11, 1.33995549031e-11, 1.61418951122e-11, 1.28252330631e-11, 9.38924459015e-12, 3.46715147911e-12, 1.16672079983e-12, 7.83342466414e-13, 2.21376885465e-13, 9.87976383647e-14],
        "dvar2": [3.71841309743e-07, 8.69131099535e-07, 1.22220933463e-06, 1.18125933568e-06, 1.3460385162e-07, 5.40878382083e-08, 1.25229320247e-07, 2.75189364629e-07, 2.64655454885e-07, 3.98356803544e-07, 2.25255732289e-07, 1.47665517147e-07, 1.17755249107e-07, 6.81304754835e-08, 3.03812832669e-08, 7.52106359414e-07, 4.19851424738e-08, 3.44622819171e-08, 1.93719902342e-08, 1.97464213869e-08, 1.66138747204e-08, 6.68430910622e-09, 3.05764458197e-09, 2.55187404541e-09, 1.19002585564e-09, 4.53443560477e-10, 8.00432276016e-10, 2.51663634376e-10, 1.51982620933e-10, 2.26536261971e-10, 4.2091500424e-11, 3.17086044921e-11, 3.81673997962e-11, 2.70757617715e-11, 2.19200768647e-11, 7.87142746816e-12, 2.68936630778e-12, 1.77593866262e-12, 5.48049995143e-13, 2.31135558826e-13],
        "max": [0.0116422772408, 0.0112323779613, 0.0108497133479, 0.0110972030088, 0.00507220765576, 0.0055240332149, 0.00601363927126, 0.00894826557487, 0.00783727318048, 0.0129845896736, 0.00847584474832, 0.00718606403098, 0.00655088853091, 0.00607263995335, 0.00434992741793, 0.0101148961112, 0.00515242805704, 0.00353020359762, 0.00285707344301, 0.00380615820177, 0.00304437987506, 0.00228186347522, 0.000975417438895, 0.000853559642565, 0.000821229070425, 0.000462714524474, 0.000867817900144, 0.000234179635299, 0.00018405195442, 0.000286254275125, 0.000133171575726, 0.000108277410618, 0.000143521581776, 0.000154860259499, 0.000172702391865, 5.94629418629e-05, 2.81041102426e-05, 3.07170157612e-05, 2.07725861401e-05, 1.14877202577e-05],
        "mean": [0.000394806353142, 0.000686510466039, 0.000568108807784, 0.000489050347824, 0.000241996647674, 0.00017509648751, 0.000149881729158, 0.000174168511876, 0.000164188691997, 0.000217585096834, 0.000147861006553, 0.000129314372316, 0.000133497975185, 9.99442490865e-05, 7.52565028961e-05, 0.000185547105502, 7.22235708963e-05, 6.57992786728e-05, 4.78411930089e-05, 4.45150362793e-05, 3.83868755307e-05, 2.44125385507e-05, 2.2763850211e-05, 2.41036086663e-05, 1.73067273863e-05, 1.03859410956e-05, 1.09277252704e-05, 7.94481638877e-06, 5.85396082897e-06, 5.25789255335e-06, 2.4269838832e-06, 2.29888246395e-06, 1.69261170413e-06, 1.43478928294e-06, 1.0911122672e-06, 8.010662782e-07, 5.51039363472e-07, 3.75648966155e-07, 1.46986735672e-07, 8.72713030731e-08],
        "median": [9.00873419596e-05, 0.000231133715715, 0.000241083878791, 0.00023436146148, 0.000135052978294, 8.87631613296e-05, 6.58403369016e-05, 6.09309463471e-05, 4.84870033688e-05, 6.06666399108e-05, 3.59979894711e-05, 3.07752634399e-05, 2.89122708637e-05, 2.5843612093e-05, 1.93930936803e-05, 1.6109102944e-05, 1.48319059008e-05, 1.38314426295e-05, 1.13020360004e-05, 7.82605820859e-06, 8.24831477075e-06, 6.46131184112e-06, 5.47228364667e-06, 6.53859751765e-06, 4.88859541292e-06, 3.48025287167e-06, 3.29830868395e-06, 2.39810265157e-06, 1.74976912604e-06, 1.07938103611e-06, 6.93509093708e-07, 5.25348866631e-07, 3.66252891126e-07, 2.21197680617e-07, 1.64580299611e-07, 8.96160941011e-08, 5.42891314126e-08, 2.65273936151e-08, 7.01036695361e-09, 1.7977613842e-09],
        "min": [5.20276594656e-25, 9.14196210526e-25, 7.55812465065e-25, 1.07011506148e-24, 1.00749784662e-24, 2.02749460264e-24, 1.07886096512e-24, 1.15512586807e-24, 1.69087029945e-24, 1.42794798872e-24, 1.74126293129e-24, 2.26670286709e-24, 1.940869195e-24, 1.95361087634e-24, 2.32662986904e-24, 2.62456685573e-24, 2.57658912433e-24, 2.23898032272e-24, 3.33738728893e-24, 2.07092415649e-24, 3.5285093536e-24, 3.31106576153e-24, 3.274875387e-24, 3.53468337347e-24, 3.57823520076e-24, 4.5964720081e-24, 4.64573558277e-24, 4.88156239494e-24, 4.64218373654e-24, 3.48646346178e-24, 4.2657124913e-24, 4.67282940499e-24, 4.25378294226e-24, 4.24605447197e-24, 5.06530032711e-24, 4.20021179262e-24, 5.68373453908e-24, 5.70798057343e-24, 6.04478315919e-24, 6.16790462497e-24],
        "var": [7.59017211749e-07, 1.43601789659e-06, 9.0806594244e-07, 6.66987887143e-07, 1.17079849815e-07, 7.30651308345e-08, 9.257574618e-08, 1.70904684182e-07, 1.93881305677e-07, 3.24943414398e-07, 1.83381075658e-07, 1.20006887983e-07, 1.19222335115e-07, 7.57481188884e-08, 3.4464193277e-08, 5.70921429244e-07, 4.11265403955e-08, 2.79629190914e-08, 1.69504215108e-08, 2.22336993261e-08, 1.71136651517e-08, 6.29753849068e-09, 3.38630568031e-09, 2.7889053289e-09, 1.47767986736e-09, 3.99568045317e-10, 5.46965195358e-10, 2.36120345498e-10, 1.16821635698e-10, 1.58817889395e-10, 2.73442969656e-11, 2.96262354926e-11, 2.44804194277e-11, 2.44797619675e-11, 1.59549387591e-11, 7.50508509506e-12, 2.88920862061e-12, 1.83271973986e-12, 4.47847081685e-13, 2.16677397595e-13]
    },
    "mfcc": {
        "mean": [-698.972900391, 137.861114502, -26.4376678467, 29.964389801, -9.76307487488, 10.4819259644, -4.09166479111, 5.64711952209, -6.03059577942, 3.25380825996, -5.95900630951, 0.0662980079651, -6.30859375],
        "cov": [[16699.890625, 845.832641602, -1850.11669922, 664.401550293, -803.52142334, 331.509002686, -414.968444824, 215.249847412, -457.196350098, 152.569564819, -313.181945801, -83.6201858521, -365.750854492], [845.832641602, 2020.95556641, -345.053833008, 173.118286133, 15.552491188, -54.6263656616, 26.6390285492, -33.3030090332, 18.5862674713, -51.2849693298, 47.6533164978, -16.8219032288, 56.6271247864], [-1850.11669922, -345.053833008, 928.441162109, -64.9728546143, 180.662139893, 36.7445526123, 49.0909156799, 7.19097709656, 74.4446563721, -8.51118183136, 26.3134613037, 46.0346794128, 40.2661476135], [664.401550293, 173.118286133, -64.9728546143, 305.704315186, 38.4239349365, 49.2050094604, -3.59120106697, 30.2720966339, 26.6014862061, 41.130317688, -28.9182834625, 15.0916967392, 6.45367670059], [-803.52142334, 15.552491188, 180.662139893, 38.4239349365, 310.931030273, -34.7587394714, 24.2564048767, -26.0037841797, 97.5365905762, -4.6866774559, 14.5214414597, 4.9259762764, 41.4404144287], [331.509002686, -54.6263656616, 36.7445526123, 49.2050094604, -34.7587394714, 226.473297119, 59.6278533936, 39.7780265808, -32.2917022705, 32.5517349243, -0.180563911796, 34.7705574036, -9.06899261475], [-414.968444824, 26.6390285492, 49.0909156799, -3.59120106697, 24.2564048767, 59.6278533936, 244.780822754, 16.3582019806, 31.0402259827, 3.11306262016, 28.5514030457, 11.4488077164, 45.2193450928], [215.249847412, -33.3030090332, 7.19097709656, 30.2720966339, -26.0037841797, 39.7780265808, 16.3582019806, 146.544952393, 0.69250023365, 19.9828071594, -15.4387598038, 12.0641803741, -3.35548496246], [-457.196350098, 18.5862674713, 74.4446563721, 26.6014862061, 97.5365905762, -32.2917022705, 31.0402259827, 0.69250023365, 153.271728516, 21.9586200714, 11.009516716, -4.26206636429, 34.3641777039], [152.569564819, -51.2849693298, -8.51118183136, 41.130317688, -4.6866774559, 32.5517349243, 3.11306262016, 19.9828071594, 21.9586200714, 140.454391479, 17.5549144745, 9.57439041138, -14.1326684952], [-313.181945801, 47.6533164978, 26.3134613037, -28.9182834625, 14.5214414597, -0.180563911796, 28.5514030457, -15.4387598038, 11.009516716, 17.5549144745, 110.709182739, 19.7248649597, 14.9658584595], [-83.6201858521, -16.8219032288, 46.0346794128, 15.0916967392, 4.9259762764, 34.7705574036, 11.4488077164, 12.0641803741, -4.26206636429, 9.57439041138, 19.7248649597, 101.616119385, 22.3722248077], [-365.750854492, 56.6271247864, 40.2661476135, 6.45367670059, 41.4404144287, -9.06899261475, 45.2193450928, -3.35548496246, 34.3641777039, -14.1326684952, 14.9658584595, 22.3722248077, 106.905502319]],
