{
"lowlevel": {
    "average_loudness": 0.410434484482,
    "barkbands_crest": {
        "dmean": 2.73961281776,
        "dmean2": 4.44055747986,
        "dvar": 6.12561655045,
        "dvar2": 15.3053913116,
        "max": 26.2919654846,
        "mean": 11.3034744263,
        "median": 10.5941143036,
        "min": 2.57187652588,
        "var": 18.1573848724
    },
    "barkbands_flatness_db": {
        "dmean": 0.0229764394462,
        "dmean2": 0.0358080230653,
        "dvar": 0.000486855919007,
        "dvar2": 0.00114760617726,
        "max": 0.43545755744,
        "mean": 0.169017121196,
        "median": 0.162702202797,
        "min": 0.032174449414,
        "var": 0.00288381474093
    },
    "barkbands_kurtosis": {
        "dmean": 3.89398813248,
        "dmean2": 6.14965820312,
        "dvar": 50.0523681641,
        "dvar2": 113.925125122,
        "max": 368.338195801,
        "mean": 7.68202209473,
        "median": 5.16984415054,
        "min": -1.85383844376,
        "var": 111.333320618
    },
    "barkbands_skewness": {
        "dmean": 0.577462255955,
        "dmean2": 0.889772951603,
        "dvar": 0.376072138548,
        "dvar2": 0.851660966873,
        "max": 12.8111801147,
        "mean": 1.92321074009,
        "median": 1.96115922928,
        "min": -6.96778154373,
        "var": 1.92327439785
    },
    "barkbands_spread": {
        "dmean": 5.09315156937,
        "dmean2": 8.02548599243,
        "dvar": 53.8797187805,
        "dvar2": 126.003242493,
        "max": 129.821380615,
        "mean": 16.1139736176,
        "median": 12.8298358917,
        "min": 0.415752351284,
        "var": 143.397964478
    },
    "dissonance": {
        "dmean": 0.0239876806736,
        "dmean2": 0.0399453639984,
        "dvar": 0.00060787901748,
        "dvar2": 0.00159681262448,
        "max": 0.500000059605,
        "mean": 0.448195785284,
        "median": 0.458355903625,
        "min": 0.158155471087,
        "var": 0.00174753658939
    },
    "dynamic_complexity": 4.1985077858,
    "erbbands_crest": {
        "dmean": 2.67769932747,
        "dmean2": 4.16618585587,
        "dvar": 6.81389808655,
        "dvar2": 15.5442323685,
        "max": 33.6203765869,
        "mean": 10.7112474442,
        "median": 9.43555259705,
        "min": 2.61181640625,
        "var": 28.5674419403
    },
    "erbbands_flatness_db": {
        "dmean": 0.0173455048352,
        "dmean2": 0.025850944221,
        "dvar": 0.000311498879455,
        "dvar2": 0.000632360344753,
        "max": 0.390554875135,
        "mean": 0.174893945456,
        "median": 0.160660982132,
        "min": 0.0443703569472,
        "var": 0.00292503111996
    },
    "erbbands_kurtosis": {
        "dmean": 1.42598307133,
        "dmean2": 2.21984267235,
        "dvar": 9.62587547302,
        "dvar2": 21.3508701324,
        "max": 122.538154602,
        "mean": 1.41834235191,
        "median": 0.27199447155,
        "min": -1.86205816269,
        "var": 19.3384189606
    },
    "erbbands_skewness": {
        "dmean": 0.410609215498,
        "dmean2": 0.614671349525,
        "dvar": 0.203925445676,
        "dvar2": 0.427670538425,
        "max": 9.72223758698,
        "mean": 0.758656561375,
        "median": 0.820986092091,
        "min": -5.38644599915,
        "var": 0.958248376846
    },
    "erbbands_spread": {
        "dmean": 9.01738834381,
        "dmean2": 13.9095487595,
        "dvar": 123.027252197,
        "dvar2": 258.532318115,
        "max": 134.060684204,
        "mean": 40.3697967529,
        "median": 35.0832290649,
        "min": 1.64739227295,
        "var": 590.487365723
    },
    "hfc": {
        "dmean": 3.88802695274,
        "dmean2": 5.14711380005,
        "dvar": 63.6355819702,
        "dvar2": 116.306297302,
        "max": 256.478210449,
        "mean": 12.0467748642,
        "median": 5.07739114761,
        "min": 1.07869487014e-16,
        "var": 335.020629883
    },
    "melbands_crest": {
        "dmean": 3.46109223366,
        "dmean2": 5.66954803467,
        "dvar": 10.309015274,
        "dvar2": 25.7359962463,
        "max": 39.1010856628,
        "mean": 14.6588754654,
        "median": 13.8054523468,
        "min": 1.64289391041,
        "var": 29.0901527405
    },
    "melbands_flatness_db": {
        "dmean": 0.0283709280193,
        "dmean2": 0.0440874584019,
        "dvar": 0.000779502908699,
        "dvar2": 0.00181319657713,
        "max": 0.579117834568,
        "mean": 0.235782504082,
        "median": 0.229324042797,
        "min": 0.00341620692052,
        "var": 0.00561863230541
    },
    "melbands_kurtosis": {
        "dmean": 8.03496551514,
        "dmean2": 12.7516098022,
        "dvar": 173.679840088,
        "dvar2": 422.835296631,
        "max": 385.319061279,
        "mean": 18.6115570068,
        "median": 12.7976131439,
        "min": -1.91206288338,
        "var": 441.34185791
    },
    "melbands_skewness": {
        "dmean": 0.76048707962,
        "dmean2": 1.17216014862,
        "dvar": 0.660932838917,
        "dvar2": 1.5107228756,
        "max": 15.4988737106,
        "mean": 2.87464499474,
        "median": 2.70897865295,
        "min": -4.14114904404,
        "var": 3.23094940186
    },
    "melbands_spread": {
        "dmean": 5.84265136719,
        "dmean2": 9.02837276459,
        "dvar": 125.099990845,
        "dvar2": 277.238677979,
        "max": 239.01361084,
        "mean": 17.7168998718,
        "median": 11.3853855133,
        "min": 0.371650218964,
        "var": 410.627929688
    },
    "pitch_salience": {
        "dmean": 0.0778849869967,
        "dmean2": 0.127112194896,
        "dvar": 0.0052474886179,
        "dvar2": 0.0137162730098,
        "max": 0.877562880516,
        "mean": 0.537894666195,
        "median": 0.54622644186,
        "min": 0.0416963510215,
        "var": 0.0141111360863
    },
    "silence_rate_20dB": {
        "dmean": 0,
        "dmean2": 0,
        "dvar": 0,
        "dvar2": 0,
        "max": 1,
        "mean": 1,
        "median": 1,
        "min": 1,
        "var": 0
    },
    "silence_rate_30dB": {
        "dmean": 0.00262996414676,
        "dmean2": 0.0052603892982,
        "dvar": 0.00262309540994,
        "dvar2": 0.00681095710024,
        "max": 1,
        "mean": 0.99780857563,
        "median": 1,
        "min": 0,
        "var": 0.00218668882735
    },
    "silence_rate_60dB": {
        "dmean": 0.059787850827,
        "dmean2": 0.119586184621,
        "dvar": 0.0562214441597,
        "dvar2": 0.1229846403,
        "max": 1,
        "mean": 0.161465644836,
        "median": 0,
        "min": 0,
        "var": 0.135412424803
    },
    "spectral_centroid": {
        "dmean": 229.860748291,
        "dmean2": 346.957183838,
        "dvar": 103228.796875,
        "dvar2": 213058.203125,
        "max": 11726.9384766,
        "mean": 1140.13354492,
        "median": 913.898986816,
        "min": 115.51915741,
        "var": 880155.3125
    },
    "spectral_complexity": {
        "dmean": 2.48163414001,
        "dmean2": 3.60389280319,
        "dvar": 9.51197624207,
        "dvar2": 17.3368682861,
        "max": 52,
        "mean": 10.9719495773,
        "median": 9,
        "min": 0,
        "var": 63.9459190369
    },
    "spectral_decrease": {
        "dmean": 1.47901413339e-09,
        "dmean2": 2.07434469601e-09,
        "dvar": 4.60463819176e-18,
        "dvar2": 9.09294004781e-18,
        "max": 2.28261794788e-28,
        "mean": -4.2438577097e-09,
        "median": -2.7647484302e-09,
        "min": -3.67866732631e-08,
        "var": 2.02845216821e-17
    },
    "spectral_energy": {
        "dmean": 0.0058382418938,
        "dmean2": 0.00814561359584,
        "dvar": 7.05941929482e-05,
        "dvar2": 0.000137700451887,
        "max": 0.148536220193,
        "mean": 0.0171100068837,
        "median": 0.0110355131328,
        "min": 1.0370036991e-20,
        "var": 0.000329125643475
    },
    "spectral_energyband_high": {
        "dmean": 0.000260938395513,
        "dmean2": 0.000378544442356,
        "dvar": 9.57471229412e-07,
        "dvar2": 1.8102643935e-06,
        "max": 0.0411185920238,
        "mean": 0.000509521807544,
        "median": 0.000166726036696,
        "min": 7.25972398888e-21,
        "var": 2.46529248216e-06
    },
    "spectral_energyband_low": {
        "dmean": 0.00316757126711,
        "dmean2": 0.0048675746657,
        "dvar": 3.01619875245e-05,
        "dvar2": 7.04411795596e-05,
        "max": 0.112443730235,
        "mean": 0.00554329063743,
        "median": 0.00232985476032,
        "min": 2.07223693936e-23,
        "var": 6.65738552925e-05
    },
    "spectral_energyband_middle_high": {
        "dmean": 0.0012270010775,
        "dmean2": 0.00158120959532,
        "dvar": 8.06814750831e-06,
        "dvar2": 1.23211866594e-05,
        "max": 0.0695239603519,
        "mean": 0.0032002334483,
        "median": 0.000591499381699,
        "min": 1.32168255172e-21,
        "var": 4.59855145891e-05
    },
    "spectral_energyband_middle_low": {
        "dmean": 0.00348365702666,
        "dmean2": 0.00501570338383,
        "dvar": 3.59938640031e-05,
        "dvar2": 7.05875208951e-05,
        "max": 0.112686119974,
        "mean": 0.00899395905435,
        "median": 0.00556261930615,
        "min": 2.13249373251e-22,
        "var": 0.000117690186016
    },
    "spectral_entropy": {
        "dmean": 0.210094466805,
        "dmean2": 0.318000644445,
        "dvar": 0.047414239496,
        "dvar2": 0.11106543988,
        "max": 9.81690979004,
        "mean": 7.26272678375,
        "median": 7.351770401,
        "min": 4.89363384247,
        "var": 0.325105458498
    },
    "spectral_flux": {
        "dmean": 0.02148662135,
        "dmean2": 0.0335768125951,
        "dvar": 0.000583533546887,
        "dvar2": 0.00133827433456,
        "max": 0.287622988224,
        "mean": 0.0609882287681,
        "median": 0.0498427897692,
        "min": 6.56002960286e-11,
        "var": 0.00187814189121
    },
    "spectral_kurtosis": {
        "dmean": 1.84263718128,
        "dmean2": 2.99000358582,
        "dvar": 5.00058507919,
        "dvar2": 12.5359354019,
        "max": 39.5174751282,
        "mean": 5.50778245926,
        "median": 3.17588019371,
        "min": -1.27024722099,
        "var": 35.6410636902
    },
    "spectral_rms": {
        "dmean": 0.00067444331944,
        "dmean2": 0.000920524878893,
        "dvar": 5.66613948649e-07,
        "dvar2": 9.96006065179e-07,
        "max": 0.012037997134,
        "mean": 0.0035798533354,
        "median": 0.00328121241182,
        "min": 3.18074039329e-12,
        "var": 3.87724594475e-06
    },
    "spectral_rolloff": {
        "dmean": 384.815673828,
        "dmean2": 646.60546875,
        "dvar": 885890.25,
        "dvar2": 2072858.5,
        "max": 20176.6113281,
        "mean": 1121.12695312,
        "median": 538.330078125,
        "min": 21.533203125,
        "var": 2662289.25
    },
    "spectral_skewness": {
        "dmean": 0.256174921989,
        "dmean2": 0.396683216095,
        "dvar": 0.0716279521585,
        "dvar2": 0.157843649387,
        "max": 5.08967828751,
        "mean": 1.67497301102,
        "median": 1.4065015316,
        "min": -0.258862882853,
        "var": 0.798096060753
    },
    "spectral_spread": {
        "dmean": 589132.3125,
        "dmean2": 893657.8125,
        "dvar": 690482577408,
        "dvar2": 1.54164553318e+12,
        "max": 51652008,
        "mean": 4663265,
        "median": 4424652,
        "min": 1754234.625,
        "var": 6.72469667021e+12
    },
    "spectral_strongpeak": {
        "dmean": 0.425996482372,
        "dmean2": 0.676273524761,
        "dvar": 0.685900390148,
        "dvar2": 1.45800554752,
        "max": 12.4555835724,
        "mean": 0.872189223766,
        "median": 0.39722019434,
        "min": 0,
        "var": 1.82467103004
    },
    "zerocrossingrate": {
        "dmean": 0.00970329996198,
        "dmean2": 0.0115238828585,
        "dvar": 0.000184995282325,
        "dvar2": 0.000261052511632,
        "max": 0.521484375,
        "mean": 0.0503719374537,
        "median": 0.04296875,
        "min": 0,
        "var": 0.00180765183177
    },
    "barkbands": {
        "dmean": [6.63008540869e-05, 0.00202171760611, 0.000959013646934, 0.0015063425526, 0.000695689115673, 0.000878787774127, 0.000563785724808, 0.000586085545365, 0.000803504779469, 0.000332187744789, 0.000326269102516, 0.000301189313177, 0.000222357775783, 0.000186590536032, 0.000189060432604, 0.00011095523223, 9.65295184869e-05, 0.000113545160275, 0.000128617873997, 8.81492451299e-05, 7.0320777013e-05, 0.000103546422906, 5.45042530575e-05, 2.41583129537e-05, 1.7210129954e-05, 1.4775331465e-06, 3.65180952144e-08],
        "dmean2": [0.000105388964585, 0.00323627563193, 0.00153816712555, 0.00229459372349, 0.00114230136387, 0.00134066003375, 0.000863252498675, 0.000886886497028, 0.00118205393665, 0.000486346223624, 0.000442804157501, 0.000434625224443, 0.000324463791912, 0.000286415888695, 0.000270881224424, 0.000170499275555, 0.000140252814163, 0.000173062086105, 0.000185558441444, 0.000130854285089, 0.000106389641587, 0.000153284083353, 8.53619567351e-05, 3.86399224226e-05, 2.70264972642e-05, 2.45347928285e-06, 6.33289545249e-08],
        "dvar": [2.38558435228e-08, 1.58767579705e-05, 3.56333612217e-06, 1.62756805366e-05, 1.71292504092e-06, 1.89206036794e-06, 1.92947254618e-06, 5.40950941286e-06, 7.9751953308e-06, 2.13300177165e-06, 2.11187148125e-06, 1.7500760805e-06, 9.25320762235e-07, 5.94496157191e-07, 5.44114186596e-07, 2.37349581766e-07, 1.1304577896e-07, 1.28069615357e-07, 2.03593970127e-07, 8.25187740361e-08, 7.65744161413e-08, 2.09656150219e-07, 8.3356461289e-08, 2.71380340422e-08, 2.15038853391e-09, 1.56493793618e-11, 1.71917008759e-14],
        "dvar2": [5.42468256981e-08, 4.07986408391e-05, 8.39086533233e-06, 3.22739360854e-05, 4.57185342384e-06, 4.4010412239e-06, 4.01406714445e-06, 1.0163492334e-05, 1.57101057994e-05, 4.01523402616e-06, 3.16786940857e-06, 3.15520128424e-06, 1.89372485693e-06, 1.3533647234e-06, 1.08500182705e-06, 4.84102656628e-07, 2.06495187172e-07, 2.80351855508e-07, 3.8206533759e-07, 1.68899774167e-07, 1.68462619854e-07, 4.22298484182e-07, 1.65946929087e-07, 6.88551935468e-08, 5.19071186034e-09, 4.18032622407e-11, 4.96528274226e-14],
        "max": [0.00419538049027, 0.0949885696173, 0.0448600240052, 0.0825314000249, 0.0270579569042, 0.0266999583691, 0.0445928126574, 0.0630863755941, 0.067679874599, 0.0477248542011, 0.048797249794, 0.0541593842208, 0.0340058580041, 0.0220174621791, 0.0287932474166, 0.0216010659933, 0.0169394481927, 0.0134574593976, 0.018678592518, 0.00886644050479, 0.0107217524201, 0.0208181701601, 0.0133972233161, 0.00940604414791, 0.00124951801263, 0.000157569098519, 8.1146690718e-06],
        "mean": [7.17251677997e-05, 0.00311792781577, 0.00132429553196, 0.00208908575587, 0.00123328191694, 0.00205762847327, 0.00107762042899, 0.000906178262085, 0.00139496801421, 0.000540300796274, 0.000617579557002, 0.000442655902589, 0.000341485399986, 0.000257000938291, 0.000281503685983, 0.000168937709532, 0.000182925999979, 0.000186596793355, 0.000230448087677, 0.000162486423505, 0.000118937015941, 0.000161738906172, 8.77467391547e-05, 3.12755073537e-05, 2.3515907742e-05, 2.07363154914e-06, 5.15714972948e-08],
        "median": [1.57301292347e-05, 0.000764506752603, 0.000442089716671, 0.000486455101054, 0.00063053087797, 0.0012764823623, 0.000464732351247, 0.000154657260282, 0.000146174890688, 8.47518458613e-05, 2.97580481856e-05, 4.75329870824e-05, 2.81623470073e-05, 1.80887618626e-05, 3.80055789719e-05, 1.1690910469e-05, 1.51073672896e-05, 5.10666068294e-05, 3.45600128639e-05, 4.3579369958e-05, 2.43402791966e-05, 4.48399223387e-05, 2.50200519076e-05, 7.90512603999e-06, 6.82287736709e-06, 8.23226400826e-07, 3.64642396278e-08],
        "min": [1.27948446497e-24, 2.39268415086e-24, 1.24730446206e-24, 1.45298978651e-24, 8.94039966372e-24, 1.00857846773e-23, 1.31190992195e-23, 1.7665192598e-23, 7.46545222974e-24, 1.25773221715e-23, 1.58806361914e-23, 3.50607904039e-23, 2.79941081506e-23, 2.86031087695e-23, 5.94695415175e-23, 6.66027499887e-23, 1.0255804555e-22, 1.36789414977e-22, 1.41905777481e-22, 2.26662861161e-22, 2.66801921554e-22, 3.19207100069e-22, 3.73644157085e-22, 6.81494335935e-22, 9.75314301731e-22, 1.41709064602e-21, 2.0745919984e-21],
        "var": [2.95886763979e-08, 3.13160380756e-05, 6.52483095109e-06, 2.59028038272e-05, 2.79739720099e-06, 6.11038603893e-06, 4.75895240015e-06, 1.47721184476e-05, 2.42200931098e-05, 5.34914397576e-06, 8.86568068381e-06, 4.11198743677e-06, 2.07654989026e-06, 9.08144841105e-07, 1.05145784346e-06, 4.65038766606e-07, 4.93202776397e-07, 2.613161314e-07, 5.78003209739e-07, 2.04230531153e-07, 1.40683170002e-07, 4.10051256949e-07, 1.79696726832e-07, 2.891338724e-08, 2.82535461693e-09, 1.55652712941e-11, 1.07673557706e-14]
    },
    "erbbands": {
        "dmean": [0.0380470715463, 0.527359008789, 1.23817002773, 2.98544025421, 3.60461330414, 2.164239645, 5.60301923752, 6.82326793671, 7.90236759186, 9.22040653229, 15.6741485596, 18.331111908, 11.5163259506, 10.1460838318, 9.94039535522, 13.6886739731, 10.0389795303, 8.04885673523, 7.63610124588, 10.1316518784, 5.27301883698, 5.01644134521, 5.30808925629, 6.98560380936, 5.57978725433, 4.21792793274, 2.88914608955, 3.11459350586, 3.61893439293, 2.6492960453, 1.43905639648, 0.626777350903, 0.32284116745, 0.224271431565, 0.103143453598, 0.0159944035113, 0.00181612360757, 0.00018374742649, 7.26253438188e-06, 6.98336589267e-06],
        "dmean2": [0.063568495214, 0.838498532772, 1.9433516264, 4.50050878525, 5.83185577393, 3.54982805252, 8.66864299774, 10.549243927, 11.9727392197, 14.2631177902, 23.0404911041, 26.16147995, 16.731086731, 13.341176033, 13.7124633789, 19.4033985138, 14.6313686371, 11.909318924, 11.4404582977, 14.0072221756, 7.8587679863, 7.35880374908, 7.85398054123, 10.3687372208, 8.11878299713, 6.22527551651, 4.30559921265, 4.66492605209, 5.38474082947, 4.05153179169, 2.21581244469, 1.01037740707, 0.522860825062, 0.357162892818, 0.164733067155, 0.0256637055427, 0.00300203566439, 0.000308653165121, 1.11494000521e-05, 9.71872032096e-06],
        "dvar": [0.00658018607646, 1.08748555183, 5.99165582657, 62.3809623718, 66.8955688477, 14.5519771576, 91.3203811646, 122.250534058, 347.979095459, 914.109313965, 3734.48046875, 4746.73046875, 3213.97705078, 1520.14660645, 1569.40698242, 3802.34423828, 1886.37805176, 1189.85864258, 955.951538086, 1673.56518555, 523.06036377, 289.517486572, 357.966430664, 560.020751953, 352.897979736, 204.122161865, 117.176269531, 160.647964478, 227.114379883, 187.299316406, 59.1658630371, 28.6086387634, 2.10532879829, 0.415614068508, 0.0762207508087, 0.00163637485821, 2.96972993965e-05, 5.52584538127e-07, 3.60589169635e-10, 9.94869395199e-11],
        "dvar2": [0.0182009413838, 2.76504063606, 14.1785573959, 124.478965759, 157.935684204, 37.7096328735, 215.320175171, 282.041625977, 769.914245605, 2025.64038086, 7307.05322266, 8998.23828125, 6401.75683594, 2476.49731445, 2729.25073242, 6522.48583984, 3973.28027344, 2667.22070312, 2012.86254883, 3041.17016602, 1208.42150879, 563.177429199, 743.264099121, 1112.86022949, 682.958312988, 418.1015625, 259.630859375, 335.697906494, 437.22265625, 374.873138428, 112.656318665, 70.7319717407, 5.37060213089, 0.995573282242, 0.188853621483, 0.0041529443115, 8.19538618089e-05, 1.55855946105e-06, 9.63022328548e-10, 1.93954893812e-10],
        "max": [1.61866927147, 26.039680481, 61.5048828125, 160.710769653, 149.380004883, 83.985206604, 175.875610352, 218.410110474, 549.964416504, 1111.2590332, 1616.59387207, 2036.94042969, 2252.61035156, 1327.53869629, 1222.05847168, 2800.67504883, 1601.6427002, 1259.18920898, 1679.21337891, 1402.54211426, 1082.75280762, 766.383605957, 948.722290039, 1090.8371582, 712.606994629, 553.65838623, 398.922363281, 533.030578613, 682.665588379, 567.379394531, 393.119293213, 332.652496338, 65.884727478, 19.542339325, 8.87791728973, 1.45942533016, 0.254505991936, 0.0412505082786, 0.00084847555263, 0.000216655214899],
        "mean": [0.0492701381445, 0.825701713562, 1.90380203724, 4.31836843491, 5.0930724144, 3.7683570385, 12.1361608505, 15.8815088272, 15.3565607071, 16.2155513763, 27.2909851074, 32.3799705505, 19.7255554199, 19.7344112396, 17.4581451416, 21.661737442, 16.113363266, 11.7708616257, 11.6901197433, 16.2469272614, 9.69067573547, 10.05509758, 9.741979599, 12.8641109467, 9.99598121643, 8.00713634491, 5.17755794525, 5.20326042175, 5.93812322617, 4.28230285645, 2.19748687744, 0.83241045475, 0.415450721979, 0.305450022221, 0.134842768312, 0.0217178557068, 0.00278719654307, 0.000344044558005, 1.88141875697e-05, 2.10806811083e-05],
        "median": [0.0149166295305, 0.191837608814, 0.669236063957, 1.29419183731, 1.95387196541, 1.98192751408, 5.60174274445, 9.09894752502, 6.92253398895, 5.62362957001, 4.09253311157, 3.22002434731, 3.86418294907, 2.04278326035, 1.54964470863, 2.30363297462, 1.64436841011, 1.04555881023, 1.467009902, 1.75560116768, 0.90997338295, 0.940736055374, 1.68927586079, 3.30316996574, 1.61797821522, 2.21248865128, 1.29446935654, 1.19303488731, 1.68279027939, 1.25619268417, 0.531604170799, 0.196533113718, 0.110977008939, 0.0873861163855, 0.0377265438437, 0.00705995364115, 0.0013090664288, 0.000224748029723, 1.28261963255e-05, 1.36637536343e-05],
        "min": [1.63938662564e-22, 5.17024637453e-22, 3.03472755608e-21, 7.4121635207e-21, 2.34132680745e-20, 3.02679054e-20, 7.08458739655e-20, 9.92501059025e-20, 1.49395397298e-19, 1.47644656607e-19, 3.88425636736e-19, 2.09100040216e-19, 5.5190069496e-19, 9.4442974207e-19, 7.91302584062e-19, 1.51789710355e-18, 1.62849528735e-18, 1.71233810744e-18, 2.41212918335e-18, 3.43823660026e-18, 4.40677576205e-18, 6.08573568422e-18, 7.01561821444e-18, 6.45304358086e-18, 7.06589673362e-18, 1.0117433015e-17, 1.01913970238e-17, 9.76281324173e-18, 1.29795019226e-17, 8.93075639946e-18, 1.11861205879e-17, 1.18595514856e-17, 1.03123242119e-17, 8.48733134285e-18, 5.68134776226e-18, 4.22280955305e-18, 2.33222064105e-18, 9.89688619093e-19, 2.69189335044e-19, 2.92671654929e-20],
        "var": [0.00857088062912, 2.19777488708, 11.7927713394, 98.4709777832, 91.5569610596, 26.6104106903, 260.154663086, 402.496551514, 770.669616699, 1855.09802246, 10674.4091797, 14533.5166016, 8712.84082031, 5475.06152344, 5158.44140625, 9148.11816406, 3883.58984375, 1830.79614258, 1643.76855469, 4016.37304688, 1190.64501953, 1226.10925293, 830.673034668, 1406.40405273, 943.201965332, 489.154144287, 229.503723145, 300.551116943, 480.681365967, 379.354888916, 129.186340332, 34.2515258789, 2.20879864693, 0.546474099159, 0.0916031673551, 0.00190001737792, 2.67391114903e-05, 3.94059497921e-07, 4.98634578072e-10, 4.94553176189e-10]
    },
    "gfcc": {
        "mean": [-72.4426193237, 102.535980225, -106.169692993, 36.7427940369, -69.8837585449, 8.63935089111, -35.5250053406, 7.94837427139, -20.8079738617, 6.16372489929, -12.5637521744, 0.947917163372, -10.5523834229],
        "cov": [[17470.7226562, 1073.8795166, -1823.71704102, 1510.98986816, -1170.8092041, 49.6955528259, -277.574890137, -102.160919189, -364.364379883, -275.988922119, 53.4184761047, -96.748260498, -54.7962837219], [1073.8795166, 1343.0949707, 330.983795166, -398.94833374, 270.679412842, -74.620223999, -9.2245464325, -59.1117134094, -34.675075531, -42.3150863647, -39.4830551147, -46.8228225708, -39.7882843018], [-1823.71704102, 330.983795166, 1514.6138916, 204.987945557, 40.8537216187, 44.5392799377, -70.7661972046, 14.4278488159, -90.6352615356, 29.0672588348, -17.8492488861, 13.0336551666, -88.869140625], [1510.98986816, -398.94833374, 204.987945557, 908.719482422, -276.616546631, 21.2256278992, 5.12113380432, -16.0344791412, -94.4170227051, -45.2558708191, 65.9431610107, 7.94457197189, -9.71902370453], [-1170.8092041, 270.679412842, 40.8537216187, -276.616546631, 421.99395752, 30.7997913361, 38.0835990906, 18.4988174438, 88.9844665527, 23.0337371826, -47.5063247681, -36.0801620483, 11.0333433151], [49.6955528259, -74.620223999, 44.5392799377, 21.2256278992, 30.7997913361, 175.211074829, 40.287437439, 26.4305877686, -2.09604454041, -5.66176605225, -9.37685585022, -2.84371399879, -1.75913214684], [-277.574890137, -9.2245464325, -70.7661972046, 5.12113380432, 38.0835990906, 40.287437439, 192.974243164, 37.9593086243, 6.61765575409, -42.556602478, 17.6912994385, 15.4462556839, 11.4798183441], [-102.160919189, -59.1117134094, 14.4278488159, -16.0344791412, 18.4988174438, 26.4305877686, 37.9593086243, 125.575843811, 54.6747779846, 20.581445694, -8.41614341736, -4.68120098114, -9.47228431702], [-364.364379883, -34.675075531, -90.6352615356, -94.4170227051, 88.9844665527, -2.09604454041, 6.61765575409, 54.6747779846, 164.538787842, 86.0237884521, -9.35900211334, -25.9191017151, 16.6885299683], [-275.988922119, -42.3150863647, 29.0672588348, -45.2558708191, 23.0337371826, -5.66176605225, -42.556602478, 20.581445694, 86.0237884521, 143.065505981, 33.3009300232, -4.16973257065, 7.75492715836], [53.4184761047, -39.4830551147, -17.8492488861, 65.9431610107, -47.5063247681, -9.37685585022, 17.6912994385, -8.41614341736, -9.35900211334, 33.3009300232, 142.240509033, 86.4207305908, 26.2870998383], [-96.748260498, -46.8228225708, 13.0336551666, 7.94457197189, -36.0801620483, -2.84371399879, 15.4462556839, -4.68120098114, -25.9191017151, -4.16973257065, 86.4207305908, 126.987915039, 42.9878463745], [-54.7962837219, -39.7882843018, -88.869140625, -9.71902370453, 11.0333433151, -1.75913214684, 11.4798183441, -9.47228431702, 16.6885299683, 7.75492715836, 26.2870998383, 42.9878463745, 86.226776123]],
        "icov": [[0.000481275783386, -0.00141724327113, 0.0011905884603, -0.00133237766568, 0.00125704449601, -0.0012089451775, 0.00115719425958, -0.000883381406311, 0.000284044101136, -0.000310523872031, 0.000732273096219, -0.000604778528214, 0.000343374646036], [-0.00141724327113, 0.00536143407226, -0.0038586659357, 0.00446837162599, -0.00423370627686, 0.00413243006915, -0.00345181208104, 0.00299483188428, -0.0005574109382, 0.00158787029795, -0.00294099771418, 0.0027019623667, -0.00097072776407], [0.0011905884603, -0.0038586659357, 0.00392658449709, -0.00378240179271, 0.00280434382148, -0.00325909745879, 0.00309954839759, -0.00257439934649, 0.00149651337415, -0.00183593877591, 0.00271305604838, -0.00265730684623, 0.00184902420733], [-0.00133237766568, 0.00446837162599, -0.00378240179271, 0.00556286796927, -0.00265308911912, 0.00329803628847, -0.00330253550783, 0.00259320368059, -0.000672836322337, 0.00194829143584, -0.00375729100779, 0.00350587791763, -0.00157219776884], [0.00125704449601, -0.00423370627686, 0.00280434382148, -0.00265308911912, 0.00720563251525, -0.00400437274948, 0.00231319200248, -0.00177556672134, -0.00138882396277, -0.00032383276266, 0.00223307521082, -0.000932135735638, 1.16167366286e-05], [-0.0012089451775, 0.00413243006915, -0.00325909745879, 0.00329803628847, -0.00400437274948, 0.00968482531607, -0.00418653339148, 0.0012110323878, 0.000464695796836, 0.000349054316757, -0.00136670295615, 0.00174682715442, -0.0010238137329], [0.00115719425958, -0.00345181208104, 0.00309954839759, -0.00330253550783, 0.00231319200248, -0.00418653339148, 0.00994013715535, -0.00430793128908, -0.000347759167198, 0.00289602647536, -0.000653816678096, -0.000923814252019, 0.000253587990301], [-0.000883381406311, 0.00299483188428, -0.00257439934649, 0.00259320368059, -0.00177556672134, 0.0012110323878, -0.00430793128908, 0.012757291086, -0.0049447119236, 0.000620369508397, -9.13121402846e-05, -0.000509446603246, 0.00186945544556], [0.000284044101136, -0.0005574109382, 0.00149651337415, -0.000672836322337, -0.00138882396277, 0.000464695796836, -0.000347759167198, -0.0049447119236, 0.014275373891, -0.00814825762063, 0.00192170205992, 0.00148387206718, -0.00227556098253], [-0.000310523872031, 0.00158787029795, -0.00183593877591, 0.00194829143584, -0.00032383276266, 0.000349054316757, 0.00289602647536, 0.000620369508397, -0.00814825762063, 0.0155571643263, -0.00765064917505, 0.00443003326654, -0.00110439851414], [0.000732273096219, -0.00294099771418, 0.00271305604838, -0.00375729100779, 0.00223307521082, -0.00136670295615, -0.000653816678096, -9.13121402846e-05, 0.00192170205992, -0.00765064917505, 0.0180206801742, -0.0128498375416, 0.00247291941196], [-0.000604778528214, 0.0027019623667, -0.00265730684623, 0.00350587791763, -0.000932135735638, 0.00174682715442, -0.000923814252019, -0.000509446603246, 0.00148387206718, 0.00443003326654, -0.0128498375416, 0.0202794671059, -0.00813759863377], [0.000343374646036, -0.00097072776407, 0.00184902420733, -0.00157219776884, 1.16167366286e-05, -0.0010238137329, 0.000253587990301, 0.00186945544556, -0.00227556098253, -0.00110439851414, 0.00247291941196, -0.00813759863377, 0.0170881133527]]
    },
    "melbands": {
        "dmean": [0.00045706378296, 0.000658883247524, 0.000544942216948, 0.000186736564501, 0.000160064548254, 0.000158405062393, 0.00011397061462, 0.0001022235665, 0.000141513490235, 0.000108017011371, 5.62954664929e-05, 4.13690140704e-05, 4.20820215368e-05, 3.21669285768e-05, 3.52281203959e-05, 1.59662740771e-05, 1.67454072653e-05, 1.41240670928e-05, 1.41767677633e-05, 9.9068702184e-06, 6.7950227276e-06, 5.38930771654e-06, 5.47276067664e-06, 5.54065763936e-06, 6.28129282632e-06, 4.36704704043e-06, 3.8736584429e-06, 2.82755013359e-06, 1.95982693185e-06, 1.73370426637e-06, 2.05167179956e-06, 2.4361031592e-06, 1.70031353264e-06, 1.42646103996e-06, 9.87362227534e-07, 5.3053628335e-07, 3.17190000487e-07, 2.53732366673e-07, 1.94397642872e-07, 1.89176560639e-07],
        "dmean2": [0.000741369731259, 0.00103054300416, 0.000835108163301, 0.000303104607156, 0.000247542833677, 0.000242189256824, 0.000173281965544, 0.000157459609909, 0.000209385019843, 0.000155748915859, 8.18462722236e-05, 5.54082398594e-05, 5.6806136854e-05, 4.64302247565e-05, 5.05814969074e-05, 2.27420205192e-05, 2.53177913692e-05, 2.15055406443e-05, 2.01371640287e-05, 1.41739146784e-05, 1.03401880551e-05, 7.9558840298e-06, 8.04813953437e-06, 8.47413502925e-06, 9.4276801974e-06, 6.45244699626e-06, 5.74117348151e-06, 4.26342739956e-06, 2.95931658911e-06, 2.69301540357e-06, 3.12852625939e-06, 3.70100087821e-06, 2.59453940998e-06, 2.25086955652e-06, 1.50510936692e-06, 8.7960916062e-07, 5.12910503403e-07, 4.2191820171e-07, 3.11927664143e-07, 3.04116070993e-07],
        "dvar": [8.34842580844e-07, 1.61477385063e-06, 1.91666049432e-06, 1.34187757794e-07, 7.0404645669e-08, 6.46189590725e-08, 7.1851111727e-08, 1.20481942645e-07, 2.75577122011e-07, 1.57643128773e-07, 7.70826460439e-08, 2.56186982739e-08, 3.39284369488e-08, 2.45996023551e-08, 2.03195629211e-08, 5.07444708475e-09, 5.19973353263e-09, 3.42585271262e-09, 3.08217074085e-09, 1.63085911442e-09, 9.76416725251e-10, 3.68132940798e-10, 3.56382784394e-10, 3.75996539459e-10, 5.07091035828e-10, 3.03794100986e-10, 1.68721855931e-10, 9.92819298995e-11, 5.22811550996e-11, 5.24822581227e-11, 7.11640468776e-11, 8.64223068109e-11, 8.75862438132e-11, 5.56536726426e-11, 2.30851952138e-11, 2.05544643805e-11, 6.70082045406e-12, 1.42235669857e-12, 4.06937585842e-13, 2.7982089844e-13],
        "dvar2": [2.21467234951e-06, 3.93158052248e-06, 3.87025693271e-06, 3.38297098779e-07, 1.67300839848e-07, 1.48293153757e-07, 1.55005110969e-07, 2.643288326e-07, 5.59570707992e-07, 3.00298978573e-07, 1.51608631427e-07, 4.22451940096e-08, 5.25036725207e-08, 4.66748382166e-08, 3.89981238413e-08, 1.04431441272e-08, 1.16583622756e-08, 7.57010809593e-09, 6.1271028251e-09, 2.87592150094e-09, 2.24480856126e-09, 6.97045698939e-10, 7.18526238508e-10, 8.43238090464e-10, 1.03142883123e-09, 6.56693588397e-10, 3.29597626969e-10, 2.18084370007e-10, 1.14675394181e-10, 1.24207172325e-10, 1.48648163223e-10, 1.78086712044e-10, 1.75474454411e-10, 1.18257070802e-10, 4.29976852734e-11, 5.12603744174e-11, 1.64658061491e-11, 3.76641122804e-12, 9.86297090007e-13, 6.74393050085e-13],
        "max": [0.0188347734511, 0.0284114126116, 0.0270548127592, 0.00744530139491, 0.00470113335177, 0.0047035808675, 0.00842597987503, 0.0128930751234, 0.0121678970754, 0.0115904631093, 0.0108597660437, 0.00609961152077, 0.00533906184137, 0.00584576791152, 0.00508251599967, 0.00266600260511, 0.00229832739569, 0.00300455349497, 0.00180504692253, 0.00184649368748, 0.00135503069032, 0.000849017582368, 0.000620887440164, 0.000779869500548, 0.00107632868458, 0.000634962343611, 0.000532015576027, 0.000376780866645, 0.000246592098847, 0.000293514865916, 0.000384161161492, 0.000412054883782, 0.000428998959251, 0.000322544452501, 0.000253447127761, 0.000279348139884, 0.000138750940096, 6.22787629254e-05, 2.08079891308e-05, 1.6161122403e-05],
        "mean": [0.000675328541547, 0.00107174529694, 0.000804764626082, 0.000292031036224, 0.000362187041901, 0.00037679442903, 0.000225672920351, 0.000171693303855, 0.000255341408774, 0.000183489464689, 9.31569811655e-05, 7.75491862441e-05, 7.631634071e-05, 4.63673604827e-05, 5.61826818739e-05, 2.33117243624e-05, 2.30142704822e-05, 1.96410492208e-05, 2.11744063563e-05, 1.50944624693e-05, 1.1651522982e-05, 9.98240739136e-06, 9.95438222162e-06, 8.88425802259e-06, 1.08784279291e-05, 7.42336396797e-06, 6.38145093035e-06, 5.06578498971e-06, 3.28431792695e-06, 2.69207498604e-06, 3.19925106851e-06, 3.79076936952e-06, 2.48910578193e-06, 2.31298486142e-06, 1.44440241456e-06, 6.98064070548e-07, 3.95380027385e-07, 2.99785625657e-07, 2.62183050381e-07, 2.51499784554e-07],
        "median": [0.000184291173355, 0.000353891868144, 0.00026054304908, 0.000135683600092, 0.000178531976417, 0.000221082649659, 0.000103263126221, 5.09519959451e-05, 2.74093454209e-05, 1.93096238945e-05, 1.65875662788e-05, 8.37122115627e-06, 4.39465702584e-06, 4.9886339184e-06, 5.38234598935e-06, 2.22819880946e-06, 1.72538511833e-06, 2.02480964617e-06, 2.45362298301e-06, 1.59144951795e-06, 8.55364532981e-07, 8.93681828984e-07, 1.03121624306e-06, 2.14084366235e-06, 2.7649475669e-06, 9.89082082015e-07, 1.13778105515e-06, 1.48774392983e-06, 8.22308038551e-07, 4.70797090202e-07, 7.04688886799e-07, 1.0945914255e-06, 5.65831328458e-07, 7.10401764081e-07, 3.42709455481e-07, 1.34853962663e-07, 9.46434255411e-08, 7.34457046292e-08, 6.81621656895e-08, 7.15664896234e-08],
        "min": [1.74902137829e-24, 2.13659702406e-24, 1.60561238218e-24, 2.34766030913e-24, 2.42090663582e-24, 2.18150963641e-24, 2.83509489867e-24, 1.967229771e-24, 2.97284421222e-24, 9.13434368107e-25, 2.33746191535e-24, 2.9012826952e-24, 2.04947029531e-24, 5.10863009005e-24, 4.42550810057e-24, 2.89369444494e-24, 2.88993118399e-24, 3.82893125213e-24, 4.29629978404e-24, 4.43636164333e-24, 4.64777084391e-24, 5.83566007752e-24, 4.29716713661e-24, 6.74648203413e-24, 4.50691341839e-24, 3.90098383506e-24, 4.65221528625e-24, 6.17508799238e-24, 6.99990281108e-24, 5.55158613796e-24, 5.38446082759e-24, 6.82873419414e-24, 5.34498898891e-24, 4.4538325458e-24, 5.85958622878e-24, 6.44542510257e-24, 5.91541864821e-24, 6.8541796915e-24, 7.42999687635e-24, 5.69567000457e-24],
        "var": [1.46448633132e-06, 3.33443063028e-06, 3.05988146465e-06, 1.99298128223e-07, 2.11110290138e-07, 2.11663689242e-07, 1.7108870054e-07, 2.47722482527e-07, 8.23875325295e-07, 4.5401517923e-07, 2.12453471704e-07, 8.62167794935e-08, 1.32091628302e-07, 5.45108775896e-08, 4.37586891167e-08, 1.05281401375e-08, 7.7213035965e-09, 5.36123190287e-09, 6.40758868187e-09, 3.66046370992e-09, 2.21385554333e-09, 1.34453992384e-09, 1.21233822981e-09, 7.33435867595e-10, 1.16608067646e-09, 6.55874299316e-10, 4.25071450261e-10, 2.05268108067e-10, 1.02118744016e-10, 7.76975775385e-11, 1.29415270167e-10, 1.66627239784e-10, 1.65028171684e-10, 1.05142623774e-10, 4.92940202546e-11, 2.73213500435e-11, 7.53537596904e-12, 1.30288173913e-12, 5.00219061051e-13, 3.64231756735e-13]
    },
    "mfcc": {
        "mean": [-711.185546875, 126.755332947, 15.7812509537, 28.4239425659, -6.20333957672, 3.23208928108, -4.72719335556, 0.651427686214, -3.77896165848, 0.268752366304, 4.82317829132, -4.27849578857, 3.62400245667],
        "cov": [[10748.8896484, -1046.71179199, -594.657470703, 895.227478027, -559.18371582, 206.145324707, -18.3728752136, 250.086380005, -199.488708496, -223.522064209, 105.879562378, -155.59173584, -93.9090118408], [-1046.71179199, 2021.0814209, 40.8390159607, -311.45501709, 245.533691406, -24.3929824829, 51.2263298035, -56.4163665771, 84.7854156494, 16.603515625, -59.3012580872, 48.221408844, 23.784324646], [-594.657470703, 40.8390159607, 1222.5637207, 328.090911865, 92.5530471802, 34.9887809753, 70.2263565063, 8.43974399567, -79.7012634277, -57.9687194824, 14.7011537552, -25.5973033905, 22.1579151154], [895.227478027, -311.45501709, 328.090911865, 501.250946045, -11.0540847778, 33.3451652527, 26.4655742645, 38.0749320984, -55.2923088074, -24.3921871185, 17.782453537, -38.6070022583, 1.45437145233], [-559.18371582, 245.533691406, 92.5530471802, -11.0540847778, 239.164611816, 38.0695228577, -1.83706188202, -32.4108963013, 39.2849502563, 55.1926651001, -8.68075752258, 17.4213848114, 24.2105388641], [206.145324707, -24.3929824829, 34.9887809753, 33.3451652527, 38.0695228577, 128.535873413, 37.8438339233, 5.4711856842, 12.1083927155, 2.00824356079, 1.15041863918, -0.970609724522, -2.18026924133], [-18.3728752136, 51.2263298035, 70.2263565063, 26.4655742645, -1.83706188202, 37.8438339233, 139.87512207, 76.2379760742, -5.32415628433, -35.3772544861, -0.860320925713, 9.58590316772, -8.67817115784], [250.086380005, -56.4163665771, 8.43974399567, 38.0749320984, -32.4108963013, 5.4711856842, 76.2379760742, 164.684707642, 14.9595861435, -45.2628173828, 12.1413450241, -1.32008731365, -23.341796875], [-199.488708496, 84.7854156494, -79.7012634277, -55.2923088074, 39.2849502563, 12.1083927155, -5.32415628433, 14.9595861435, 133.858978271, 79.50440979, 5.40401744843, 12.7957363129, -8.92218780518], [-223.522064209, 16.603515625, -57.9687194824, -24.3921871185, 55.1926651001, 2.00824356079, -35.3772544861, -45.2628173828, 79.50440979, 156.386962891, 35.8876533508, 9.00696086884, 16.6350765228], [105.879562378, -59.3012580872, 14.7011537552, 17.782453537, -8.68075752258, 1.15041863918, -0.860320925713, 12.1413450241, 5.40401744843, 35.8876533508, 95.9100036621, 29.3522949219, 4.82977294922], [-155.59173584, 48.221408844, -25.5973033905, -38.6070022583, 17.4213848114, -0.970609724522, 9.58590316772, -1.32008731365, 12.7957363129, 9.00696086884, 29.3522949219, 88.1844787598, 32.7741966248], [-93.9090118408, 23.784324646, 22.1579151154, 1.45437145233, 24.2105388641, -2.18026924133, -8.67817115784, -23.341796875, -8.92218780518, 16.6350765228, 4.82977294922, 32.7741966248, 89.3005371094]],
