{
"lowlevel": {
    "average_loudness": 0.653010606766,
    "barkbands_crest": {
        "dmean": 2.75174212456,
        "dmean2": 4.3507027626,
        "dvar": 6.33109474182,
        "dvar2": 15.2763032913,
        "max": 25.9009513855,
        "mean": 12.067325592,
        "median": 11.2084140778,
        "min": 2.61603784561,
        "var": 28.0016422272
    },
    "barkbands_flatness_db": {
        "dmean": 0.0242752097547,
        "dmean2": 0.0347929224372,
        "dvar": 0.000690629007295,
        "dvar2": 0.00129343871959,
        "max": 0.656050503254,
        "mean": 0.189388856292,
        "median": 0.163216516376,
        "min": 0.0425859168172,
        "var": 0.0100160734728
    },
    "barkbands_kurtosis": {
        "dmean": 9.38235187531,
        "dmean2": 14.0530643463,
        "dvar": 706.99822998,
        "dvar2": 1630.29736328,
        "max": 543.558227539,
        "mean": 17.0237407684,
        "median": 2.00160169601,
        "min": -1.93476462364,
        "var": 2237.12451172
    },
    "barkbands_skewness": {
        "dmean": 0.820982456207,
        "dmean2": 1.17710185051,
        "dvar": 1.11798095703,
        "dvar2": 2.4240064621,
        "max": 19.3964500427,
        "mean": 2.01454138756,
        "median": 1.412940979,
        "min": -3.14259624481,
        "var": 7.60255765915
    },
    "barkbands_spread": {
        "dmean": 5.66212558746,
        "dmean2": 8.58033084869,
        "dvar": 53.1692008972,
        "dvar2": 115.658500671,
        "max": 105.915435791,
        "mean": 20.6792850494,
        "median": 19.1643409729,
        "min": 0.130697414279,
        "var": 216.714157104
    },
    "dissonance": {
        "dmean": 0.0170773267746,
        "dmean2": 0.0283310022205,
        "dvar": 0.000322871725075,
        "dvar2": 0.000881032668985,
        "max": 0.499999791384,
        "mean": 0.461470425129,
        "median": 0.469016999006,
        "min": 0.209569469094,
        "var": 0.000916193297599
    },
    "dynamic_complexity": 5.29050540924,
    "erbbands_crest": {
        "dmean": 3.01148462296,
        "dmean2": 4.86222505569,
        "dvar": 7.66658592224,
        "dvar2": 19.1656570435,
        "max": 30.214466095,
        "mean": 10.7224369049,
        "median": 9.58672809601,
        "min": 2.78170442581,
        "var": 24.5714378357
    },
    "erbbands_flatness_db": {
        "dmean": 0.0177886337042,
        "dmean2": 0.0267487615347,
        "dvar": 0.000302831234876,
        "dvar2": 0.000658165488858,
        "max": 0.462567895651,
        "mean": 0.187110587955,
        "median": 0.179754287004,
        "min": 0.0749704986811,
        "var": 0.00212924671359
    },
    "erbbands_kurtosis": {
        "dmean": 1.96822714806,
        "dmean2": 2.96521949768,
        "dvar": 34.6217002869,
        "dvar2": 71.5049057007,
        "max": 200.958480835,
        "mean": 2.39354705811,
        "median": 0.152971386909,
        "min": -1.95071315765,
        "var": 115.17061615
    },
    "erbbands_skewness": {
        "dmean": 0.474320173264,
        "dmean2": 0.713868319988,
        "dvar": 0.300798326731,
        "dvar2": 0.660474419594,
        "max": 11.0574436188,
        "mean": 0.23718623817,
        "median": -0.0708878338337,
        "min": -7.23241710663,
        "var": 2.15137076378
    },
    "erbbands_spread": {
        "dmean": 9.15981197357,
        "dmean2": 13.9720449448,
        "dvar": 120.724632263,
        "dvar2": 260.347442627,
        "max": 166.881271362,
        "mean": 37.7774848938,
        "median": 34.1244125366,
        "min": 0.824998021126,
        "var": 461.262268066
    },
    "hfc": {
        "dmean": 4.84507846832,
        "dmean2": 6.46513319016,
        "dvar": 120.113746643,
        "dvar2": 202.713394165,
        "max": 387.076782227,
        "mean": 16.183719635,
        "median": 5.665599823,
        "min": 1.06397112141e-16,
        "var": 880.544433594
    },
    "melbands_crest": {
        "dmean": 3.29012751579,
        "dmean2": 5.15559720993,
        "dvar": 9.96637821198,
        "dvar2": 23.0560665131,
        "max": 32.7235717773,
        "mean": 16.5082263947,
        "median": 15.7743644714,
        "min": 1.59069144726,
        "var": 50.4852333069
    },
    "melbands_flatness_db": {
        "dmean": 0.0298347678035,
        "dmean2": 0.0406186841428,
        "dvar": 0.00105613598134,
        "dvar2": 0.00176612718496,
        "max": 0.798348963261,
        "mean": 0.244344338775,
        "median": 0.218043416739,
        "min": 0.00337746576406,
        "var": 0.0180698763579
    },
    "melbands_kurtosis": {
        "dmean": 18.2284011841,
        "dmean2": 27.1971244812,
        "dvar": 1779.82299805,
        "dvar2": 3851.43164062,
        "max": 827.552612305,
        "mean": 39.9173583984,
        "median": 8.50824356079,
        "min": -1.91019558907,
        "var": 8233.98144531
    },
    "melbands_skewness": {
        "dmean": 1.04498553276,
        "dmean2": 1.51732754707,
        "dvar": 1.67403304577,
        "dvar2": 3.51328444481,
        "max": 21.8299121857,
        "mean": 3.42711520195,
        "median": 2.65926408768,
        "min": -1.84622824192,
        "var": 10.9843730927
    },
    "melbands_spread": {
        "dmean": 8.67065906525,
        "dmean2": 12.6441879272,
        "dvar": 171.517883301,
        "dvar2": 326.056762695,
        "max": 199.578781128,
        "mean": 28.7574806213,
        "median": 19.544916153,
        "min": 0.208397999406,
        "var": 862.808349609
    },
    "pitch_salience": {
        "dmean": 0.0757126435637,
        "dmean2": 0.119053512812,
        "dvar": 0.00480543589219,
        "dvar2": 0.011162634939,
        "max": 0.911071896553,
        "mean": 0.471919298172,
        "median": 0.485734403133,
        "min": 0.039300929755,
        "var": 0.0229079462588
    },
    "silence_rate_20dB": {
        "dmean": 0,
        "dmean2": 0,
        "dvar": 0,
        "dvar2": 0,
        "max": 1,
        "mean": 1,
        "median": 1,
        "min": 1,
        "var": 0
    },
    "silence_rate_30dB": {
        "dmean": 0.0134697575122,
        "dmean2": 0.0269430056214,
        "dvar": 0.0132891144603,
        "dvar2": 0.0285507347435,
        "max": 1,
        "mean": 0.980834007263,
        "median": 1,
        "min": 0,
        "var": 0.0187981259078
    },
    "silence_rate_60dB": {
        "dmean": 0.0577645376325,
        "dmean2": 0.115544043481,
        "dvar": 0.054422494024,
        "dvar2": 0.111786656082,
        "max": 1,
        "mean": 0.223517224193,
        "median": 0,
        "min": 0,
        "var": 0.173562929034
    },
    "spectral_centroid": {
        "dmean": 271.537567139,
        "dmean2": 397.727111816,
        "dvar": 116432.570312,
        "dvar2": 202946.5,
        "max": 11700.7451172,
        "mean": 1620.85888672,
        "median": 1465.82507324,
        "min": 113.774810791,
        "var": 1999712.125
    },
    "spectral_complexity": {
        "dmean": 2.31343078613,
        "dmean2": 3.57772016525,
        "dvar": 11.813117981,
        "dvar2": 20.977098465,
        "max": 51,
        "mean": 11.7496767044,
        "median": 10,
        "min": 0,
        "var": 83.04246521
    },
    "spectral_decrease": {
        "dmean": 1.4291995365e-09,
        "dmean2": 1.74159886512e-09,
        "dvar": 5.93440423192e-18,
        "dvar2": 6.43918995996e-18,
        "max": 2.3845624754e-28,
        "mean": -4.29738333807e-09,
        "median": -2.42083819657e-09,
        "min": -5.45413172404e-08,
        "var": 3.44944440125e-17
    },
    "spectral_energy": {
        "dmean": 0.00574611779302,
        "dmean2": 0.00702706025913,
        "dvar": 9.0926339908e-05,
        "dvar2": 0.000100595112599,
        "max": 0.208633318543,
        "mean": 0.0176872443408,
        "median": 0.0103041632101,
        "min": 9.96255602745e-21,
        "var": 0.000567506533116
    },
    "spectral_energyband_high": {
        "dmean": 0.000328564376105,
        "dmean2": 0.000469626073027,
        "dvar": 1.08888571049e-06,
        "dvar2": 2.20968900067e-06,
        "max": 0.035426389426,
        "mean": 0.000653084542137,
        "median": 9.25030326471e-05,
        "min": 6.86054068087e-21,
        "var": 2.79379332824e-06
    },
    "spectral_energyband_low": {
        "dmean": 0.00400739908218,
        "dmean2": 0.00460761738941,
        "dvar": 8.00690540927e-05,
        "dvar2": 8.33959056763e-05,
        "max": 0.203091084957,
        "mean": 0.0083441529423,
        "median": 0.00182547280565,
        "min": 1.1363210807e-23,
        "var": 0.000327096611727
    },
    "spectral_energyband_middle_high": {
        "dmean": 0.00158107781317,
        "dmean2": 0.00220506521873,
        "dvar": 1.38986733873e-05,
        "dvar2": 2.28397821047e-05,
        "max": 0.140973716974,
        "mean": 0.0053735030815,
        "median": 0.00123385689221,
        "min": 1.23227323343e-21,
        "var": 0.000141199256177
    },
    "spectral_energyband_middle_low": {
        "dmean": 0.00145154586062,
        "dmean2": 0.00231579970568,
        "dvar": 6.4659079726e-06,
        "dvar2": 1.38959330798e-05,
        "max": 0.115903228521,
        "mean": 0.0034927809611,
        "median": 0.00216184137389,
        "min": 1.89108336285e-22,
        "var": 3.22394298564e-05
    },
    "spectral_entropy": {
        "dmean": 0.190934896469,
        "dmean2": 0.278099238873,
        "dvar": 0.0508038029075,
        "dvar2": 0.1049124524,
        "max": 9.81836795807,
        "mean": 7.15695381165,
        "median": 7.30521011353,
        "min": 3.3778989315,
        "var": 0.592177033424
    },
    "spectral_flux": {
        "dmean": 0.0187892317772,
        "dmean2": 0.028828125447,
        "dvar": 0.000530418765265,
        "dvar2": 0.00118051562458,
        "max": 0.325429111719,
        "mean": 0.0569774731994,
        "median": 0.0496016480029,
        "min": 6.17624285049e-11,
        "var": 0.00181849685032
    },
    "spectral_kurtosis": {
        "dmean": 2.00631737709,
        "dmean2": 3.3164088726,
        "dvar": 6.94399881363,
        "dvar2": 14.6869430542,
        "max": 142.892425537,
        "mean": 5.31820487976,
        "median": 4.12145519257,
        "min": -1.27182579041,
        "var": 29.4910373688
    },
    "spectral_rms": {
        "dmean": 0.000627688772511,
        "dmean2": 0.000784307427239,
        "dvar": 5.75957301407e-07,
        "dvar2": 7.03101306954e-07,
        "max": 0.0142669091001,
        "mean": 0.00346252857707,
        "median": 0.00317062158138,
        "min": 3.11762204594e-12,
        "var": 5.26667781742e-06
    },
    "spectral_rolloff": {
        "dmean": 451.074371338,
        "dmean2": 712.713928223,
        "dvar": 613443.4375,
        "dvar2": 1124724.5,
        "max": 19832.0800781,
        "mean": 1820.56982422,
        "median": 1248.92578125,
        "min": 86.1328125,
        "var": 6404746.5
    },
    "spectral_skewness": {
        "dmean": 0.253204464912,
        "dmean2": 0.398083746433,
        "dvar": 0.0708327740431,
        "dvar2": 0.147268116474,
        "max": 10.5681419373,
        "mean": 1.49714744091,
        "median": 1.35118126869,
        "min": -0.464453071356,
        "var": 0.489272505045
    },
    "spectral_spread": {
        "dmean": 407032.4375,
        "dmean2": 606623.6875,
        "dvar": 491556241408,
        "dvar2": 980935901184,
        "max": 43279528,
        "mean": 4275227,
        "median": 3612722,
        "min": 803445.125,
        "var": 1.90305764639e+13
    },
    "spectral_strongpeak": {
        "dmean": 0.546321809292,
        "dmean2": 0.887044966221,
        "dvar": 1.38359701633,
        "dvar2": 3.15637636185,
        "max": 22.3315582275,
        "mean": 1.0531116724,
        "median": 0.346050918102,
        "min": 0,
        "var": 3.51912713051
    },
    "zerocrossingrate": {
        "dmean": 0.0102872336283,
        "dmean2": 0.0108898738399,
        "dvar": 0.000201259332243,
        "dvar2": 0.000209733305383,
        "max": 0.52978515625,
        "mean": 0.0624387897551,
        "median": 0.048828125,
        "min": 0.0029296875,
        "var": 0.00445267930627
    },
    "barkbands": {
        "dmean": [5.38962285646e-06, 0.00156422588043, 0.00264339637943, 0.000230650301091, 0.000867289490998, 0.000157117072376, 0.0001748551731, 0.000212739119888, 0.000372912647435, 0.00022808664653, 0.000285487360088, 0.000323759129969, 0.000269018666586, 0.000426529324614, 0.000377566291718, 0.000311893323669, 0.000162310898304, 0.000357387441909, 0.000194581152755, 0.000153513305122, 0.000104640486825, 0.000108940374048, 6.16029574303e-05, 2.54840506386e-05, 1.2999057617e-05, 1.96552650777e-06, 7.94885863797e-08],
        "dmean2": [8.92618572834e-06, 0.00222112843767, 0.00281689828262, 0.000382721220376, 0.00150772964116, 0.000233457787544, 0.000264055153821, 0.000311447074637, 0.000546806375496, 0.000360754085705, 0.000415190181229, 0.00046827524784, 0.000411030778196, 0.000649646448437, 0.000571383163333, 0.000496948952787, 0.000246072944719, 0.000542487134226, 0.000296748796245, 0.000237777669099, 0.000158103881404, 0.000161654927069, 8.84698529262e-05, 3.62128048437e-05, 1.86854704225e-05, 2.74737135442e-06, 1.26863866967e-07],
        "dvar": [2.57335952547e-09, 9.50037610892e-06, 5.38800268259e-05, 1.33884711317e-07, 1.73651392288e-06, 1.02282804448e-07, 3.41665156611e-07, 1.10964481337e-06, 3.90931199945e-06, 9.65845401879e-07, 2.04686443794e-06, 2.30993032346e-06, 1.67027906173e-06, 3.35442291544e-06, 2.6029615583e-06, 8.56482756717e-07, 2.78865570635e-07, 1.78025857167e-06, 5.16114141647e-07, 2.21790813271e-07, 1.39592316373e-07, 1.38979387998e-07, 3.95544397236e-08, 7.31906979468e-09, 2.07692707477e-09, 3.77101197491e-11, 6.56085903379e-14],
        "dvar2": [5.43038680689e-09, 2.0003906684e-05, 4.41071606474e-05, 3.61485007261e-07, 4.87071929456e-06, 2.21503412945e-07, 6.50036668048e-07, 1.95870097741e-06, 7.23866651242e-06, 2.13454927689e-06, 3.9079382077e-06, 3.79681341656e-06, 3.28031887875e-06, 7.12950895831e-06, 5.26105350218e-06, 2.19827711589e-06, 6.01012914103e-07, 4.25282360084e-06, 1.17702563784e-06, 5.16978616361e-07, 3.15624077984e-07, 3.23918214917e-07, 8.13192215787e-08, 1.48884415907e-08, 4.12250145132e-09, 6.70188279872e-11, 1.60162031207e-13],
        "max": [0.00298952893354, 0.0627860277891, 0.173813357949, 0.00794051680714, 0.0170829333365, 0.0162361171097, 0.0212422981858, 0.0420628450811, 0.114289686084, 0.0379736721516, 0.0617342665792, 0.0898048877716, 0.0770914256573, 0.0552463382483, 0.0714016333222, 0.038220513612, 0.024034878239, 0.0507331192493, 0.0345955640078, 0.016303030774, 0.0114315999672, 0.0229348819703, 0.0060729351826, 0.00200960738584, 0.00100668775849, 0.000168162296177, 5.58715009902e-06],
        "mean": [5.53641257284e-06, 0.00312548829243, 0.00506018335, 0.000365831074305, 0.00124444067478, 0.000321614410495, 0.000338951067533, 0.000381580117391, 0.000796860957053, 0.000378252239898, 0.000488079531351, 0.00065023440402, 0.000468386540888, 0.00072031817399, 0.000639117148239, 0.000544442911632, 0.000277720566373, 0.000703984987922, 0.00036980031291, 0.000288005598122, 0.000174947694177, 0.000186605422641, 9.6111514722e-05, 3.76314455934e-05, 1.90906393982e-05, 3.94125572711e-06, 9.46720675188e-08],
        "median": [1.77083825292e-06, 0.000771365244873, 0.00046509783715, 0.000158179434948, 0.000737017020583, 0.000132296001539, 9.39174133237e-05, 3.39312573487e-05, 6.00437706453e-05, 4.13704838138e-05, 2.48590768024e-05, 3.89203341911e-05, 4.11543078371e-05, 4.07990191889e-05, 5.89626797591e-05, 6.69795117574e-05, 3.83198203053e-05, 8.53942037793e-05, 6.15725948592e-05, 3.76046809833e-05, 1.88399171748e-05, 1.81494415301e-05, 1.24179341583e-05, 4.01790384785e-06, 2.59785565504e-06, 4.93188963446e-07, 9.49595069244e-09],
        "min": [5.19101931464e-25, 3.32565258853e-24, 3.2388745363e-25, 6.91327326191e-25, 1.00367293619e-23, 6.19658287432e-24, 1.9539108407e-24, 9.61883976374e-24, 1.29746785092e-23, 1.71170510203e-23, 1.48929965375e-23, 1.41321433499e-23, 2.79691201926e-23, 2.10778080294e-23, 3.69316497713e-23, 5.89006592089e-23, 6.15534343501e-23, 9.56011822013e-23, 1.06478488612e-22, 1.88181708711e-22, 1.90559966568e-22, 3.19679432114e-22, 2.89566150116e-22, 6.00556247804e-22, 9.21375299937e-22, 1.2756449827e-21, 1.92923095967e-21],
        "var": [2.91627233473e-09, 2.5330004064e-05, 0.000228579345276, 3.49357605955e-07, 2.41961515712e-06, 3.56245351441e-07, 1.17155309454e-06, 3.25492669617e-06, 2.09144636756e-05, 2.71326734946e-06, 6.35066135146e-06, 1.08380045276e-05, 4.59490865978e-06, 7.96898439148e-06, 6.74245075061e-06, 2.57591386799e-06, 8.34190814203e-07, 5.02694092575e-06, 1.28347858208e-06, 7.26992482214e-07, 2.86132973315e-07, 3.488821676e-07, 7.10389826963e-08, 1.18687015771e-08, 3.01128877389e-09, 8.60891219423e-11, 9.1461960347e-14]
    },
    "erbbands": {
        "dmean": [0.0137797510251, 0.478488653898, 2.90584039688, 1.41367065907, 2.78058791161, 2.3811545372, 1.4876986742, 1.25618135929, 2.17875552177, 3.20238447189, 4.56182479858, 9.60619449615, 6.75856256485, 8.6870136261, 12.6459760666, 9.70532608032, 11.6375398636, 18.9956569672, 18.1124706268, 18.2885894775, 13.2612161636, 8.88666629791, 16.2503509521, 11.5114059448, 9.69005393982, 7.37780952454, 5.36587953568, 3.29377102852, 3.78944396973, 3.05956292152, 1.58212840557, 0.675378441811, 0.397025376558, 0.203614935279, 0.0618280507624, 0.0136825498194, 0.00297899427824, 0.000390962901292, 1.08165331767e-05, 7.19112495062e-06],
        "dmean2": [0.0188972558826, 0.659612119198, 3.18347930908, 1.6641279459, 4.8482427597, 4.09056663513, 2.2935116291, 1.85865414143, 3.41837000847, 4.38346242905, 6.64943265915, 13.7696971893, 10.0224485397, 13.2929792404, 18.4624977112, 14.0125789642, 17.9237632751, 28.9765625, 27.3411312103, 27.4405937195, 20.4792366028, 13.3015327454, 24.3398704529, 17.2674884796, 14.7197523117, 11.3351888657, 8.01782226562, 4.96300315857, 5.64621782303, 4.46526432037, 2.30397152901, 0.957061827183, 0.570145010948, 0.292571306229, 0.0897896140814, 0.0191313941032, 0.00420438405126, 0.000574305071495, 1.45367812365e-05, 8.80093102751e-06],
        "dvar": [0.00100842234679, 0.875946342945, 56.9183692932, 11.9154624939, 19.8316287994, 12.7804269791, 12.4008302689, 8.22770500183, 34.8158226013, 272.284698486, 569.722106934, 3175.15014648, 1002.5838623, 1441.88366699, 2788.52416992, 1397.95532227, 2839.75292969, 7644.41162109, 4336.48632812, 5072.35351562, 1595.80029297, 716.265014648, 2895.94287109, 2407.82568359, 940.526184082, 549.011901855, 366.480560303, 156.118041992, 308.556396484, 78.6873474121, 26.9238433838, 5.36177968979, 1.76740956306, 0.485441923141, 0.0528656095266, 0.00189463503193, 8.55572725413e-05, 1.25152666897e-06, 6.18292361754e-10, 1.31442190465e-10],
        "dvar2": [0.002058416605, 1.67610394955, 49.4755897522, 10.936958313, 55.2835655212, 35.2163772583, 28.4285049438, 16.2617435455, 80.5708236694, 378.217163086, 1150.98730469, 5269.89013672, 2150.62548828, 2995.09277344, 5423.82324219, 2451.91601562, 5976.78808594, 17054.21875, 9041.9921875, 11052.3847656, 3640.36303711, 1470.61242676, 6205.05029297, 5419.45214844, 2179.85180664, 1334.04760742, 797.97076416, 376.63961792, 757.639038086, 162.180770874, 57.8296394348, 10.7349796295, 3.62828612328, 0.97196996212, 0.107531897724, 0.00339336972684, 0.000157626520377, 2.62403773377e-06, 1.12081455228e-09, 1.57200780171e-10],
        "max": [1.02804934978, 16.4388580322, 179.233261108, 78.7609481812, 61.7929458618, 70.5481872559, 123.735137939, 205.496414185, 235.786193848, 904.665405273, 1315.99414062, 3634.68481445, 1641.04443359, 1409.3494873, 3123.39575195, 1728.37573242, 2758.21948242, 3010.62255859, 2529.47949219, 2872.08691406, 2194.61743164, 1391.93371582, 2044.34020996, 2506.79833984, 1482.92370605, 768.461547852, 621.305541992, 509.816223145, 1277.34008789, 260.266387939, 132.986312866, 81.2855072021, 27.2615661621, 14.588095665, 5.5529756546, 1.15219342709, 0.290668696165, 0.0329303704202, 0.000763825955801, 0.0002444194688],
        "mean": [0.0295816492289, 0.989380419254, 5.75387144089, 2.73095679283, 3.49580097198, 3.67222309113, 2.97631049156, 2.60286307335, 3.97001385689, 6.83690023422, 8.41617774963, 19.2047080994, 12.8646173477, 15.4704113007, 26.8758678436, 21.8646602631, 22.4042282104, 34.8580207825, 34.5694503784, 32.968082428, 25.4700946808, 18.0485057831, 33.0942764282, 25.0748004913, 19.5557613373, 13.8235826492, 9.3392906189, 5.47383069992, 6.35847520828, 5.09042263031, 2.49124455452, 1.02186489105, 0.572700917721, 0.293376713991, 0.0906382799149, 0.0237328689545, 0.00605407077819, 0.000827940239105, 2.88266146526e-05, 2.27436394198e-05],
        "median": [0.00559541303664, 0.246421456337, 0.750477135181, 0.699650526047, 1.90122747421, 2.03578329086, 1.02520275116, 1.09999704361, 1.609593153, 1.20753610134, 1.30816507339, 1.68076682091, 1.37197709084, 1.92808580399, 1.89006996155, 1.85669088364, 2.46751642227, 2.2536175251, 4.11023902893, 3.35612773895, 3.3465616703, 3.30019426346, 4.87237453461, 3.36015844345, 3.88146424294, 1.9429475069, 0.965640306473, 0.535029292107, 0.530509114265, 0.561995327473, 0.303699910641, 0.126087114215, 0.0549776554108, 0.03609380126, 0.0096040405333, 0.00305000133812, 0.000734955247026, 8.94376862561e-05, 9.97100141831e-06, 1.34946276376e-05],
        "min": [1.58442611839e-22, 8.83460802053e-22, 8.97645657088e-22, 2.92978810354e-21, 1.28906235307e-20, 2.80757733792e-20, 2.03491891373e-20, 7.32062790798e-20, 7.81533942919e-20, 1.60062886498e-19, 2.39606538755e-19, 3.59996912498e-19, 3.57809097326e-19, 7.763508809e-19, 8.38552174627e-19, 7.71504998377e-19, 1.56357908346e-18, 1.77311913206e-18, 2.66781712134e-18, 2.54895685079e-18, 4.28754057189e-18, 4.89521557401e-18, 5.87262459351e-18, 5.07851838416e-18, 7.51400528686e-18, 8.49211823706e-18, 8.58812495485e-18, 8.19749552802e-18, 1.04974919007e-17, 1.06969383813e-17, 8.04782546799e-18, 1.06211413402e-17, 9.67052966387e-18, 7.61127593663e-18, 6.68511447839e-18, 4.28081063042e-18, 2.25277945579e-18, 9.03681997915e-19, 2.65043118073e-19, 2.56979053835e-20],
        "var": [0.00292648118921, 2.57343268394, 243.853546143, 47.4500198364, 22.2697944641, 23.1315670013, 34.4903755188, 31.6130561829, 71.4441604614, 1158.609375, 1372.86303711, 14831.8662109, 3434.13964844, 3780.03393555, 14400.9355469, 8747.38378906, 8278.76757812, 18669.4394531, 13258.6279297, 14703.2001953, 6090.53759766, 2785.13037109, 9988.19726562, 7328.04638672, 2677.60009766, 1501.40893555, 926.226257324, 308.080413818, 628.599121094, 163.872329712, 45.2640724182, 9.03092765808, 2.80475115776, 0.718989908695, 0.072279073298, 0.00362376193516, 0.000202042152523, 3.72575323127e-06, 2.31208652224e-09, 8.92149465415e-10]
    },
    "gfcc": {
        "mean": [-106.232475281, 96.7615966797, -117.722579956, 54.291217804, -45.3330192566, 10.2928915024, -33.9134597778, 3.54504323006, -26.4077720642, -5.14468050003, -14.6674156189, -7.3549079895, -12.8527593613],
        "cov": [[31924.625, -52.6790428162, -5386.58496094, -57.0777740479, -1611.25671387, 928.098937988, -700.499023438, 365.060852051, 162.574829102, -110.638175964, -528.703613281, 487.68359375, -512.034484863], [-52.6790428162, 1974.73876953, 528.695068359, -132.461395264, 328.240478516, -233.192687988, 126.264701843, -53.3837013245, 91.0843887329, -37.654586792, 141.108978271, -138.858062744, 89.1922149658], [-5386.58496094, 528.695068359, 2221.14355469, 534.25213623, 421.19152832, -112.388168335, 249.885452271, 4.62920236588, -25.7216796875, 43.9210205078, 137.553771973, -224.661071777, 191.881790161], [-57.0777740479, -132.461395264, 534.25213623, 669.410583496, 127.367027283, 18.2890071869, 2.97099328041, 7.13740873337, -36.1060218811, 19.8040447235, 9.05832290649, -90.0085296631, 65.0654907227], [-1611.25671387, 328.240478516, 421.19152832, 127.367027283, 451.379211426, -17.2015323639, 84.6783752441, -31.9912929535, 48.6304016113, 20.6878681183, 45.7497825623, -66.167427063, 68.0967712402], [928.098937988, -233.192687988, -112.388168335, 18.2890071869, -17.2015323639, 298.372161865, 81.5845565796, 17.4589576721, -0.13238735497, 15.5090475082, 11.6362991333, 21.4107055664, -27.7135620117], [-700.499023438, 126.264701843, 249.885452271, 2.97099328041, 84.6783752441, 81.5845565796, 314.018371582, 55.2239112854, -15.225859642, -28.7399425507, 51.970500946, -34.480632782, 13.4995555878], [365.060852051, -53.3837013245, 4.62920236588, 7.13740873337, -31.9912929535, 17.4589576721, 55.2239112854, 158.401611328, 53.2441749573, -1.1496745348, -6.38436079025, 3.3324034214, -3.63822555542], [162.574829102, 91.0843887329, -25.7216796875, -36.1060218811, 48.6304016113, -0.13238735497, -15.225859642, 53.2441749573, 196.805480957, 28.4958190918, 5.7198176384, 27.8688488007, -3.41903734207], [-110.638175964, -37.654586792, 43.9210205078, 19.8040447235, 20.6878681183, 15.5090475082, -28.7399425507, -1.1496745348, 28.4958190918, 105.411186218, 20.6980228424, -3.98754143715, 0.766563117504], [-528.703613281, 141.108978271, 137.553771973, 9.05832290649, 45.7497825623, 11.6362991333, 51.970500946, -6.38436079025, 5.7198176384, 20.6980228424, 126.732574463, 0.682589054108, 15.4234466553], [487.68359375, -138.858062744, -224.661071777, -90.0085296631, -66.167427063, 21.4107055664, -34.480632782, 3.3324034214, 27.8688488007, -3.98754143715, 0.682589054108, 153.497787476, -8.82135868073], [-512.034484863, 89.1922149658, 191.881790161, 65.0654907227, 68.0967712402, -27.7135620117, 13.4995555878, -3.63822555542, -3.41903734207, 0.766563117504, 15.4234466553, -8.82135868073, 117.002578735]],
        "icov": [[0.000140902033309, -0.000308980088448, 0.000355491123628, -0.000418044568505, 0.000359632220352, -0.000513542967383, 0.000156078196596, -0.000336923112627, 3.92720612581e-05, -8.84015171323e-05, 0.000416832539486, -0.000189968282939, 7.46641599108e-05], [-0.000308980088448, 0.0015071228845, -0.000820664747152, 0.0012478637509, -0.00111698661931, 0.00167720427271, -0.000516510277521, 0.00105897779576, -0.00058974896092, 0.000702597608324, -0.00169394479599, 0.00112976448145, -0.000422613113187], [0.000355491123628, -0.000820664747152, 0.00176306650974, -0.00154702307191, 0.000639383797534, -0.000907072797418, -0.000171167921508, -0.000822725647595, 0.000121247845527, -0.0005585514009, 0.000622032501269, 0.000114480521006, -0.000508740835357], [-0.000418044568505, 0.0012478637509, -0.00154702307191, 0.00345511431806, -0.00146580277942, 0.0011616795091, 0.000203880030313, 0.000623861327767, 0.000170759754837, 0.000454717403045, -0.00132819230203, 0.00140031869523, -0.000758228241466], [0.000359632220352, -0.00111698661931, 0.000639383797534, -0.00146580277942, 0.00433588912711, -0.00141529319808, -0.00038799358299, 0.000413319794461, -0.0011344300583, -0.000669909000862, 0.00115578633267, 3.17006924888e-05, -0.000787977187429], [-0.000513542967383, 0.00167720427271, -0.000907072797418, 0.0011616795091, -0.00141529319808, 0.00641204183921, -0.00235935486853, 0.00161462591495, -0.000456582289189, -0.000524002185557, -0.0020684406627, 0.000527666066773, 0.00028307136381], [0.000156078196596, -0.000516510277521, -0.000171167921508, 0.000203880030313, -0.00038799358299, -0.00235935486853, 0.00545117352158, -0.00265082460828, 0.00110215798486, 0.00179791008122, -0.0010043384973, 0.000222092305194, 0.000369277811842], [-0.000336923112627, 0.00105897779576, -0.000822725647595, 0.000623861327767, 0.000413319794461, 0.00161462591495, -0.00265082460828, 0.00930430740118, -0.00319591863081, 0.000275008176686, -0.000319359765854, 0.000904103508219, -0.000527286669239], [3.92720612581e-05, -0.00058974896092, 0.000121247845527, 0.000170759754837, -0.0011344300583, -0.000456582289189, 0.00110215798486, -0.00319591863081, 0.00710839685053, -0.00177133479156, 0.000410055101383, -0.0017881882377, 0.000683645019308], [-8.84015171323e-05, 0.000702597608324, -0.0005585514009, 0.000454717403045, -0.000669909000862, -0.000524002185557, 0.00179791008122, 0.000275008176686, -0.00177133479156, 0.0115754827857, -0.00284545007162, 0.00119108974468, 0.000144859004649], [0.000416832539486, -0.00169394479599, 0.000622032501269, -0.00132819230203, 0.00115578633267, -0.0020684406627, -0.0010043384973, -0.000319359765854, 0.000410055101383, -0.00284545007162, 0.0115496283397, -0.00235058343969, 0.000108219217509], [-0.000189968282939, 0.00112976448145, 0.000114480521006, 0.00140031869523, 3.17006924888e-05, 0.000527666066773, 0.000222092305194, 0.000904103508219, -0.0017881882377, 0.00119108974468, -0.00235058343969, 0.00937380362302, -0.00159349339083], [7.46641599108e-05, -0.000422613113187, -0.000508740835357, -0.000758228241466, -0.000787977187429, 0.00028307136381, 0.000369277811842, -0.000527286669239, 0.000683645019308, 0.000144859004649, 0.000108219217509, -0.00159349339083, 0.0108029898256]]
    },
    "melbands": {
        "dmean": [0.00027520392905, 0.00120193697512, 0.000280150503386, 0.000221980953938, 5.24618917552e-05, 2.82147866528e-05, 3.35138938681e-05, 3.86774663639e-05, 3.67074862879e-05, 6.27315312158e-05, 3.5679237044e-05, 3.59931000276e-05, 4.17864102928e-05, 4.06543331337e-05, 2.32058955589e-05, 2.67747218459e-05, 3.82310099667e-05, 3.10858413286e-05, 2.83682438749e-05, 2.08257715713e-05, 1.7233311155e-05, 8.15870316728e-06, 1.4672915313e-05, 1.85303342732e-05, 9.16377848625e-06, 8.37379684526e-06, 6.27970257483e-06, 4.98129020343e-06, 3.59304794983e-06, 2.60875594904e-06, 1.87823468423e-06, 2.15654767999e-06, 2.44292459683e-06, 1.52294398958e-06, 1.04607113371e-06, 5.93027493778e-07, 3.66848439626e-07, 2.973814901e-07, 2.35571562257e-07, 1.57991934202e-07],
        "dmean2": [0.00038415484596, 0.00137008877937, 0.000352157687303, 0.000388156535337, 8.20175409899e-05, 4.17530900449e-05, 5.19878158229e-05, 5.31103905814e-05, 5.37057312613e-05, 9.1376612545e-05, 5.3111660236e-05, 5.56406994292e-05, 5.90903655393e-05, 5.92623764533e-05, 3.32584531861e-05, 4.13833804487e-05, 5.83913461014e-05, 4.68225043733e-05, 4.20200885856e-05, 3.17301492032e-05, 2.69137108262e-05, 1.22448191178e-05, 2.22683338507e-05, 2.78825391433e-05, 1.39431658681e-05, 1.28449628392e-05, 9.70239307208e-06, 7.76971410232e-06, 5.43924579688e-06, 4.059420462e-06, 2.84415932583e-06, 3.23578683492e-06, 3.69244366993e-06, 2.22616381507e-06, 1.55613179231e-06, 8.61104354044e-07, 5.37077482932e-07, 4.31816260971e-07, 3.40498331752e-07, 2.31806978945e-07],
        "dvar": [3.06492950131e-07, 7.9974597611e-06, 3.43421874049e-07, 1.18731890097e-07, 1.27931780725e-08, 3.72777408941e-09, 8.36443625474e-09, 3.41353540989e-08, 3.52372673262e-08, 1.36637382298e-07, 2.63918025212e-08, 2.46372859891e-08, 3.05718081961e-08, 3.41069927856e-08, 1.36135529516e-08, 1.39464191307e-08, 3.08314795916e-08, 1.40630200818e-08, 1.85672259789e-08, 5.81492942686e-09, 3.16084247665e-09, 8.74012140439e-10, 1.8748720354e-09, 6.36497077267e-09, 1.55200841068e-09, 1.17441500969e-09, 3.09576919655e-10, 2.82493833881e-10, 1.63936489384e-10, 1.23104720862e-10, 5.13348530351e-11, 1.6339204989e-10, 4.60425447768e-11, 2.38848454903e-11, 1.14076239774e-11, 4.46666315046e-12, 1.66583370362e-12, 1.00621572706e-12, 6.19107304485e-13, 3.16457932992e-13],
        "dvar2": [6.24559959306e-07, 7.94081552158e-06, 3.37832545938e-07, 3.35374181759e-07, 3.01681879478e-08, 7.62773932905e-09, 1.85104251926e-08, 4.82977462468e-08, 7.19947550465e-08, 2.36968503486e-07, 5.66129862989e-08, 5.08716837544e-08, 5.45490301818e-08, 6.19933757662e-08, 2.38504416217e-08, 2.94007271862e-08, 6.81132874547e-08, 2.82981851285e-08, 3.294309181e-08, 1.46719925098e-08, 7.49124140498e-09, 1.71428637952e-09, 4.20795354117e-09, 1.46878393892e-08, 3.55154572418e-09, 2.74711253745e-09, 7.43039130224e-10, 6.87225443219e-10, 3.48786999282e-10, 3.01366126498e-10, 1.25506952053e-10, 4.24156348933e-10, 1.02751224196e-10, 4.93785741462e-11, 2.60344384939e-11, 8.98408864664e-12, 3.56874252372e-12, 2.10438892874e-12, 1.273744131e-12, 6.56893159659e-13],
        "max": [0.0139811336994, 0.0654915347695, 0.0134997842833, 0.00467189215124, 0.00370479794219, 0.0039812233299, 0.00378627888858, 0.0100149586797, 0.0119823869318, 0.02264543809, 0.00796605460346, 0.0056701367721, 0.0088080521673, 0.0106890304014, 0.0100127868354, 0.00403559906408, 0.0053424211219, 0.00503068137914, 0.00786443054676, 0.00292217475362, 0.00239943340421, 0.0020284417551, 0.00130693404935, 0.00298259756528, 0.00202633417211, 0.00172091438435, 0.000533899641596, 0.00045906737796, 0.000366337626474, 0.00042059327825, 0.00031062454218, 0.000976290903054, 0.000146026985021, 0.000161577438121, 8.35479295347e-05, 5.81058666285e-05, 4.06379658671e-05, 2.0247149223e-05, 1.99921978492e-05, 1.30726284624e-05],
        "mean": [0.00056559877703, 0.00244125141762, 0.000537372834515, 0.000294371886412, 0.000107505678898, 5.78565886826e-05, 6.27691551927e-05, 8.02169452072e-05, 6.44960309728e-05, 0.000127481238451, 6.33392628515e-05, 6.16296383669e-05, 8.27748808661e-05, 8.31626894069e-05, 4.7242781875e-05, 4.96164757351e-05, 6.49971989333e-05, 5.41236913705e-05, 5.01617250848e-05, 3.45752305293e-05, 2.98665036098e-05, 1.49007355503e-05, 2.54229544225e-05, 3.61570564564e-05, 1.80667393579e-05, 1.57757276611e-05, 1.17618283184e-05, 8.46980310598e-06, 6.1292726059e-06, 3.89274009649e-06, 2.9511224966e-06, 3.39693383467e-06, 4.03815420214e-06, 2.34712683778e-06, 1.60002025495e-06, 8.59393310293e-07, 5.11229757194e-07, 4.0607838514e-07, 3.32327829256e-07, 2.1948721951e-07],
        "median": [0.000127509090817, 0.000426877086284, 0.000174720349605, 0.000167562218849, 4.40200528828e-05, 2.45793034992e-05, 2.36102514464e-05, 1.16792652989e-05, 1.04891578303e-05, 8.60207364894e-06, 5.6716794461e-06, 6.70667077429e-06, 4.95814219903e-06, 5.00692021888e-06, 4.12584267906e-06, 4.48656692242e-06, 2.97657470583e-06, 5.65954269405e-06, 4.30371346738e-06, 3.22273626807e-06, 3.36907669407e-06, 2.06814956982e-06, 3.56515988642e-06, 3.09119923259e-06, 2.10453936234e-06, 2.51927099271e-06, 2.18321656575e-06, 7.92907371761e-07, 5.206227911e-07, 4.51204869023e-07, 2.19489422193e-07, 2.41877813778e-07, 3.43231590705e-07, 2.51450046562e-07, 1.60192826115e-07, 1.11187972607e-07, 4.80069957121e-08, 2.68523017155e-08, 4.2116070631e-08, 2.26340404197e-08],
        "min": [1.36110169055e-24, 1.64745484649e-24, 7.86740200589e-25, 1.30490688815e-24, 8.94714304396e-25, 1.35697013017e-24, 6.90941178778e-25, 1.64960843676e-24, 1.30380780769e-24, 1.91382073228e-24, 1.86312991101e-24, 2.88983829562e-24, 2.66279347747e-24, 1.98400213714e-24, 2.63918129286e-24, 2.7617284679e-24, 2.74395109297e-24, 2.73154822739e-24, 3.0346638887e-24, 3.48980349885e-24, 4.69411957753e-24, 3.34264228585e-24, 4.74613391018e-24, 3.88511234808e-24, 3.13964056758e-24, 4.6636269481e-24, 4.37925048038e-24, 5.04277322067e-24, 4.60485799395e-24, 4.53407429379e-24, 3.75382222763e-24, 4.3385949559e-24, 5.1294035587e-24, 5.23157327327e-24, 3.73534316092e-24, 6.58329629513e-24, 5.83878791101e-24, 5.32949733845e-24, 6.35400716771e-24, 5.45402928753e-24],
        "var": [8.95206767382e-07, 3.32590279868e-05, 1.41670466292e-06, 1.48980490167e-07, 3.61419694173e-08, 1.38594025145e-08, 2.04162784456e-08, 1.41236242257e-07, 8.0491147969e-08, 6.62406478114e-07, 8.64692708546e-08, 6.70518858215e-08, 1.46299939274e-07, 1.80910873837e-07, 8.5672986927e-08, 3.42799673092e-08, 7.14612440333e-08, 4.02367028585e-08, 5.36756914471e-08, 1.60609996414e-08, 9.46909484156e-09, 3.41058670195e-09, 4.54455273413e-09, 1.83037176527e-08, 4.26328883307e-09, 2.57537613457e-09, 1.00571606598e-09, 6.56855847492e-10, 4.34296792973e-10, 1.95718913298e-10, 1.06507781761e-10, 3.06699554642e-10, 1.05498144942e-10, 4.47080358845e-11, 1.85482029041e-11, 7.13152150181e-12, 2.5251775497e-12, 1.55437370874e-12, 9.54677201008e-13, 4.37624871237e-13]
    },
    "mfcc": {
        "mean": [-735.513122559, 115.624107361, -2.54694271088, 41.9869155884, 11.5348854065, 11.0488958359, 5.66021299362, 5.98225545883, -4.28389835358, 3.15451741219, -2.46692252159, -5.37564373016, 0.822117984295],
        "cov": [[18693.3925781, -932.104492188, -3172.32397461, -1274.55932617, -930.915344238, 4.13814973831, -832.184448242, 716.804748535, -115.585243225, -155.123321533, 650.949157715, -347.013458252, -201.616928101], [-932.104492188, 2311.92651367, 283.32925415, 275.854675293, 200.422958374, -48.1717643738, 126.209487915, -28.9519538879, 28.0704250336, 82.0039215088, 2.94574666023, 59.7751502991, 30.4007873535], [-3172.32397461, 283.32925415, 1397.51416016, 522.323303223, 281.866363525, 116.432662964, 283.530792236, -66.0752716064, 129.60206604, 119.398727417, -164.200408936, 116.78427887, 98.9440155029], [-1274.55932617, 275.854675293, 522.323303223, 621.723693848, 278.35244751, 61.2326164246, 114.393058777, -51.3352928162, 81.0099182129, 68.0221176147, -126.833007812, 69.8858337402, 54.049079895], [-930.915344238, 200.422958374, 281.866363525, 278.35244751, 387.504943848, 93.1034469604, 31.6766757965, -66.2524642944, 53.5795288086, 65.7864379883, -43.3648338318, 25.414516449, 50.263004303], [4.13814973831, -48.1717643738, 116.432662964, 61.2326164246, 93.1034469604, 247.89125061, 113.698287964, 5.87728738785, 19.4642429352, 21.9988574982, 10.6339559555, -0.847379088402, 14.7494077682], [-832.184448242, 126.209487915, 283.530792236, 114.393058777, 31.6766757965, 113.698287964, 338.6300354, 15.8261575699, 40.750087738, 39.7183494568, -39.9801826477, 47.8685684204, 3.7698533535], [716.804748535, -28.9519538879, -66.0752716064, -51.3352928162, -66.2524642944, 5.87728738785, 15.8261575699, 196.028076172, 31.6046066284, -12.2070913315, 58.5187797546, -8.32406425476, 16.0630569458], [-115.585243225, 28.0704250336, 129.60206604, 81.0099182129, 53.5795288086, 19.4642429352, 40.750087738, 31.6046066284, 153.15586853, 56.6643028259, -24.7333068848, 11.1301107407, 16.2545928955], [-155.123321533, 82.0039215088, 119.398727417, 68.0221176147, 65.7864379883, 21.9988574982, 39.7183494568, -12.2070913315, 56.6643028259, 141.965423584, 5.93924188614, 9.80359840393, 9.00893688202], [650.949157715, 2.94574666023, -164.200408936, -126.833007812, -43.3648338318, 10.6339559555, -39.9801826477, 58.5187797546, -24.7333068848, 5.93924188614, 175.637496948, 0.186117619276, -6.77054786682], [-347.013458252, 59.7751502991, 116.78427887, 69.8858337402, 25.414516449, -0.847379088402, 47.8685684204, -8.32406425476, 11.1301107407, 9.80359840393, 0.186117619276, 127.740890503, 23.2849769592], [-201.616928101, 30.4007873535, 98.9440155029, 54.049079895, 50.263004303, 14.7494077682, 3.7698533535, 16.0630569458, 16.2545928955, 9.00893688202, -6.77054786682, 23.2849769592, 111.825523376]],
