{
"lowlevel": {
    "average_loudness": 0.969304084778,
    "barkbands_crest": {
        "dmean": 2.4141728878,
        "dmean2": 4.02700567245,
        "dvar": 4.63017129898,
        "dvar2": 12.2444925308,
        "max": 22.8869552612,
        "mean": 7.26109695435,
        "median": 6.64166069031,
        "min": 2.51081418991,
        "var": 7.80731582642
    },
    "barkbands_flatness_db": {
        "dmean": 0.0157361384481,
        "dmean2": 0.0251700133085,
        "dvar": 0.000197672605282,
        "dvar2": 0.000503109709825,
        "max": 0.33180475235,
        "mean": 0.0978429168463,
        "median": 0.0955943912268,
        "min": 0.0241399891675,
        "var": 0.000623429892585
    },
    "barkbands_kurtosis": {
        "dmean": 0.92578536272,
        "dmean2": 1.53364384174,
        "dvar": 1.63548731804,
        "dvar2": 4.25991678238,
        "max": 51.9530220032,
        "mean": 0.265499353409,
        "median": -0.105245351791,
        "min": -1.84729957581,
        "var": 2.44102621078
    },
    "barkbands_skewness": {
        "dmean": 0.419286668301,
        "dmean2": 0.657327711582,
        "dvar": 0.162182331085,
        "dvar2": 0.396005302668,
        "max": 6.58723449707,
        "mean": 0.367753267288,
        "median": 0.298630237579,
        "min": -2.12788033485,
        "var": 0.381758183241
    },
    "barkbands_spread": {
        "dmean": 4.84887504578,
        "dmean2": 7.61720514297,
        "dvar": 23.0583248138,
        "dvar2": 54.9376411438,
        "max": 124.326957703,
        "mean": 23.0030593872,
        "median": 22.6803741455,
        "min": 2.04633927345,
        "var": 57.5824661255
    },
    "dissonance": {
        "dmean": 0.0151467490941,
        "dmean2": 0.0258837547153,
        "dvar": 0.000208892510273,
        "dvar2": 0.000577116908971,
        "max": 0.500000119209,
        "mean": 0.47455984354,
        "median": 0.479504644871,
        "min": 0.269790261984,
        "var": 0.000439586670836
    },
    "dynamic_complexity": 1.44611930847,
    "erbbands_crest": {
        "dmean": 2.9506342411,
        "dmean2": 4.85249662399,
        "dvar": 6.85010147095,
        "dvar2": 17.5691585541,
        "max": 29.4915561676,
        "mean": 9.5403175354,
        "median": 8.76315975189,
        "min": 2.43875908852,
        "var": 14.1422243118
    },
    "erbbands_flatness_db": {
        "dmean": 0.0173401962966,
        "dmean2": 0.0259609483182,
        "dvar": 0.000225929412409,
        "dvar2": 0.000487058394356,
        "max": 0.343822896481,
        "mean": 0.164804130793,
        "median": 0.16493935883,
        "min": 0.0292451418936,
        "var": 0.00092157535255
    },
    "erbbands_kurtosis": {
        "dmean": 1.01568460464,
        "dmean2": 1.617436409,
        "dvar": 1.03769171238,
        "dvar2": 2.64816617966,
        "max": 17.3024425507,
        "mean": 1.63936305046,
        "median": 1.29527425766,
        "min": -1.61494910717,
        "var": 2.88574314117
    },
    "erbbands_skewness": {
        "dmean": 0.334534108639,
        "dmean2": 0.52743947506,
        "dvar": 0.0856750011444,
        "dvar2": 0.219574570656,
        "max": 2.83841300011,
        "mean": 0.2269423455,
        "median": 0.165165781975,
        "min": -2.42347884178,
        "var": 0.289343863726
    },
    "erbbands_spread": {
        "dmean": 5.14853954315,
        "dmean2": 8.10586261749,
        "dvar": 29.9588851929,
        "dvar2": 70.2287902832,
        "max": 117.360626221,
        "mean": 21.7270832062,
        "median": 19.9112644196,
        "min": 2.95753407478,
        "var": 88.4859848022
    },
    "hfc": {
        "dmean": 8.47099590302,
        "dmean2": 13.4628505707,
        "dvar": 71.3800888062,
        "dvar2": 169.623718262,
        "max": 132.358398438,
        "mean": 35.52784729,
        "median": 35.0099029541,
        "min": 1.10394664283e-16,
        "var": 215.583145142
    },
    "melbands_crest": {
        "dmean": 3.11214900017,
        "dmean2": 5.18977403641,
        "dvar": 7.58343029022,
        "dvar2": 19.8152580261,
        "max": 37.4296531677,
        "mean": 10.2250490189,
        "median": 9.55330467224,
        "min": 1.56519210339,
        "var": 13.5976800919
    },
    "melbands_flatness_db": {
        "dmean": 0.0214495826513,
        "dmean2": 0.0339249596,
        "dvar": 0.000408137886552,
        "dvar2": 0.00101561425254,
        "max": 0.384700298309,
        "mean": 0.146186307073,
        "median": 0.141831919551,
        "min": 0.00297123729251,
        "var": 0.00105317612179
    },
    "melbands_kurtosis": {
        "dmean": 1.99243736267,
        "dmean2": 3.33209085464,
        "dvar": 65.3391952515,
        "dvar2": 187.266571045,
        "max": 559.408813477,
        "mean": 1.59667229652,
        "median": 0.510730981827,
        "min": -1.5990395546,
        "var": 43.9681472778
    },
    "melbands_skewness": {
        "dmean": 0.546726882458,
        "dmean2": 0.859649658203,
        "dvar": 0.364416539669,
        "dvar2": 0.893100619316,
        "max": 22.2699794769,
        "mean": 0.955291152,
        "median": 0.81538271904,
        "min": -1.21417295933,
        "var": 0.742881298065
    },
    "melbands_spread": {
        "dmean": 7.63303565979,
        "dmean2": 12.0643672943,
        "dvar": 55.7243003845,
        "dvar2": 137.256134033,
        "max": 171.922821045,
        "mean": 34.5536766052,
        "median": 34.1619186401,
        "min": 1.46290969849,
        "var": 139.196044922
    },
    "pitch_salience": {
        "dmean": 0.0673266202211,
        "dmean2": 0.11124303937,
        "dvar": 0.0032201372087,
        "dvar2": 0.00841525103897,
        "max": 0.866746246815,
        "mean": 0.613634049892,
        "median": 0.618420124054,
        "min": 0.122943341732,
        "var": 0.00633692927659
    },
    "silence_rate_20dB": {
        "dmean": 0,
        "dmean2": 0,
        "dvar": 0,
        "dvar2": 0,
        "max": 1,
        "mean": 1,
        "median": 1,
        "min": 1,
        "var": 0
    },
    "silence_rate_30dB": {
        "dmean": 0,
        "dmean2": 0,
        "dvar": 0,
        "dvar2": 0,
        "max": 1,
        "mean": 1,
        "median": 1,
        "min": 1,
        "var": 0
    },
    "silence_rate_60dB": {
        "dmean": 0.000185925440746,
        "dmean2": 0.000371885456843,
        "dvar": 0.0001858908945,
        "dvar2": 0.000371728616301,
        "max": 1,
        "mean": 0.00529838260263,
        "median": 0,
        "min": 0,
        "var": 0.00526989158243
    },
    "spectral_centroid": {
        "dmean": 214.309768677,
        "dmean2": 338.249969482,
        "dvar": 55348.0351562,
        "dvar2": 130971.398438,
        "max": 11571.6708984,
        "mean": 1525.4074707,
        "median": 1500.71411133,
        "min": 279.686004639,
        "var": 305488.0625
    },
    "spectral_complexity": {
        "dmean": 3.58854699135,
        "dmean2": 5.84938621521,
        "dvar": 8.4901599884,
        "dvar2": 21.5272369385,
        "max": 52,
        "mean": 31.0799407959,
        "median": 32,
        "min": 0,
        "var": 45.5972862244
    },
    "spectral_decrease": {
        "dmean": 2.80178724665e-09,
        "dmean2": 4.45450476505e-09,
        "dvar": 9.60857631753e-18,
        "dvar2": 2.38362218198e-17,
        "max": 2.11294905683e-28,
        "mean": -8.58481907784e-09,
        "median": -8.01545319007e-09,
        "min": -2.81663403712e-08,
        "var": 1.466643173e-17
    },
    "spectral_energy": {
        "dmean": 0.0111148990691,
        "dmean2": 0.0176633838564,
        "dvar": 0.000147814469528,
        "dvar2": 0.000365403946489,
        "max": 0.113440170884,
        "mean": 0.0356235839427,
        "median": 0.0336195901036,
        "min": 1.02000029075e-20,
        "var": 0.000237673521042
    },
    "spectral_energyband_high": {
        "dmean": 0.000256374391029,
        "dmean2": 0.000402652483899,
        "dvar": 2.95712851539e-07,
        "dvar2": 7.13300153166e-07,
        "max": 0.0177059136331,
        "mean": 0.000820954737719,
        "median": 0.00072580750566,
        "min": 7.26478319999e-21,
        "var": 4.3185349341e-07
    },
    "spectral_energyband_low": {
        "dmean": 0.00458711432293,
        "dmean2": 0.00744599336758,
        "dvar": 3.8840862544e-05,
        "dvar2": 9.70786859398e-05,
        "max": 0.050662510097,
        "mean": 0.00687951035798,
        "median": 0.00497539807111,
        "min": 2.44263805771e-23,
        "var": 3.85193234251e-05
    },
    "spectral_energyband_middle_high": {
        "dmean": 0.0045797303319,
        "dmean2": 0.00724516622722,
        "dvar": 2.22189228225e-05,
        "dvar2": 5.3156982176e-05,
        "max": 0.0936879590154,
        "mean": 0.0164612270892,
        "median": 0.0150840356946,
        "min": 1.2857854173e-21,
        "var": 8.00842972239e-05
    },
    "spectral_energyband_middle_low": {
        "dmean": 0.00733605958521,
        "dmean2": 0.012169345282,
        "dvar": 0.000109543703729,
        "dvar2": 0.000283756118733,
        "max": 0.0958738699555,
        "mean": 0.0126287313178,
        "median": 0.00874303653836,
        "min": 1.90964835229e-22,
        "var": 0.000121526391013
    },
    "spectral_entropy": {
        "dmean": 0.0999432355165,
        "dmean2": 0.158325001597,
        "dvar": 0.00990846566856,
        "dvar2": 0.023149151355,
        "max": 9.81536960602,
        "mean": 7.77908086777,
        "median": 7.79117584229,
        "min": 6.1331152916,
        "var": 0.0476370602846
    },
    "spectral_flux": {
        "dmean": 0.0285232234746,
        "dmean2": 0.0420194156468,
        "dvar": 0.000700481876265,
        "dvar2": 0.00132042774931,
        "max": 0.292264401913,
        "mean": 0.114864110947,
        "median": 0.1090721488,
        "min": 6.36306979329e-11,
        "var": 0.0016838402953
    },
    "spectral_kurtosis": {
        "dmean": 1.13175630569,
        "dmean2": 1.91205358505,
        "dvar": 1.32263243198,
        "dvar2": 3.83203196526,
        "max": 31.3596496582,
        "mean": 4.99116659164,
        "median": 4.87516927719,
        "min": -1.26079392433,
        "var": 2.88390445709
    },
    "spectral_rms": {
        "dmean": 0.000885256566107,
        "dmean2": 0.00137616449501,
        "dvar": 7.8849620877e-07,
        "dvar2": 1.8883872599e-06,
        "max": 0.0105201397091,
        "mean": 0.0057506589219,
        "median": 0.00572709366679,
        "min": 3.15455582663e-12,
        "var": 1.68448843851e-06
    },
    "spectral_rolloff": {
        "dmean": 290.635192871,
        "dmean2": 473.834289551,
        "dvar": 269334.40625,
        "dvar2": 613365.75,
        "max": 19444.4824219,
        "mean": 1705.06335449,
        "median": 1593.45703125,
        "min": 43.06640625,
        "var": 991326.3125
    },
    "spectral_skewness": {
        "dmean": 0.158330783248,
        "dmean2": 0.260524153709,
        "dvar": 0.0223209578544,
        "dvar2": 0.0568700283766,
        "max": 4.04930734634,
        "mean": 1.70076334476,
        "median": 1.70365226269,
        "min": -0.0558268018067,
        "var": 0.0843706727028
    },
    "spectral_spread": {
        "dmean": 370508.125,
        "dmean2": 555920.875,
        "dvar": 311598317568,
        "dvar2": 593007935488,
        "max": 42392252,
        "mean": 4149262.5,
        "median": 3966525.5,
        "min": 1655013,
        "var": 3.60923240858e+12
    },
    "spectral_strongpeak": {
        "dmean": 1.22639620304,
        "dmean2": 2.07895565033,
        "dvar": 1.90601122379,
        "dvar2": 4.57887649536,
        "max": 12.7577419281,
        "mean": 1.85417211056,
        "median": 1.0889878273,
        "min": 0,
        "var": 3.41028547287
    },
    "zerocrossingrate": {
        "dmean": 0.00755816884339,
        "dmean2": 0.00969921052456,
        "dvar": 7.62541021686e-05,
        "dvar2": 0.00011310663831,
        "max": 0.52734375,
        "mean": 0.0673787295818,
        "median": 0.06494140625,
        "min": 0.0126953125,
        "var": 0.000692277215421
    },
    "barkbands": {
        "dmean": [2.81274551526e-05, 0.00262979324907, 0.00211005588062, 0.00158652930986, 0.00261675100774, 0.000883598986547, 0.00103954831138, 0.00115518120583, 0.00260782940313, 0.00159503158648, 0.000971767643932, 0.00126506085508, 0.00193637644406, 0.00162576499861, 0.000746676174458, 0.000471425271826, 0.000396280316636, 0.000170931452885, 0.000151036612806, 0.000112336761958, 9.75904185907e-05, 6.86423300067e-05, 3.86543651985e-05, 4.29914180131e-05, 2.89816234726e-05, 1.55453344632e-05, 1.66810514202e-06],
        "dmean2": [4.39168798039e-05, 0.00423313723877, 0.0036819439847, 0.00273369927891, 0.00466798199341, 0.00147433415987, 0.00171427696478, 0.00193283020053, 0.00418273406103, 0.00249267974868, 0.00152848835569, 0.00203882507049, 0.00311369379051, 0.00262437341735, 0.0012052351376, 0.00077285018051, 0.000658860313706, 0.000284716748865, 0.000254370621406, 0.000186112389201, 0.000163065458764, 0.000111754110549, 6.21979997959e-05, 6.77687712596e-05, 4.43422104581e-05, 2.30032783293e-05, 2.70355485554e-06],
        "dvar": [1.64367375266e-09, 1.50731675603e-05, 9.03550517251e-06, 5.87630984228e-06, 2.89121126116e-05, 2.07132939067e-06, 4.31720718552e-06, 7.6276692198e-06, 2.95111203741e-05, 7.10856511432e-06, 2.71037129096e-06, 3.30071316057e-06, 6.00256453254e-06, 4.51892765341e-06, 1.58297461894e-06, 5.41767747109e-07, 3.09715431968e-07, 5.47242713367e-08, 2.49112019901e-08, 2.11613997436e-08, 2.35607497956e-08, 4.15170973156e-08, 8.77937456067e-09, 1.02549968517e-08, 6.8294991884e-09, 8.55958304236e-10, 1.31372525705e-11],
        "dvar2": [3.81910147951e-09, 3.45694679709e-05, 2.51098590525e-05, 1.58111179189e-05, 8.10599594843e-05, 5.33498996447e-06, 1.03882857729e-05, 1.88545491255e-05, 7.16977883712e-05, 1.67076577782e-05, 6.07152787779e-06, 8.13096266938e-06, 1.47968421516e-05, 1.10506853161e-05, 3.77323772227e-06, 1.34436686494e-06, 8.10681569874e-07, 1.39641088026e-07, 6.84488838942e-08, 5.5363869933e-08, 6.15384507796e-08, 1.02660358436e-07, 2.18693401166e-08, 2.4413587596e-08, 1.50246908248e-08, 1.89771287573e-09, 3.42454467561e-11],
        "max": [0.000520292553119, 0.0269522704184, 0.028550542891, 0.0267562679946, 0.0521461106837, 0.0369364097714, 0.0401268787682, 0.0471601299942, 0.0880530625582, 0.0488167256117, 0.0352007821202, 0.0286147724837, 0.0416797436774, 0.0369196757674, 0.0329443104565, 0.0195381361991, 0.0216854922473, 0.00781437195837, 0.00197302713059, 0.00569308036938, 0.00410542497411, 0.00689583364874, 0.00364607130177, 0.00294807855971, 0.00420301314443, 0.000787963508628, 7.96025415184e-05],
        "mean": [3.03503111354e-05, 0.00282818521373, 0.00308864680119, 0.00187572452705, 0.00278507662006, 0.00112122297287, 0.00131880526897, 0.00139512983151, 0.00361615791917, 0.00274565326981, 0.00166055199225, 0.00235975440592, 0.00336484215222, 0.0028619391378, 0.0012593602296, 0.00088033429347, 0.00080846430501, 0.000341289356584, 0.000348181813024, 0.000279037252767, 0.000234632316278, 0.000130190004711, 9.0477107733e-05, 9.7118638223e-05, 6.5510161221e-05, 3.45830594597e-05, 2.33170226238e-06],
        "median": [1.06662901089e-05, 0.00123151799198, 0.00241208798252, 0.00117370730732, 0.00153683475219, 0.000651160720736, 0.000620510953013, 0.000563931302167, 0.00135887658689, 0.00125098938588, 0.000884739507455, 0.00148382480256, 0.00225625187159, 0.00195728801191, 0.000827936572023, 0.000625657383353, 0.000628241105005, 0.000271912256721, 0.000302309228573, 0.000236856372794, 0.000200562149985, 8.97280770005e-05, 6.71134039294e-05, 7.15813221177e-05, 4.43135068053e-05, 2.0669951482e-05, 7.67910592003e-07],
        "min": [2.85169346889e-25, 6.48384381195e-24, 1.99964288231e-24, 1.8716963488e-24, 2.12467757244e-23, 9.90297799547e-24, 1.32684274334e-23, 2.02231466584e-23, 1.86487380637e-23, 1.25692284586e-23, 2.76624615597e-23, 2.92864200856e-23, 4.95905606708e-23, 4.39980417238e-23, 4.87878126582e-23, 6.45594550938e-23, 8.04991154358e-23, 1.34757107336e-22, 1.64701383774e-22, 1.61248722608e-22, 2.82280584205e-22, 2.90460453325e-22, 5.19523092468e-22, 6.5073522298e-22, 9.60702224872e-22, 1.3500040971e-21, 2.08478191035e-21],
        "var": [1.99037186732e-09, 1.56838814291e-05, 8.0278441601e-06, 5.37414643986e-06, 2.00096746994e-05, 2.28913768296e-06, 5.58684087082e-06, 9.15015698411e-06, 4.1070899897e-05, 1.62708529388e-05, 5.88919783695e-06, 7.30654346626e-06, 1.20912081911e-05, 8.68350161909e-06, 2.42079840973e-06, 9.92993250293e-07, 5.81943538691e-07, 8.80658816982e-08, 5.28200096994e-08, 4.4619003603e-08, 3.31909788542e-08, 4.65711273989e-08, 1.2454943743e-08, 1.42373162149e-08, 1.14089422354e-08, 1.66002023239e-09, 1.56056799427e-11]
    },
    "erbbands": {
        "dmean": [0.059050116688, 0.685984909534, 2.21380019188, 3.63472795486, 9.64202594757, 6.98547744751, 7.35647201538, 6.41553258896, 12.6082191467, 16.587310791, 32.9020500183, 64.2968063354, 35.8240280151, 55.3552856445, 36.3904533386, 49.8354377747, 84.2297668457, 82.7473220825, 48.0281333923, 31.4795913696, 22.9632129669, 18.3855056763, 10.5952510834, 5.95533466339, 8.29607868195, 5.85074138641, 4.70989465714, 3.37151312828, 2.60427594185, 1.74151194096, 0.976108014584, 0.977659642696, 0.674931168556, 0.411022603512, 0.169770240784, 0.0726088508964, 0.0285883489996, 0.00625672889873, 0.000136199829285, 1.4275950889e-05],
        "dmean2": [0.0965372771025, 1.11377906799, 3.88824772835, 6.20347070694, 17.3215579987, 12.2474012375, 12.6338291168, 10.5792207718, 20.6174526215, 27.4399051666, 54.2127342224, 102.297103882, 56.0948905945, 86.5683135986, 57.4388198853, 79.7578353882, 135.284790039, 133.691009521, 76.9638061523, 51.0502815247, 37.5869369507, 30.5206680298, 17.5214672089, 10.0675582886, 13.9674863815, 9.69504165649, 7.90476989746, 5.61506891251, 4.27112770081, 2.80276536942, 1.56596958637, 1.55722200871, 1.06145477295, 0.643173158169, 0.258605331182, 0.110028252006, 0.0423784293234, 0.00945613253862, 0.000206269571208, 2.21098580369e-05],
        "dvar": [0.0075301527977, 1.05568623543, 11.5842790604, 21.5975723267, 423.093811035, 180.42199707, 155.255599976, 135.88470459, 579.009216309, 1529.83496094, 5820.19238281, 20665.671875, 5241.74072266, 9617.02441406, 2776.43261719, 5051.27490234, 12135.9394531, 11088.2177734, 5978.92919922, 3257.37670898, 1038.58068848, 739.92376709, 189.601165771, 49.8449363708, 81.562713623, 54.7091140747, 39.6017875671, 59.5232620239, 62.4985084534, 19.8815116882, 6.09466123581, 6.90196990967, 2.00189948082, 1.51604604721, 0.172544777393, 0.0196003299206, 0.00332247535698, 0.000167080186657, 7.96891370669e-08, 2.37617592269e-10],
        "dvar2": [0.0172206219286, 2.54214406013, 32.1789855957, 58.0272407532, 1192.1361084, 499.562347412, 419.530212402, 338.51651001, 1328.93859863, 3739.14477539, 14707.0419922, 50125.421875, 12118.0664062, 23441.4902344, 6586.61230469, 12560.1025391, 30642.7792969, 27888.0664062, 13867.3408203, 8078.27246094, 2640.94482422, 1965.90197754, 474.939300537, 134.919830322, 222.451980591, 142.262588501, 105.414527893, 154.87071228, 156.02734375, 49.0394020081, 15.5314865112, 16.6314754486, 4.75969362259, 3.44287776947, 0.38364341855, 0.043801240623, 0.00756240170449, 0.000398517149733, 1.92566218971e-07, 5.62588364783e-10],
        "max": [0.735818505287, 7.32095336914, 31.3524799347, 54.3433761597, 207.119094849, 130.815200806, 143.498260498, 435.296203613, 544.147155762, 777.752441406, 1354.34008789, 2602.05712891, 1484.48217773, 2853.8371582, 1244.35131836, 1462.91955566, 2010.46154785, 1860.18444824, 2540.64331055, 1308.86901855, 883.132568359, 1266.74206543, 402.935943604, 170.554626465, 121.301719666, 213.076858521, 245.791549683, 211.53302002, 306.283630371, 194.944442749, 100.206382751, 79.225944519, 32.1479072571, 58.6193847656, 18.9061412811, 5.97029829025, 1.40577030182, 0.245909437537, 0.00583671918139, 0.000200444308575],
        "mean": [0.0638880208135, 0.73713439703, 3.06627202034, 5.39419794083, 9.43657588959, 7.86721801758, 8.53576087952, 8.69180011749, 17.0382270813, 20.7880783081, 42.8342704773, 91.0612487793, 59.0738792419, 101.430526733, 75.3297576904, 102.541519165, 156.083938599, 156.472473145, 92.4862442017, 58.0795555115, 48.7085609436, 41.0334472656, 23.0101127625, 14.1545391083, 18.4238758087, 14.7083463669, 11.9089603424, 7.29943609238, 4.86277961731, 3.5969877243, 2.33132076263, 2.1298866272, 1.48439598083, 0.869364500046, 0.388451188803, 0.170079618692, 0.0571312792599, 0.0111760850996, 0.000260442116996, 5.11838625243e-05],
        "median": [0.0271436087787, 0.345980972052, 2.2161257267, 3.97717809677, 4.60785245895, 4.44863510132, 4.81055879593, 5.17118692398, 8.57527637482, 10.0109081268, 18.6059932709, 34.9179153442, 30.8709049225, 49.5906448364, 51.5712242126, 71.5020446777, 107.880355835, 114.253005981, 65.2906494141, 38.6847038269, 36.7576751709, 33.0279541016, 18.743976593, 12.3150367737, 15.5205440521, 12.4063510895, 10.3964195251, 5.65511035919, 3.31197118759, 2.48175907135, 1.78704583645, 1.55543231964, 1.08255243301, 0.574574708939, 0.263462364674, 0.111674614251, 0.0300957001746, 0.00483055599034, 0.000126846731291, 4.87638972118e-05],
        "min": [1.87162033416e-22, 1.28201504082e-21, 3.58569103441e-21, 5.51821960936e-21, 1.66605678349e-20, 4.6936948605e-20, 5.2180966727e-20, 1.07853785937e-19, 1.73835172279e-19, 3.30936920205e-19, 5.49724692961e-19, 3.61923700488e-19, 6.22309791712e-19, 6.51888581345e-19, 1.09869572099e-18, 1.29506777802e-18, 2.31052141883e-18, 2.20232536753e-18, 3.1430818073e-18, 2.63992872699e-18, 4.4093081755e-18, 6.02259202498e-18, 7.99228608012e-18, 7.91957773145e-18, 6.99740287017e-18, 7.36945712917e-18, 8.71045669564e-18, 1.25472065812e-17, 1.04681509772e-17, 1.15907020701e-17, 1.34363719729e-17, 1.29065247403e-17, 9.40906200814e-18, 9.41406148777e-18, 6.85539250261e-18, 4.86305272384e-18, 2.5163425668e-18, 1.01903760761e-18, 2.57520918529e-19, 2.62507253734e-20],
        "var": [0.00802937429398, 1.02451229095, 9.50405406952, 22.5935230255, 287.361328125, 134.439468384, 136.15222168, 162.956130981, 840.733337402, 1699.05651855, 6724.95458984, 29467.6308594, 8738.7890625, 21716.8320312, 6356.296875, 11048.2080078, 24675.2832031, 21951.8007812, 10149.3574219, 4849.10742188, 2030.53857422, 1439.35705566, 358.201416016, 91.3321762085, 164.449630737, 121.613380432, 68.4548416138, 67.4557876587, 67.7677688599, 25.432050705, 8.15972805023, 9.03445911407, 2.95454025269, 2.35926246643, 0.290880709887, 0.0377388186753, 0.00557188410312, 0.000255706021562, 1.18671799498e-07, 4.62012789137e-10]
    },
    "gfcc": {
        "mean": [51.1586608887, 86.3409881592, -138.36567688, 19.1431465149, -49.4843254089, 28.4348678589, -34.9461288452, 7.77934169769, -29.8757648468, 4.92368650436, -20.8131256104, -5.59398508072, -15.2604093552],
        "cov": [[4896.66357422, 133.584457397, -439.91104126, -25.4302139282, -164.454467773, 88.6551513672, -124.157653809, 53.0983123779, -108.876693726, 36.7561531067, -102.009223938, -4.99912643433, -74.7513427734], [133.584457397, 392.798400879, -94.6468429565, 46.9450340271, 0.557397961617, -46.8779067993, 27.546787262, -39.4931602478, 36.019947052, -36.6338920593, 48.1884346008, -39.3948135376, 31.1686973572], [-439.91104126, -94.6468429565, 392.298492432, -28.4805297852, 24.3435649872, -12.443148613, -15.8591966629, 41.9150123596, 15.9616107941, 39.3327865601, -24.2029666901, 59.4791374207, -27.2816429138], [-25.4302139282, 46.9450340271, -28.4805297852, 198.661087036, 37.647403717, 12.2646722794, -26.8380813599, -28.1007518768, 6.15486860275, -7.68767213821, 32.9510040283, -18.6040878296, 26.5912055969], [-164.454467773, 0.557397961617, 24.3435649872, 37.647403717, 151.618835449, 17.3406486511, 14.187620163, 18.6833839417, -2.77058291435, 20.4649372101, 12.1981830597, 0.842384636402, 7.30127763748], [88.6551513672, -46.8779067993, -12.443148613, 12.2646722794, 17.3406486511, 107.4323349, 55.5981216431, 15.0446119308, -7.23662519455, 2.17411923409, 3.76307988167, 6.65454101562, 1.51466953754], [-124.157653809, 27.546787262, -15.8591966629, -26.8380813599, 14.187620163, 55.5981216431, 121.817481995, 17.9369907379, 3.10992693901, -3.1576924324, 9.87110900879, 7.8602180481, 3.61428141594], [53.0983123779, -39.4931602478, 41.9150123596, -28.1007518768, 18.6833839417, 15.0446119308, 17.9369907379, 93.7460708618, 35.6706771851, 22.84283638, -9.31649780273, 3.32975721359, -3.57582521439], [-108.876693726, 36.019947052, 15.9616107941, 6.15486860275, -2.77058291435, -7.23662519455, 3.10992693901, 35.6706771851, 79.6898422241, 19.304813385, 4.06471729279, -9.04856967926, 2.89569544792], [36.7561531067, -36.6338920593, 39.3327865601, -7.68767213821, 20.4649372101, 2.17411923409, -3.1576924324, 22.84283638, 19.304813385, 59.6953315735, 13.6424627304, 12.0991916656, -8.82795619965], [-102.009223938, 48.1884346008, -24.2029666901, 32.9510040283, 12.1981830597, 3.76307988167, 9.87110900879, -9.31649780273, 4.06471729279, 13.6424627304, 58.3053359985, 7.3914399147, 10.6362409592], [-4.99912643433, -39.3948135376, 59.4791374207, -18.6040878296, 0.842384636402, 6.65454101562, 7.8602180481, 3.32975721359, -9.04856967926, 12.0991916656, 7.3914399147, 57.9482650757, 6.94382858276], [-74.7513427734, 31.1686973572, -27.2816429138, 26.5912055969, 7.30127763748, 1.51466953754, 3.61428141594, -3.57582521439, 2.89569544792, -8.82795619965, 10.6362409592, 6.94382858276, 47.2210998535]],
        "icov": [[0.000562019529752, -0.00122879329138, 0.00109006243292, -0.000505830626935, 0.00080836302368, -0.00127742963377, 0.00136739725713, -0.00150923198089, 0.00177251594141, -0.0020024930127, 0.00247448845766, -0.00183749035932, 0.00154219637625], [-0.00122879329138, 0.00726770237088, -0.00237683625892, 0.00123034277931, -0.00224319007248, 0.00542129157111, -0.00506418431178, 0.00509786698967, -0.0066601652652, 0.00749057298526, -0.00927655491978, 0.0066447481513, -0.00494058709592], [0.00109006243292, -0.00237683625892, 0.00595790939406, -0.00164415023755, 0.000956252333708, -0.00170841126237, 0.0029026104603, -0.00386670441367, 0.00266513857059, -0.00486233690754, 0.0070544462651, -0.00829519983381, 0.00561278872192], [-0.000505830626935, 0.00123034277931, -0.00164415023755, 0.00831628963351, -0.00262235268019, -0.00154578394722, 0.00181969220284, 0.00380354537629, -0.00335664278828, 0.00366839254275, -0.00669239740819, 0.00506171025336, -0.00498727615923], [0.00080836302368, -0.00224319007248, 0.000956252333708, -0.00262235268019, 0.00930355861783, -0.0021534813568, 0.000882953463588, -0.0043145227246, 0.00531688472256, -0.00638086115941, 0.00364280003123, -0.00144835037645, 0.000899243459571], [-0.00127742963377, 0.00542129157111, -0.00170841126237, -0.00154578394722, -0.0021534813568, 0.0181187521666, -0.0108735421672, 0.00200904114172, -0.00297039933503, 0.00486763147637, -0.00595443602651, 0.00379418185912, -0.00310551095754], [0.00136739725713, -0.00506418431178, 0.0029026104603, 0.00181969220284, 0.000882953463588, -0.0108735421672, 0.0169535651803, -0.00531087443233, 0.00384711450897, -0.00293348636478, 0.00405258219689, -0.0062487819232, 0.00389372278005], [-0.00150923198089, 0.00509786698967, -0.00386670441367, 0.00380354537629, -0.0043145227246, 0.00200904114172, -0.00531087443233, 0.021158978343, -0.0126592181623, 0.00318173505366, -0.00516723282635, 0.00659338897094, -0.00595296546817], [0.00177251594141, -0.0066601652652, 0.00266513857059, -0.00335664278828, 0.00531688472256, -0.00297039933503, 0.00384711450897, -0.0126592181623, 0.0255564320832, -0.0134812071919, 0.00917360838503, -0.00242546224035, 0.00285496772267], [-0.0020024930127, 0.00749057298526, -0.00486233690754, 0.00366839254275, -0.00638086115941, 0.00486763147637, -0.00293348636478, 0.00318173505366, -0.0134812071919, 0.0347780548036, -0.019357746467, 0.00401076581329, -0.00059431878617], [0.00247448845766, -0.00927655491978, 0.0070544462651, -0.00669239740819, 0.00364280003123, -0.00595443602651, 0.00405258219689, -0.00516723282635, 0.00917360838503, -0.019357746467, 0.0386726595461, -0.0153020843863, 0.00616870168597], [-0.00183749035932, 0.0066447481513, -0.00829519983381, 0.00506171025336, -0.00144835037645, 0.00379418185912, -0.0062487819232, 0.00659338897094, -0.00242546224035, 0.00401076581329, -0.0153020843863, 0.0342887192965, -0.0145546207204], [0.00154219637625, -0.00494058709592, 0.00561278872192, -0.00498727615923, 0.000899243459571, -0.00310551095754, 0.00389372278005, -0.00595296546817, 0.00285496772267, -0.00059431878617, 0.00616870168597, -0.0145546207204, 0.0326069146395]]
    },
    "melbands": {
        "dmean": [0.000640328857116, 0.001043339842, 0.000795725092757, 0.000653936644085, 0.000240727036726, 0.000150392632349, 0.000197962930542, 0.000187973273569, 0.000316468271194, 0.000390309753129, 0.000181222960236, 0.000236351144849, 0.000129685897264, 0.000136740782182, 0.00018037429254, 0.000170343235368, 0.000171749314177, 9.04854823602e-05, 5.08493685629e-05, 3.93218724639e-05, 2.97846363537e-05, 2.2613821784e-05, 1.54609315359e-05, 7.97054872237e-06, 5.08308767166e-06, 7.45576699046e-06, 4.15210024585e-06, 4.40924395662e-06, 3.61421894013e-06, 2.31850162891e-06, 2.09112545235e-06, 1.71637532276e-06, 1.18228240353e-06, 1.00058593944e-06, 6.12917119724e-07, 5.91091293245e-07, 6.61515684897e-07, 5.34324385626e-07, 4.454271334e-07, 3.4420216366e-07],
        "dmean2": [0.00103536632378, 0.00178678007796, 0.00137598346919, 0.00116484530736, 0.000413822039263, 0.000247237359872, 0.000323245767504, 0.000311487121508, 0.000520488305483, 0.00062052445719, 0.000283031433355, 0.00037056999281, 0.000203018760658, 0.000219728390221, 0.000289431511192, 0.00027534289984, 0.000277054292383, 0.000145705605973, 8.22377332952e-05, 6.4755040512e-05, 4.93308725709e-05, 3.77432043024e-05, 2.57772444456e-05, 1.33627563628e-05, 8.62737124407e-06, 1.25968090288e-05, 6.97274026606e-06, 7.34403920433e-06, 6.10681536273e-06, 3.89473552787e-06, 3.49627816831e-06, 2.8329889119e-06, 1.92770153262e-06, 1.63744084603e-06, 1.00238173673e-06, 9.51814001837e-07, 1.06383902221e-06, 8.52319374189e-07, 7.1238360988e-07, 5.4555908946e-07],
        "dvar": [8.89532543624e-07, 2.5021363399e-06, 1.41999953485e-06, 1.86833335647e-06, 1.61963527034e-07, 6.55010126138e-08, 1.42442985407e-07, 1.87837926546e-07, 5.14517125794e-07, 7.59505098813e-07, 1.33816428161e-07, 1.75687915771e-07, 4.32504521086e-08, 3.94902990308e-08, 6.27139939979e-08, 4.95657310751e-08, 4.92496603499e-08, 2.34060628657e-08, 9.68792335243e-09, 4.89443374718e-09, 1.80117742943e-09, 1.2632236368e-09, 4.8082238191e-10, 1.35481542651e-10, 3.61174735952e-11, 6.46810174865e-11, 2.38827933124e-11, 3.28439497821e-11, 2.4876345775e-11, 1.32198306121e-11, 2.75750481477e-11, 2.60980455996e-11, 1.16598432298e-11, 5.41745554666e-12, 1.92963657206e-12, 2.6257882587e-12, 2.87517774346e-12, 1.20197872922e-12, 1.21259480321e-12, 1.08507397945e-12],
        "dvar2": [1.98165207621e-06, 6.70488589094e-06, 3.85436078432e-06, 5.23072367287e-06, 4.39959563892e-07, 1.61781670727e-07, 3.28524521365e-07, 4.5423465167e-07, 1.30152761812e-06, 1.84011071269e-06, 3.06492751179e-07, 4.27888863896e-07, 9.96459874614e-08, 9.56550820774e-08, 1.5719216151e-07, 1.22724529206e-07, 1.22933116131e-07, 5.44286749005e-08, 2.38944117825e-08, 1.21798784392e-08, 4.64272620349e-09, 3.41888894972e-09, 1.20804399817e-09, 3.4915167979e-10, 9.92129989275e-11, 1.77051234784e-10, 6.37287098093e-11, 8.55154558277e-11, 6.74921507571e-11, 3.46413592256e-11, 7.25453794259e-11, 6.55219697943e-11, 2.96849662906e-11, 1.34613379471e-11, 5.03623705239e-12, 6.57754233024e-12, 6.93369623869e-12, 2.90755657398e-12, 2.92530886667e-12, 2.39908982437e-12],
        "max": [0.00736845564097, 0.0135257979855, 0.0108934305608, 0.0132476445287, 0.00410423055291, 0.00873069558293, 0.00872431602329, 0.00928509421647, 0.0121221709996, 0.0159055348486, 0.00722955400124, 0.011704579927, 0.00488849543035, 0.00366802373901, 0.00432267645374, 0.00459533603862, 0.00390908494592, 0.00502367177978, 0.00267736450769, 0.00196199119091, 0.0010490528075, 0.00170116801746, 0.000991554465145, 0.000448947248515, 0.000141963188071, 0.000107832209324, 0.000127712613903, 0.00018971505051, 0.000228880206123, 0.000141339769471, 0.000154542372911, 0.000186215518625, 0.000128519604914, 9.89127220237e-05, 5.1462357078e-05, 5.58899191674e-05, 5.30479337613e-05, 2.56754283328e-05, 3.75594863726e-05, 5.5075630371e-05],
        "mean": [0.000697207404301, 0.00141214614268, 0.00106906867586, 0.000677604461089, 0.0002917839156, 0.000200341528398, 0.000265347276581, 0.000235216197325, 0.000415188522311, 0.000544339651242, 0.000283386383671, 0.000420085765654, 0.000245014351094, 0.000257084146142, 0.00033057591645, 0.000301798572764, 0.000300720945233, 0.000158641851158, 8.43355883262e-05, 6.80734301568e-05, 5.67504212086e-05, 4.58487666037e-05, 2.92454697046e-05, 1.50438609126e-05, 1.02542644527e-05, 1.51854992509e-05, 9.4377410278e-06, 9.90624539554e-06, 8.14491158962e-06, 5.17672378919e-06, 3.89316073779e-06, 2.91336891678e-06, 2.11316682908e-06, 1.96878499992e-06, 1.33329115215e-06, 1.25025883335e-06, 1.31347803745e-06, 1.08926747089e-06, 8.7789430836e-07, 6.79679203586e-07],
        "median": [0.000291368749458, 0.000998463947326, 0.000757289933972, 0.000365125772078, 0.000173337291926, 0.000118847121485, 0.000130647153128, 0.000111563727842, 0.000172419386217, 0.000198862660909, 0.00013478937035, 0.000191852057469, 0.000149524421431, 0.000163943434018, 0.000213039573282, 0.000207793200389, 0.000209932317375, 0.000101294514025, 5.45321890968e-05, 4.48791615781e-05, 4.15136964875e-05, 3.59189034498e-05, 2.25773983402e-05, 1.17793533718e-05, 8.60584987095e-06, 1.26461309264e-05, 7.53467884351e-06, 8.14837039798e-06, 6.9106099545e-06, 4.33969944424e-06, 2.72805527857e-06, 1.93473465515e-06, 1.38703489938e-06, 1.33095988986e-06, 1.01677574094e-06, 9.24811729419e-07, 9.2884016567e-07, 7.7473202964e-07, 5.93497475165e-07, 4.36195762177e-07],
        "min": [1.59900369994e-24, 2.50201139764e-24, 1.11247383526e-24, 4.72174864188e-24, 2.97590302038e-24, 2.63786626173e-24, 2.89637538872e-24, 3.70615096869e-24, 4.15300872263e-24, 2.47375085014e-24, 2.32283209543e-24, 2.24481335747e-24, 3.81010784764e-24, 2.86125845667e-24, 4.60114245909e-24, 4.76343007995e-24, 3.87211310366e-24, 4.88403389616e-24, 3.26937387104e-24, 3.66818427662e-24, 4.52994894568e-24, 5.7742815715e-24, 5.40956987577e-24, 6.40920021537e-24, 5.53525395621e-24, 5.37259083755e-24, 3.75535182892e-24, 4.63087186559e-24, 5.09146211017e-24, 6.16512389028e-24, 6.09550849312e-24, 4.62009918107e-24, 5.88078371016e-24, 5.92841434276e-24, 7.92711966388e-24, 5.05412966226e-24, 6.81225488983e-24, 5.41602039139e-24, 6.55868501818e-24, 7.25141138918e-24],
        "var": [9.56218968895e-07, 2.10547818824e-06, 1.19630146855e-06, 1.28938188482e-06, 1.40676675642e-07, 8.05195767839e-08, 2.07601118518e-07, 2.17163687921e-07, 5.90060551531e-07, 1.06819368284e-06, 2.27310877676e-07, 4.02181541403e-07, 9.72691651668e-08, 9.19061946547e-08, 1.3426416956e-07, 9.98121478801e-08, 9.36585706768e-08, 3.86650675921e-08, 1.25981980403e-08, 7.97740451475e-09, 3.10682235494e-09, 2.04830796768e-09, 8.09686317993e-10, 2.03170189006e-10, 5.91705573427e-11, 1.2023129714e-10, 5.72089493833e-11, 6.23949433787e-11, 3.75931195895e-11, 1.76915999212e-11, 2.95283346385e-11, 2.79495177002e-11, 1.25525926459e-11, 7.27515443721e-12, 2.49238889076e-12, 3.35366695352e-12, 3.67060852199e-12, 1.67410464831e-12, 1.74300862372e-12, 1.72179122088e-12]
    },
    "mfcc": {
        "mean": [-584.239196777, 119.883514404, -23.8657169342, 2.49191212654, 4.50482273102, 13.8427476883, 8.41035938263, 1.00301778316, 1.660333395, 3.79815483093, -1.80507135391, 2.56775283813, -5.32468938828],
        "cov": [[2002.05297852, 102.046920776, -150.176025391, -39.6347885132, -28.5832538605, 17.5837955475, 5.36746358871, -5.66396427155, -5.43872594833, 18.241891861, -2.52567410469, -17.9039497375, -27.3810138702], [102.046920776, 345.343383789, -19.9385757446, 17.8289279938, -18.4294128418, -19.1309509277, -1.47202718258, 2.31665897369, 2.1733777523, 4.14897871017, 7.1961107254, 12.3694000244, 2.43168568611], [-150.176025391, -19.9385757446, 266.287963867, 5.28473377228, 5.55348587036, -13.9572734833, -37.0398483276, 9.90842628479, 7.07525920868, -18.8304290771, 27.6509571075, -7.58015871048, 5.54076910019], [-39.6347885132, 17.8289279938, 5.28473377228, 141.036376953, 65.252204895, 9.87713718414, -8.27256202698, -21.9946098328, -16.0850524902, 3.56737613678, -13.6744070053, 5.04182863235, 8.15424156189], [-28.5832538605, -18.4294128418, 5.55348587036, 65.252204895, 139.777999878, -2.49673843384, -3.15860962868, -19.4329395294, 3.58475232124, 21.4839344025, -5.03692722321, 5.68793201447, 2.23367142677], [17.5837955475, -19.1309509277, -13.9572734833, 9.87713718414, -2.49673843384, 98.4138793945, 43.8214492798, 15.4959106445, -9.76042079926, -4.63791513443, -1.77528440952, -3.72689032555, 1.11721360683], [5.36746358871, -1.47202718258, -37.0398483276, -8.27256202698, -3.15860962868, 43.8214492798, 104.008552551, 28.7001247406, 1.77773916721, 2.52484345436, -5.44616603851, 9.96995067596, 3.61984992027], [-5.66396427155, 2.31665897369, 9.90842628479, -21.9946098328, -19.4329395294, 15.4959106445, 28.7001247406, 67.5485916138, 25.198928833, 5.57883834839, 8.11040210724, -0.275147914886, 0.25014090538], [-5.43872594833, 2.1733777523, 7.07525920868, -16.0850524902, 3.58475232124, -9.76042079926, 1.77773916721, 25.198928833, 68.1463775635, 26.2520866394, 10.7710819244, 2.10508155823, 1.37084293365], [18.241891861, 4.14897871017, -18.8304290771, 3.56737613678, 21.4839344025, -4.63791513443, 2.52484345436, 5.57883834839, 26.2520866394, 64.1240539551, 19.7950668335, 7.07664060593, -2.19158363342], [-2.52567410469, 7.1961107254, 27.6509571075, -13.6744070053, -5.03692722321, -1.77528440952, -5.44616603851, 8.11040210724, 10.7710819244, 19.7950668335, 60.5055007935, 15.217206955, 0.912552595139], [-17.9039497375, 12.3694000244, -7.58015871048, 5.04182863235, 5.68793201447, -3.72689032555, 9.96995067596, -0.275147914886, 2.10508155823, 7.07664060593, 15.217206955, 58.3210220337, 21.0750751495], [-27.3810138702, 2.43168568611, 5.54076910019, 8.15424156189, 2.23367142677, 1.11721360683, 3.61984992027, 0.25014090538, 1.37084293365, -2.19158363342, 0.912552595139, 21.0750751495, 47.4401855469]],
