{
"lowlevel": {
    "average_loudness": 0.626774668694,
    "barkbands_crest": {
        "dmean": 2.12714791298,
        "dmean2": 3.44867277145,
        "dvar": 5.83848619461,
        "dvar2": 15.3657798767,
        "max": 25.2045974731,
        "mean": 10.0140123367,
        "median": 9.03426074982,
        "min": 2.39109897614,
        "var": 17.9053382874
    },
    "barkbands_flatness_db": {
        "dmean": 0.0221389941871,
        "dmean2": 0.0314908362925,
        "dvar": 0.000518400338478,
        "dvar2": 0.0010995126795,
        "max": 0.516026318073,
        "mean": 0.14946885407,
        "median": 0.143261775374,
        "min": 0.0210989303887,
        "var": 0.00308182486333
    },
    "barkbands_kurtosis": {
        "dmean": 2.23779535294,
        "dmean2": 3.52324342728,
        "dvar": 20.5985584259,
        "dvar2": 51.7005767822,
        "max": 117.122406006,
        "mean": 3.02110958099,
        "median": 0.436021327972,
        "min": -1.9274148941,
        "var": 51.4467544556
    },
    "barkbands_skewness": {
        "dmean": 0.510781764984,
        "dmean2": 0.763194322586,
        "dvar": 0.368357300758,
        "dvar2": 0.843317270279,
        "max": 9.79465007782,
        "mean": 1.21708524227,
        "median": 0.986366033554,
        "min": -2.21367812157,
        "var": 1.78602981567
    },
    "barkbands_spread": {
        "dmean": 5.12279891968,
        "dmean2": 7.81217241287,
        "dvar": 50.1946220398,
        "dvar2": 111.337921143,
        "max": 134.641418457,
        "mean": 22.776227951,
        "median": 20.9255752563,
        "min": 0.356915831566,
        "var": 167.016815186
    },
    "dissonance": {
        "dmean": 0.0183437429368,
        "dmean2": 0.0307865738869,
        "dvar": 0.000373176357243,
        "dvar2": 0.0010086898692,
        "max": 0.499999970198,
        "mean": 0.460101246834,
        "median": 0.467516362667,
        "min": 0.230584591627,
        "var": 0.000885469722562
    },
    "dynamic_complexity": 4.50102233887,
    "erbbands_crest": {
        "dmean": 2.63557505608,
        "dmean2": 4.11705303192,
        "dvar": 6.76724290848,
        "dvar2": 15.855919838,
        "max": 33.2690467834,
        "mean": 10.0971593857,
        "median": 8.97711277008,
        "min": 2.43614625931,
        "var": 22.4308052063
    },
    "erbbands_flatness_db": {
        "dmean": 0.0217742938548,
        "dmean2": 0.0285958684981,
        "dvar": 0.000518689048477,
        "dvar2": 0.000894345284905,
        "max": 0.361146569252,
        "mean": 0.177129939198,
        "median": 0.177392944694,
        "min": 0.0436227954924,
        "var": 0.0027448835317
    },
    "erbbands_kurtosis": {
        "dmean": 0.924109637737,
        "dmean2": 1.41323292255,
        "dvar": 1.599411726,
        "dvar2": 3.6856315136,
        "max": 32.6496887207,
        "mean": 0.906597971916,
        "median": 0.273620843887,
        "min": -1.72112178802,
        "var": 4.75700759888
    },
    "erbbands_skewness": {
        "dmean": 0.350423634052,
        "dmean2": 0.52254742384,
        "dvar": 0.124754041433,
        "dvar2": 0.282691657543,
        "max": 4.38354349136,
        "mean": -0.261263430119,
        "median": -0.265785455704,
        "min": -5.3473815918,
        "var": 0.627774178982
    },
    "erbbands_spread": {
        "dmean": 7.16108369827,
        "dmean2": 10.5804367065,
        "dvar": 83.8735961914,
        "dvar2": 178.675598145,
        "max": 149.308410645,
        "mean": 31.7941646576,
        "median": 28.0333595276,
        "min": 3.1460723877,
        "var": 326.105377197
    },
    "hfc": {
        "dmean": 5.39069461823,
        "dmean2": 7.83636188507,
        "dvar": 77.1694641113,
        "dvar2": 162.518081665,
        "max": 152.809066772,
        "mean": 18.543838501,
        "median": 14.2115859985,
        "min": 1.09398507215e-16,
        "var": 318.594055176
    },
    "melbands_crest": {
        "dmean": 2.6698846817,
        "dmean2": 4.27468156815,
        "dvar": 9.0867767334,
        "dvar2": 22.5304927826,
        "max": 38.0189056396,
        "mean": 14.3010196686,
        "median": 13.609951973,
        "min": 1.68081593513,
        "var": 29.1555290222
    },
    "melbands_flatness_db": {
        "dmean": 0.0249331537634,
        "dmean2": 0.0364096872509,
        "dvar": 0.000742666830774,
        "dvar2": 0.00163100962527,
        "max": 0.650612056255,
        "mean": 0.216295331717,
        "median": 0.208181679249,
        "min": 0.00406610686332,
        "var": 0.00502428691834
    },
    "melbands_kurtosis": {
        "dmean": 6.00575399399,
        "dmean2": 9.60133743286,
        "dvar": 192.003082275,
        "dvar2": 496.776733398,
        "max": 580.852600098,
        "mean": 11.0834283829,
        "median": 3.82672929764,
        "min": -1.84374988079,
        "var": 371.186126709
    },
    "melbands_skewness": {
        "dmean": 0.689420998096,
        "dmean2": 1.04198753834,
        "dvar": 0.824277877808,
        "dvar2": 1.93948745728,
        "max": 21.4038352966,
        "mean": 2.36330366135,
        "median": 1.94260239601,
        "min": -1.55636024475,
        "var": 3.47437334061
    },
    "melbands_spread": {
        "dmean": 6.87472391129,
        "dmean2": 10.5117578506,
        "dvar": 94.8686599731,
        "dvar2": 206.298171997,
        "max": 234.516906738,
        "mean": 26.8966026306,
        "median": 23.8972072601,
        "min": 0.355971455574,
        "var": 346.273345947
    },
    "pitch_salience": {
        "dmean": 0.0641023516655,
        "dmean2": 0.10376932472,
        "dvar": 0.00477031432092,
        "dvar2": 0.013102427125,
        "max": 0.852552771568,
        "mean": 0.49205288291,
        "median": 0.49746581912,
        "min": 0.0547756329179,
        "var": 0.0139842610806
    },
    "silence_rate_20dB": {
        "dmean": 0,
        "dmean2": 0,
        "dvar": 0,
        "dvar2": 0,
        "max": 1,
        "mean": 1,
        "median": 1,
        "min": 1,
        "var": 0
    },
    "silence_rate_30dB": {
        "dmean": 0.0273809526116,
        "dmean2": 0.0547651648521,
        "dvar": 0.0266370978206,
        "dvar2": 0.0699843764305,
        "max": 1,
        "mean": 0.981013059616,
        "median": 1,
        "min": 0,
        "var": 0.0186293963343
    },
    "silence_rate_60dB": {
        "dmean": 0.018690476194,
        "dmean2": 0.0373831763864,
        "dvar": 0.0183368287981,
        "dvar2": 0.0414674840868,
        "max": 1,
        "mean": 0.129397064447,
        "median": 0,
        "min": 0,
        "var": 0.112635292113
    },
    "spectral_centroid": {
        "dmean": 214.382507324,
        "dmean2": 322.442749023,
        "dvar": 74124.6171875,
        "dvar2": 158481.28125,
        "max": 11619.4814453,
        "mean": 1389.63671875,
        "median": 1345.07141113,
        "min": 109.028610229,
        "var": 427285.4375
    },
    "spectral_complexity": {
        "dmean": 2.90142846107,
        "dmean2": 4.35692596436,
        "dvar": 11.3708295822,
        "dvar2": 22.3055305481,
        "max": 54,
        "mean": 16.2311763763,
        "median": 16,
        "min": 0,
        "var": 86.5765304565
    },
    "spectral_decrease": {
        "dmean": 2.40666930829e-09,
        "dmean2": 3.88471255164e-09,
        "dvar": 3.70378126379e-17,
        "dvar2": 9.39791128261e-17,
        "max": 7.74593676378e-29,
        "mean": -5.97723648355e-09,
        "median": -4.54159509999e-09,
        "min": -7.77690658538e-08,
        "var": 4.56048130543e-17
    },
    "spectral_energy": {
        "dmean": 0.00945206265897,
        "dmean2": 0.0151776121929,
        "dvar": 0.000554059748538,
        "dvar2": 0.00139934092294,
        "max": 0.299351900816,
        "mean": 0.0242414381355,
        "median": 0.0187046304345,
        "min": 1.03557075409e-20,
        "var": 0.000710707972758
    },
    "spectral_energyband_high": {
        "dmean": 0.000257875130046,
        "dmean2": 0.000365452695405,
        "dvar": 3.45933187873e-07,
        "dvar2": 6.70873873787e-07,
        "max": 0.0145537555218,
        "mean": 0.000458010821603,
        "median": 0.000147903265315,
        "min": 7.37439351689e-21,
        "var": 8.56930739701e-07
    },
    "spectral_energyband_low": {
        "dmean": 0.00520830554888,
        "dmean2": 0.00875252299011,
        "dvar": 0.000236199615756,
        "dvar2": 0.000620926904958,
        "max": 0.25226354599,
        "mean": 0.0091656409204,
        "median": 0.00515983533114,
        "min": 2.42232646713e-23,
        "var": 0.000227309166803
    },
    "spectral_energyband_middle_high": {
        "dmean": 0.00176414067391,
        "dmean2": 0.00259880325757,
        "dvar": 7.15992473488e-06,
        "dvar2": 1.54327262862e-05,
        "max": 0.0580941662192,
        "mean": 0.00636617653072,
        "median": 0.00378141272813,
        "min": 1.26299231011e-21,
        "var": 4.80601629533e-05
    },
    "spectral_energyband_middle_low": {
        "dmean": 0.00529533671215,
        "dmean2": 0.00859376974404,
        "dvar": 0.000286274618702,
        "dvar2": 0.000745241937693,
        "max": 0.241924747825,
        "mean": 0.00990949571133,
        "median": 0.0060269725509,
        "min": 2.09592024768e-22,
        "var": 0.0002820144
    },
    "spectral_entropy": {
        "dmean": 0.194862157106,
        "dmean2": 0.259246200323,
        "dvar": 0.0447428636253,
        "dvar2": 0.0820365026593,
        "max": 9.81352710724,
        "mean": 7.30412578583,
        "median": 7.29983186722,
        "min": 4.87306690216,
        "var": 0.238571733236
    },
    "spectral_flux": {
        "dmean": 0.0262491386384,
        "dmean2": 0.0397104285657,
        "dvar": 0.0016955571482,
        "dvar2": 0.00352442683652,
        "max": 0.472836256027,
        "mean": 0.0684579461813,
        "median": 0.0551298521459,
        "min": 6.39553618398e-11,
        "var": 0.0036714496091
    },
    "spectral_kurtosis": {
        "dmean": 2.54692602158,
        "dmean2": 4.23501062393,
        "dvar": 9.30577850342,
        "dvar2": 24.8223304749,
        "max": 72.5976409912,
        "mean": 6.79406070709,
        "median": 5.82839393616,
        "min": -1.28996753693,
        "var": 24.9755344391
    },
    "spectral_rms": {
        "dmean": 0.000727793609258,
        "dmean2": 0.00110830646008,
        "dvar": 1.84239354439e-06,
        "dvar2": 4.25580356023e-06,
        "max": 0.0170894879848,
        "mean": 0.00429577892646,
        "median": 0.00427181692794,
        "min": 3.17854206497e-12,
        "var": 5.19637023899e-06
    },
    "spectral_rolloff": {
        "dmean": 417.335113525,
        "dmean2": 699.117553711,
        "dvar": 858511.125,
        "dvar2": 1936683.5,
        "max": 19056.8847656,
        "mean": 1544.69226074,
        "median": 1464.2578125,
        "min": 21.533203125,
        "var": 2076648.875
    },
    "spectral_skewness": {
        "dmean": 0.281905680895,
        "dmean2": 0.452768296003,
        "dvar": 0.0793290287256,
        "dvar2": 0.194905042648,
        "max": 6.7836689949,
        "mean": 1.7584426403,
        "median": 1.70334804058,
        "min": -0.138491690159,
        "var": 0.324640572071
    },
    "spectral_spread": {
        "dmean": 699036.0625,
        "dmean2": 955836.5625,
        "dvar": 1.00920636211e+12,
        "dvar2": 1.98114449818e+12,
        "max": 47775716,
        "mean": 3961339.25,
        "median": 3330268.75,
        "min": 1038801.75,
        "var": 4.82189928038e+12
    },
    "spectral_strongpeak": {
        "dmean": 0.622628569603,
        "dmean2": 1.07074129581,
        "dvar": 1.57460474968,
        "dvar2": 3.75000929832,
        "max": 16.9017505646,
        "mean": 1.18491184711,
        "median": 0.480644881725,
        "min": 0,
        "var": 3.33797049522
    },
    "zerocrossingrate": {
        "dmean": 0.00942440982908,
        "dmean2": 0.0112155871466,
        "dvar": 0.000173712673131,
        "dvar2": 0.000215927066165,
        "max": 0.5107421875,
        "mean": 0.0577436685562,
        "median": 0.0537109375,
        "min": 0.00341796875,
        "var": 0.00133795442525
    },
    "barkbands": {
        "dmean": [6.31304865237e-05, 0.00312595162541, 0.0015091461828, 0.00273362500593, 0.00181990268175, 0.00078092579497, 0.000360961043043, 0.000293161108857, 0.000649915018585, 0.000282789813355, 0.000247349176789, 0.000318585749483, 0.00051211414393, 0.000592416501604, 0.000473612511996, 0.000404277088819, 0.000314903794788, 0.000173450025613, 0.000100901350379, 6.54476534692e-05, 5.12906444783e-05, 4.10572465626e-05, 4.12764347857e-05, 4.84910488012e-05, 5.17148837389e-05, 4.00188073399e-05, 2.47527736974e-06],
        "dmean2": [9.44266939769e-05, 0.00543274264783, 0.00249197683297, 0.0045729810372, 0.00313032884151, 0.00126377795823, 0.000579632935114, 0.00044760669698, 0.000958835938945, 0.000414325390011, 0.000373847899027, 0.000491916027386, 0.000781990529504, 0.000900972925592, 0.000708234263584, 0.000611573283095, 0.000483307812829, 0.000271166994935, 0.000155970075866, 0.00010099181236, 7.73520296207e-05, 6.0762213252e-05, 6.11167051829e-05, 7.15369315003e-05, 7.75789230829e-05, 6.10101196798e-05, 3.96681480197e-06],
        "dvar": [2.98395406162e-08, 0.000152125241584, 1.52763186634e-05, 0.000125973165268, 3.92239780922e-05, 3.52455185748e-06, 9.88507167676e-07, 7.72298790253e-07, 2.24014797823e-06, 6.49394905849e-07, 3.83258139891e-07, 8.45828196816e-07, 1.56507201154e-06, 1.80405470473e-06, 1.2163447991e-06, 8.75866817296e-07, 4.76344723666e-07, 1.54077511638e-07, 4.58519870961e-08, 1.53099382061e-08, 1.23242944738e-08, 1.44344189934e-08, 1.79614314533e-08, 3.63358232391e-08, 1.82110291291e-08, 1.08696447398e-08, 5.36290456488e-11],
        "dvar2": [6.72391351486e-08, 0.000413188303355, 4.01030520152e-05, 0.00033253536094, 0.00011068132153, 9.13610892894e-06, 2.44274133365e-06, 1.69807628936e-06, 4.92282924824e-06, 1.21740163195e-06, 8.09233654309e-07, 1.88788590094e-06, 3.38053678206e-06, 3.92043102693e-06, 2.56053158409e-06, 1.86647685041e-06, 1.08266453935e-06, 3.61986735697e-07, 1.04961742409e-07, 3.45391910628e-08, 2.62129340456e-08, 3.16499892961e-08, 3.87591185813e-08, 7.82430973345e-08, 3.92836447816e-08, 2.4232322815e-08, 1.30567084922e-10],
        "max": [0.00466793542728, 0.195990413427, 0.0808223411441, 0.151727750897, 0.106228023767, 0.0499134734273, 0.0420026667416, 0.0247816964984, 0.0278833806515, 0.030674347654, 0.0149438986555, 0.0399265140295, 0.0320416018367, 0.0297880843282, 0.0300147868693, 0.0378927737474, 0.027266100049, 0.0110395113006, 0.00669958814979, 0.00376165052876, 0.00458383606747, 0.0050633517094, 0.00456282030791, 0.00948760658503, 0.00304806488566, 0.00185115227941, 0.000144785706652],
        "mean": [8.63572349772e-05, 0.00454537151381, 0.0029616963584, 0.00335621344857, 0.00253258668818, 0.00135074323043, 0.000649575260468, 0.000523098569829, 0.0013045311207, 0.000553655729163, 0.000406747276429, 0.000580379972234, 0.00100196304265, 0.00106501486152, 0.000847450981382, 0.000740324554499, 0.000654470990412, 0.000338011566782, 0.000204825410037, 0.000137191513204, 9.65444705798e-05, 6.53996976325e-05, 5.99765699008e-05, 6.66043561068e-05, 6.60473015159e-05, 4.42729942733e-05, 2.37491008193e-06],
        "median": [2.10266771319e-05, 0.00194346404169, 0.00106968113687, 0.000850926153362, 0.000879074854311, 0.000462309079012, 0.00016848371888, 0.00010392448894, 0.000349354697391, 0.000140591408126, 9.64715145528e-05, 0.000161894698977, 0.000253973295912, 0.000259466876741, 0.000201774761081, 0.000186271601706, 0.000218537010369, 0.000128215629957, 8.36391191115e-05, 6.12828953308e-05, 4.37316775788e-05, 1.43342977026e-05, 9.70777637122e-06, 6.41331143925e-06, 5.02748753206e-06, 1.79261223821e-06, 7.11759611249e-08],
        "min": [1.74861590378e-24, 6.65664892083e-24, 3.28720508573e-24, 3.37700940561e-24, 1.06773932798e-23, 1.41546432406e-23, 1.21067193099e-23, 2.02393782604e-23, 4.13333263839e-23, 2.36890228227e-23, 3.35721940985e-23, 2.17537150971e-23, 3.75422849099e-23, 7.49980791102e-23, 4.02686292191e-23, 8.44133927604e-23, 1.12724285362e-22, 1.29167680724e-22, 1.55313623458e-22, 1.81145599551e-22, 3.23126211534e-22, 3.42052587615e-22, 5.07434310278e-22, 7.07756664051e-22, 9.19484659093e-22, 1.40023875954e-21, 1.95834121449e-21],
        "var": [4.90054397062e-08, 0.000117761861475, 2.43753565883e-05, 9.94885995169e-05, 3.32012677973e-05, 6.3081342887e-06, 3.2385803479e-06, 2.30890373132e-06, 7.18221963325e-06, 2.61482773567e-06, 9.77183162831e-07, 1.91292656382e-06, 5.21722358826e-06, 4.9965301514e-06, 3.26711983689e-06, 3.05680123347e-06, 1.87115188055e-06, 4.38642757672e-07, 1.26017283719e-07, 4.34307274588e-08, 2.88296888584e-08, 2.97081008682e-08, 3.4516308034e-08, 6.50889333542e-08, 3.39846799591e-08, 1.56884087943e-08, 5.7530390174e-11]
    },
    "erbbands": {
        "dmean": [0.0537414290011, 0.821947157383, 1.87842810154, 5.18388652802, 9.64198875427, 4.36089038849, 4.14463949203, 7.30435323715, 5.69775819778, 4.75155591965, 8.03693675995, 13.6656980515, 12.1868591309, 9.2141456604, 10.0280647278, 12.4371299744, 20.5109729767, 29.5315895081, 23.4921016693, 20.8707084656, 23.6009693146, 13.7372102737, 9.62071895599, 5.71353721619, 4.44505357742, 3.18140459061, 2.13063144684, 1.89291918278, 1.49066114426, 1.25736963749, 1.241538167, 1.0025459528, 0.825247645378, 0.533355355263, 0.414672642946, 0.169076994061, 0.0761279985309, 0.0139005975798, 0.00028891916736, 1.82771036634e-05],
        "dmean2": [0.0925866737962, 1.42907059193, 3.14465546608, 8.60378456116, 16.5310325623, 7.45559549332, 6.72346115112, 11.8319311142, 9.33638095856, 7.45501327515, 12.0264730453, 20.2523765564, 17.3157749176, 13.5672807693, 15.0675983429, 19.1131801605, 31.1627159119, 44.879940033, 35.2004356384, 31.0621986389, 35.8834266663, 21.1104373932, 14.8352537155, 8.83966064453, 6.84055900574, 4.9116396904, 3.28431558609, 2.81922531128, 2.19478726387, 1.85562670231, 1.84443998337, 1.49131143093, 1.23249483109, 0.796040296555, 0.635829567909, 0.255344063044, 0.117745190859, 0.0214742980897, 0.000445445970399, 2.79629839497e-05],
        "dvar": [0.0470314770937, 10.3121910095, 29.6117916107, 361.889923096, 1523.15515137, 159.582015991, 122.93107605, 312.9347229, 201.381332397, 223.714630127, 509.256713867, 1235.91271973, 944.420898438, 515.372619629, 534.768188477, 1659.52099609, 2525.91748047, 4464.89160156, 2791.18725586, 2560.84399414, 3060.07373047, 903.118591309, 427.84387207, 169.779953003, 93.2948684692, 37.1890068054, 19.7912120819, 21.9334640503, 18.3009262085, 13.6570739746, 18.4305343628, 14.484164238, 13.3038625717, 2.49028968811, 1.13455033302, 0.186275482178, 0.0424374602735, 0.00142867735121, 6.10981146565e-07, 1.90547777557e-09],
        "dvar2": [0.126913756132, 28.0489788055, 78.6942672729, 940.263061523, 4205.95410156, 436.16696167, 320.971679688, 793.80267334, 511.587463379, 528.717468262, 1085.33813477, 2626.75512695, 1872.8762207, 1048.04333496, 1181.9855957, 3679.42529297, 5661.75488281, 9875.01171875, 6218.53369141, 5406.58203125, 6646.47998047, 2189.72290039, 997.747619629, 398.399200439, 208.462005615, 83.3479385376, 45.6862220764, 45.922996521, 39.2588005066, 29.9855289459, 40.263671875, 32.2927513123, 30.1286582947, 5.30930376053, 2.57612776756, 0.409653782845, 0.0966102480888, 0.00328714190982, 1.39893722917e-06, 4.42635572639e-09],
        "max": [3.29086732864, 54.9509963989, 105.710136414, 266.779571533, 619.567321777, 232.694763184, 292.852752686, 513.512268066, 607.479492188, 636.072570801, 678.098815918, 711.260009766, 1167.37036133, 779.158203125, 611.84185791, 1995.59179688, 1566.10534668, 1687.12121582, 1243.93383789, 1721.58532715, 2557.24462891, 870.772155762, 584.017333984, 595.366821289, 315.00201416, 172.00012207, 237.186203003, 223.433044434, 229.41583252, 146.157516479, 143.965209961, 107.944458008, 238.732131958, 45.2286567688, 23.9441070557, 7.90608072281, 4.27796077728, 0.619909644127, 0.0134936375543, 0.000562539382372],
        "mean": [0.0751596167684, 1.20825600624, 3.49869608879, 7.67417764664, 11.784040451, 6.60683727264, 6.83963060379, 12.3454151154, 10.1729402542, 8.84484100342, 15.1105566025, 26.9031391144, 25.6007537842, 18.6494178772, 18.8947696686, 24.3328456879, 42.9304199219, 57.9632911682, 46.4487953186, 39.8161735535, 49.1099891663, 30.5795040131, 21.0142383575, 12.9359359741, 9.68074989319, 6.82462787628, 4.27430677414, 3.32268261909, 2.4370470047, 1.90713262558, 1.75951087475, 1.40228748322, 1.08346366882, 0.698703169823, 0.496731311083, 0.198140218854, 0.0811671614647, 0.0143374186009, 0.000310765986796, 3.85480307159e-05],
        "median": [0.0339315235615, 0.505261480808, 1.61567604542, 2.50442934036, 3.39179062843, 2.37099981308, 2.33172178268, 3.91512346268, 3.27161097527, 2.4344394207, 3.9013338089, 7.22013616562, 8.08944416046, 6.41090536118, 7.08891010284, 8.3127822876, 12.6454086304, 16.5836391449, 13.4876461029, 12.2688541412, 14.0784158707, 12.2553262711, 8.91689682007, 5.58860683441, 4.19623661041, 3.03569126129, 2.02815771103, 1.29139912128, 0.59180778265, 0.382275432348, 0.242378219962, 0.150852233171, 0.0928265601397, 0.0566955842078, 0.0326297059655, 0.0109802819788, 0.00271593243815, 0.000460900104372, 2.48872493103e-05, 2.60881679424e-05],
        "min": [1.12503947045e-22, 1.22952885576e-21, 7.24081515707e-21, 2.63116782448e-20, 1.9953297588e-20, 2.0738238675e-20, 6.12609767786e-20, 1.09142927535e-19, 1.68803019022e-19, 1.60985554773e-19, 7.15913653226e-19, 9.44468205968e-19, 9.64645726048e-19, 9.97826215164e-19, 1.81762599851e-18, 1.25188905344e-18, 2.38998555835e-18, 3.48342340917e-18, 2.58065751379e-18, 2.92163004768e-18, 5.32488958012e-18, 6.43584277361e-18, 6.80129240901e-18, 8.38211893202e-18, 8.14770918131e-18, 9.31189227441e-18, 1.2365339343e-17, 1.08233472953e-17, 1.22870847483e-17, 1.35993298623e-17, 1.24294681743e-17, 1.2547989094e-17, 1.18983826523e-17, 8.32411371875e-18, 6.81115653781e-18, 4.69195082773e-18, 2.53434139654e-18, 9.71511531927e-19, 2.59475055177e-19, 3.0197966633e-20],
        "var": [0.0360259711742, 8.06233119965, 35.2329216003, 318.781646729, 1164.00805664, 191.281311035, 165.375259399, 635.288269043, 634.634094238, 574.457824707, 1646.20678711, 3863.17431641, 3544.55224609, 1727.03369141, 1344.52612305, 3688.76025391, 8473.52539062, 13821.7880859, 8348.453125, 7069.15966797, 12977.9794922, 2954.19995117, 1323.21069336, 533.523925781, 279.697570801, 113.353408813, 43.4920463562, 50.8396339417, 39.4622039795, 26.4511051178, 33.8999137878, 26.8313941956, 19.9548282623, 4.68737077713, 1.84702062607, 0.298271298409, 0.0578722991049, 0.00177894486114, 7.72321300246e-07, 2.64441402109e-09]
    },
    "gfcc": {
        "mean": [-38.4671707153, 103.980354309, -129.824737549, 29.071395874, -37.3334236145, 15.0345020294, -35.9319229126, 7.35206079483, -25.3262653351, 1.14088630676, -19.2831554413, -3.58558440208, -10.710600853],
        "cov": [[13259.8798828, -1303.60803223, 138.139724731, 59.3950195312, -443.996063232, -6.59450912476, -671.543212891, 70.642578125, -369.10256958, 129.145248413, -520.115661621, 130.763641357, -394.302581787], [-1303.60803223, 1682.63427734, -369.225646973, 96.1349029541, 362.178314209, -201.708435059, 339.322570801, -128.940383911, 160.52645874, -161.934692383, 196.804016113, -217.466491699, 145.601623535], [138.139724731, -369.225646973, 1115.07470703, 145.551132202, -26.480594635, 309.330688477, 5.23800945282, 127.693054199, -40.0828704834, 54.5325279236, -80.1944046021, 135.123840332, -60.7345046997], [59.3950195312, 96.1349029541, 145.551132202, 385.263916016, 185.979019165, 52.782913208, 90.9039535522, 36.0597381592, 60.601272583, 1.1974594593, 35.8591270447, -15.1413764954, 2.71275544167], [-443.996063232, 362.178314209, -26.480594635, 185.979019165, 407.95022583, 34.0201072693, 147.979324341, 14.2310791016, 72.8536224365, 17.5846328735, 50.2762908936, -54.7432670593, 16.9962406158], [-6.59450912476, -201.708435059, 309.330688477, 52.782913208, 34.0201072693, 315.785308838, 87.051651001, 71.5957183838, 11.0633916855, 43.8318939209, -8.96711158752, 53.1419448853, -2.51295232773], [-671.543212891, 339.322570801, 5.23800945282, 90.9039535522, 147.979324341, 87.051651001, 287.327514648, 44.4698867798, 62.7922859192, -7.46217775345, 74.1971817017, -35.5215148926, 39.6938591003], [70.642578125, -128.940383911, 127.693054199, 36.0597381592, 14.2310791016, 71.5957183838, 44.4698867798, 159.350982666, 50.3252372742, 31.6471347809, -14.7284355164, 40.9631652832, -2.19905972481], [-369.10256958, 160.52645874, -40.0828704834, 60.601272583, 72.8536224365, 11.0633916855, 62.7922859192, 50.3252372742, 148.828796387, 22.2033901215, 37.1325721741, -15.7623844147, 36.6468963623], [129.145248413, -161.934692383, 54.5325279236, 1.1974594593, 17.5846328735, 43.8318939209, -7.46217775345, 31.6471347809, 22.2033901215, 127.792304993, 25.6778926849, 37.3764228821, -15.1894235611], [-520.115661621, 196.804016113, -80.1944046021, 35.8591270447, 50.2762908936, -8.96711158752, 74.1971817017, -14.7284355164, 37.1325721741, 25.6778926849, 142.276870728, 13.4634437561, 32.868144989], [130.763641357, -217.466491699, 135.123840332, -15.1413764954, -54.7432670593, 53.1419448853, -35.5215148926, 40.9631652832, -15.7623844147, 37.3764228821, 13.4634437561, 141.066940308, 19.2310142517], [-394.302581787, 145.601623535, -60.7345046997, 2.71275544167, 16.9962406158, -2.51295232773, 39.6938591003, -2.19905972481, 36.6468963623, -15.1894235611, 32.868144989, 19.2310142517, 102.562347412]],
        "icov": [[0.000126677390654, -0.000184881268069, 0.000155846835696, -0.000260104541667, 0.000190564649529, -0.000164684446645, 0.000253798090853, -0.000173720967723, 0.000308907503495, -0.000363230035873, 0.000560131738894, -0.000310004368657, 0.000425532314694], [-0.000184881268069, 0.00254371622577, -0.000793338287622, 0.00118855189066, -0.00157036376186, 0.0017259378219, -0.0019297284307, 0.00153318303637, -0.00187536794692, 0.00280253123492, -0.00284980027936, 0.00240850821137, -0.00219411309808], [0.000155846835696, -0.000793338287622, 0.00193422241136, -0.00119132222608, 0.000747273268644, -0.0017653015675, 0.000693768961355, -0.000881166837644, 0.00106456771027, -0.00100941408891, 0.00193586619571, -0.00198857137002, 0.00167043064721], [-0.000260104541667, 0.00118855189066, -0.00119132222608, 0.00464967731386, -0.00240438384935, 0.00096929987194, -0.00107040815055, 0.00058076455025, -0.00205024750903, 0.00236506178044, -0.0027137931902, 0.00151660002302, -0.000998660805635], [0.000190564649529, -0.00157036376186, 0.000747273268644, -0.00240438384935, 0.00493810512125, -0.00114867778029, -0.000115480164823, -0.000593224656768, 0.000739012379199, -0.00282481196336, 0.00212973845191, -0.000643507693894, 0.00140932726208], [-0.000164684446645, 0.0017259378219, -0.0017653015675, 0.00096929987194, -0.00114867778029, 0.00648246984929, -0.00328050949611, 0.000719216885045, -0.00123971363064, 0.000679531192873, -0.00108859955799, 0.000710993655957, -0.00176095380448], [0.000253798090853, -0.0019297284307, 0.000693768961355, -0.00107040815055, -0.000115480164823, -0.00328050949611, 0.00815997924656, -0.00342580140568, 0.00170470681041, -0.000793652783614, -0.000957806769293, 0.000700835895259, 0.000310492992867], [-0.000173720967723, 0.00153318303637, -0.000881166837644, 0.00058076455025, -0.000593224656768, 0.000719216885045, -0.00342580140568, 0.0110277859494, -0.00529932882637, 0.000724035722669, 0.00116014806554, -0.0020726332441, 0.00031422128086], [0.000308907503495, -0.00187536794692, 0.00106456771027, -0.00205024750903, 0.000739012379199, -0.00123971363064, 0.00170470681041, -0.00529932882637, 0.0124172344804, -0.00425907922909, 0.000947333523072, 0.000996016548015, -0.00194960250519], [-0.000363230035873, 0.00280253123492, -0.00100941408891, 0.00236506178044, -0.00282481196336, 0.000679531192873, -0.000793652783614, 0.000724035722669, -0.00425907922909, 0.0139951491728, -0.00637389346957, 0.000496728054713, 0.000316121353535], [0.000560131738894, -0.00284980027936, 0.00193586619571, -0.0027137931902, 0.00212973845191, -0.00108859955799, -0.000957806769293, 0.00116014806554, 0.000947333523072, -0.00637389346957, 0.0155544653535, -0.00641225557774, 0.00236836378463], [-0.000310004368657, 0.00240850821137, -0.00198857137002, 0.00151660002302, -0.000643507693894, 0.000710993655957, 0.000700835895259, -0.0020726332441, 0.000996016548015, 0.000496728054713, -0.00641225557774, 0.0149708762765, -0.00705485185608], [0.000425532314694, -0.00219411309808, 0.00167043064721, -0.000998660805635, 0.00140932726208, -0.00176095380448, 0.000310492992867, 0.00031422128086, -0.00194960250519, 0.000316121353535, 0.00236836378463, -0.00705485185608, 0.0164337251335]]
    },
    "melbands": {
        "dmean": [0.000692311208695, 0.00103090994526, 0.00107950752135, 0.000497080152854, 0.000139763084007, 0.000157615257194, 8.52009543451e-05, 5.03755036334e-05, 7.12942710379e-05, 9.25823042053e-05, 6.12803414697e-05, 3.79605116905e-05, 3.55263218808e-05, 3.79640077881e-05, 3.57156823156e-05, 5.72820099478e-05, 5.54335856577e-05, 3.99780801672e-05, 3.29572867486e-05, 2.52892677963e-05, 3.07576628984e-05, 1.56181886268e-05, 1.28442716232e-05, 9.77332092589e-06, 4.60235696664e-06, 4.26994165537e-06, 2.70223381449e-06, 2.21328491534e-06, 1.52718428126e-06, 1.34248318773e-06, 1.08708491098e-06, 9.22630306377e-07, 8.23633683922e-07, 6.9646381462e-07, 7.77637524152e-07, 6.27623933269e-07, 6.44764497792e-07, 6.1434525378e-07, 5.2206047485e-07, 4.35593079828e-07],
        "dmean2": [0.00120135687757, 0.00174232153222, 0.00179975386709, 0.00085004750872, 0.000228981152759, 0.000255635968642, 0.00013833779667, 7.8573335486e-05, 0.000106933403003, 0.000137070033816, 8.71248485055e-05, 5.59651562071e-05, 5.29965836904e-05, 5.84677945881e-05, 5.45338043594e-05, 8.74655597727e-05, 8.42390290927e-05, 6.06030407653e-05, 4.88793921249e-05, 3.78985132556e-05, 4.71503262816e-05, 2.42140031332e-05, 1.98814959731e-05, 1.5189611986e-05, 7.16554632163e-06, 6.60989735479e-06, 4.22507491749e-06, 3.46305705534e-06, 2.41471616391e-06, 2.04889556699e-06, 1.63169124789e-06, 1.39619726269e-06, 1.24026962567e-06, 1.05577714749e-06, 1.18065463539e-06, 9.5344626061e-07, 9.6923804449e-07, 9.32122134145e-07, 7.85822919624e-07, 6.56894144413e-07],
        "dvar": [7.71699251345e-06, 1.13086953206e-05, 1.72448508238e-05, 3.19504783874e-06, 1.29065853116e-07, 1.40726015729e-07, 4.42786749488e-08, 2.32610766204e-08, 3.75592605906e-08, 5.26511492183e-08, 2.39531185997e-08, 9.43184819135e-09, 7.40746530781e-09, 1.17689129553e-08, 9.11848019314e-09, 1.85952302445e-08, 1.57734660888e-08, 8.73134009538e-09, 6.88676049521e-09, 3.52182061292e-09, 5.15932629952e-09, 1.219890855e-09, 1.16403942041e-09, 5.61475699268e-10, 1.25790350358e-10, 1.00506998557e-10, 3.16499396136e-11, 1.87359155968e-11, 9.91329674599e-12, 9.62728941706e-12, 8.00477392704e-12, 7.50853285797e-12, 6.40115781561e-12, 4.12827888194e-12, 7.47904863041e-12, 6.27036270129e-12, 6.25955147091e-12, 9.80375416265e-12, 3.12886804139e-12, 1.70087490099e-12],
        "dvar2": [2.09654590435e-05, 3.01584059343e-05, 4.57351052319e-05, 8.8218585006e-06, 3.43650469858e-07, 3.60049057235e-07, 1.10719767576e-07, 5.57978907523e-08, 7.96124766111e-08, 1.14590420708e-07, 4.7120025215e-08, 1.92394757903e-08, 1.5891037819e-08, 2.67259778752e-08, 2.06326546959e-08, 4.03365767454e-08, 3.48149775675e-08, 1.97845775318e-08, 1.42281386672e-08, 7.39580308107e-09, 1.13180078642e-08, 2.85742207673e-09, 2.67690092315e-09, 1.242003278e-09, 2.93925717099e-10, 2.25611779259e-10, 7.11101108553e-11, 4.35895555762e-11, 2.39277625491e-11, 2.05704966949e-11, 1.75331867081e-11, 1.7110202144e-11, 1.45425442521e-11, 9.35185609507e-12, 1.71130158655e-11, 1.40015620625e-11, 1.44748336581e-11, 2.31601942485e-11, 6.90647842735e-12, 3.76635441585e-12],
        "max": [0.0376855656505, 0.0672791898251, 0.0557927601039, 0.0306264720857, 0.00842765904963, 0.00989954452962, 0.00870411936194, 0.00613018823788, 0.0052812458016, 0.00457782484591, 0.00574498437345, 0.00340223684907, 0.00240041967481, 0.00475678034127, 0.0029767609667, 0.00412938604131, 0.00300510646775, 0.00278397416696, 0.00220163888298, 0.00164249609224, 0.00291039980948, 0.00142279476859, 0.0010197579395, 0.000882463064045, 0.000540133973118, 0.000442353397375, 0.000166742640431, 0.000107940002636, 0.000144609148265, 0.000156496374984, 0.000112625253678, 0.000146871287143, 9.11605602596e-05, 7.77517925599e-05, 0.000118322226626, 8.49042480695e-05, 7.84069488873e-05, 0.000224095303565, 6.64596736897e-05, 4.18947493017e-05],
        "mean": [0.000990267260931, 0.00182799855247, 0.00152416003402, 0.000660104968119, 0.000236596810282, 0.00026947108563, 0.000155961723067, 9.30334645091e-05, 0.000129879292217, 0.000181972849532, 0.000126103172079, 7.34939821996e-05, 6.26051987638e-05, 6.87958599883e-05, 6.4374813519e-05, 0.000117323754239, 0.000102033307485, 7.42845149944e-05, 5.84730041737e-05, 4.60829833173e-05, 6.0512618802e-05, 3.23170752381e-05, 2.36165342358e-05, 1.85250173672e-05, 9.09949085326e-06, 8.39437416289e-06, 5.37249661647e-06, 4.21457252742e-06, 2.73889941127e-06, 2.29066063184e-06, 1.73478065335e-06, 1.40580209518e-06, 1.21716141166e-06, 9.89305590338e-07, 1.06130528366e-06, 8.49770287914e-07, 8.69981590768e-07, 7.89311116023e-07, 6.53605297884e-07, 5.56985071398e-07],
        "median": [0.000453602260677, 0.000937320291996, 0.000556180952117, 0.000219195411773, 8.84187174961e-05, 8.88761715032e-05, 4.91731734655e-05, 2.4698463676e-05, 2.9167980756e-05, 4.76781351608e-05, 3.67784232367e-05, 2.2036016162e-05, 1.96699602384e-05, 1.95017601072e-05, 1.66910685948e-05, 3.0291161238e-05, 2.55550439761e-05, 1.73121479747e-05, 1.40758265843e-05, 1.218710986e-05, 1.48697326949e-05, 1.10934297481e-05, 7.81827111496e-06, 6.39302561467e-06, 3.59059822586e-06, 3.28832902596e-06, 2.22568633035e-06, 1.73446073859e-06, 1.22833353089e-06, 9.41080145367e-07, 5.62845173135e-07, 3.34423589265e-07, 2.17247574597e-07, 1.97201686092e-07, 1.46354992125e-07, 9.41251272479e-08, 8.67684875061e-08, 6.67814532562e-08, 5.09056299336e-08, 4.448743951e-08],
        "min": [2.28332495522e-24, 3.24047375457e-24, 4.8421662869e-24, 1.29709016404e-24, 2.2224619698e-24, 2.62701331061e-24, 2.58626174232e-24, 1.70629805217e-24, 6.13147778939e-24, 6.03270254329e-24, 4.43286067864e-24, 2.92063877801e-24, 5.8468402087e-24, 3.27186686872e-24, 4.05201519967e-24, 3.49267219154e-24, 5.8737186719e-24, 4.0463113409e-24, 3.27307007882e-24, 5.20134294009e-24, 5.17862453488e-24, 5.68915204134e-24, 5.69116284779e-24, 6.06599996767e-24, 5.59377165816e-24, 6.81173108619e-24, 3.95933903167e-24, 4.81623564009e-24, 7.43461013492e-24, 5.9997352572e-24, 6.52347263395e-24, 6.49695270804e-24, 6.77156859978e-24, 7.41302058967e-24, 6.84517642199e-24, 7.09246222767e-24, 6.40082369585e-24, 7.02003454138e-24, 6.91590174644e-24, 6.75605012805e-24],
        "var": [5.82568009122e-06, 1.10729024527e-05, 1.40848478623e-05, 2.64821005658e-06, 1.75294275095e-07, 2.8189697332e-07, 1.466014794e-07, 5.5434224322e-08, 1.12944881892e-07, 1.58240311521e-07, 8.982806321e-08, 3.20335367121e-08, 1.95698994787e-08, 2.54838177227e-08, 2.26906617939e-08, 6.96431214919e-08, 4.54391972937e-08, 2.63619970298e-08, 1.73140648485e-08, 9.76880532022e-09, 2.09553743247e-08, 4.48102621675e-09, 3.02627811699e-09, 1.79832804204e-09, 3.28852528542e-10, 2.80110740158e-10, 8.20115017564e-11, 4.89511660373e-11, 1.92834324897e-11, 2.04073181964e-11, 1.65469651869e-11, 1.39416620609e-11, 1.19911615359e-11, 7.32378914459e-12, 1.22003778608e-11, 1.1141694338e-11, 1.08171232388e-11, 1.29860185105e-11, 5.24895057974e-12, 2.99033606037e-12]
    },
    "mfcc": {
        "mean": [-677.926879883, 135.017852783, -21.118139267, 22.277841568, 13.5843143463, 9.93661022186, 4.43908548355, 3.15782928467, 2.21750307083, 1.70743215084, -1.11999988556, -1.35276794434, -5.43177127838],
        "cov": [[9408.60839844, -599.113342285, -216.638015747, 193.251907349, 7.50883388519, -110.920631409, -332.50769043, -210.36807251, -102.240318298, -94.7889785767, -119.599807739, -55.9528999329, -139.869125366], [-599.113342285, 1302.95739746, -316.968383789, 225.306594849, 24.4586830139, 39.6049842834, 127.894790649, 30.0745410919, 32.7375030518, 53.5506744385, 1.80789220333, 24.6598320007, 20.0328807831], [-216.638015747, -316.968383789, 962.718017578, -95.2862014771, 78.2822113037, 112.772186279, 59.0388145447, 135.299438477, 53.232963562, -32.367931366, 35.4997940063, -17.7117137909, 11.736574173], [193.251907349, 225.306594849, -95.2862014771, 397.788635254, 115.70223999, 44.8104133606, 65.8491210938, 30.6279735565, 40.6093788147, 40.3571662903, 19.2896213531, 51.3911743164, 25.1095504761], [7.50883388519, 24.4586830139, 78.2822113037, 115.70223999, 245.78704834, 87.2307510376, 33.9096794128, 35.0640487671, 51.3619613647, 32.0586242676, 22.9608688354, 24.9042167664, 20.9810619354], [-110.920631409, 39.6049842834, 112.772186279, 44.8104133606, 87.2307510376, 214.12059021, 116.5154953, 51.4979972839, 46.4821586609, 29.8122081757, 40.2437705994, 14.6972093582, 16.7671947479], [-332.50769043, 127.894790649, 59.0388145447, 65.8491210938, 33.9096794128, 116.5154953, 217.537734985, 80.0643539429, 36.0399360657, 36.8498916626, 46.6302719116, 21.1494426727, 23.4362068176], [-210.36807251, 30.0745410919, 135.299438477, 30.6279735565, 35.0640487671, 51.4979972839, 80.0643539429, 164.246643066, 73.9121398926, 21.501039505, 28.9560699463, 11.8092212677, 17.873374939], [-102.240318298, 32.7375030518, 53.232963562, 40.6093788147, 51.3619613647, 46.4821586609, 36.0399360657, 73.9121398926, 143.368362427, 54.5967445374, 19.3205356598, 11.4997158051, 13.0193881989], [-94.7889785767, 53.5506744385, -32.367931366, 40.3571662903, 32.0586242676, 29.8122081757, 36.8498916626, 21.501039505, 54.5967445374, 131.508590698, 46.2806968689, 6.76736736298, 6.08769321442], [-119.599807739, 1.80789220333, 35.4997940063, 19.2896213531, 22.9608688354, 40.2437705994, 46.6302719116, 28.9560699463, 19.3205356598, 46.2806968689, 114.4348526, 33.7513809204, 8.82614612579], [-55.9528999329, 24.6598320007, -17.7117137909, 51.3911743164, 24.9042167664, 14.6972093582, 21.1494426727, 11.8092212677, 11.4997158051, 6.76736736298, 33.7513809204, 99.7816238403, 37.2452926636], [-139.869125366, 20.0328807831, 11.736574173, 25.1095504761, 20.9810619354, 16.7671947479, 23.4362068176, 17.873374939, 13.0193881989, 6.08769321442, 8.82614612579, 37.2452926636, 99.5955963135]],
