{
"lowlevel": {
    "average_loudness": 0.745998799801,
    "barkbands_crest": {
        "dmean": 2.05106711388,
        "dmean2": 3.18303108215,
        "dvar": 4.33069944382,
        "dvar2": 10.8720664978,
        "max": 26.191986084,
        "mean": 13.1065015793,
        "median": 12.5104122162,
        "min": 2.87951827049,
        "var": 20.6471920013
    },
    "barkbands_flatness_db": {
        "dmean": 0.0179281737655,
        "dmean2": 0.0261844545603,
        "dvar": 0.000400742079364,
        "dvar2": 0.000812943966594,
        "max": 0.406765311956,
        "mean": 0.209027707577,
        "median": 0.209253758192,
        "min": 0.0456015206873,
        "var": 0.00323293195106
    },
    "barkbands_kurtosis": {
        "dmean": 4.25698423386,
        "dmean2": 6.54376411438,
        "dvar": 75.4784011841,
        "dvar2": 187.706985474,
        "max": 284.782287598,
        "mean": 10.8192806244,
        "median": 6.65088796616,
        "min": -1.91377925873,
        "var": 203.851272583
    },
    "barkbands_skewness": {
        "dmean": 0.500825703144,
        "dmean2": 0.731065928936,
        "dvar": 0.347475469112,
        "dvar2": 0.76436817646,
        "max": 12.5281181335,
        "mean": 2.30261588097,
        "median": 2.29652404785,
        "min": -3.21527171135,
        "var": 2.47024106979
    },
    "barkbands_spread": {
        "dmean": 3.09357070923,
        "dmean2": 4.63001203537,
        "dvar": 42.5222587585,
        "dvar2": 89.9204711914,
        "max": 129.447845459,
        "mean": 11.575510025,
        "median": 8.29578208923,
        "min": 0.385069906712,
        "var": 136.506576538
    },
    "dissonance": {
        "dmean": 0.0213879719377,
        "dmean2": 0.0352019891143,
        "dvar": 0.000505901523866,
        "dvar2": 0.00134469673503,
        "max": 0.499995619059,
        "mean": 0.429354161024,
        "median": 0.438239455223,
        "min": 0.181081846356,
        "var": 0.00200246530585
    },
    "dynamic_complexity": 4.00008010864,
    "erbbands_crest": {
        "dmean": 2.31812357903,
        "dmean2": 3.49213123322,
        "dvar": 5.52848768234,
        "dvar2": 12.6762294769,
        "max": 32.2009468079,
        "mean": 11.7084999084,
        "median": 10.9385757446,
        "min": 2.52823615074,
        "var": 24.9985618591
    },
    "erbbands_flatness_db": {
        "dmean": 0.0140006635338,
        "dmean2": 0.0197620932013,
        "dvar": 0.000253602658631,
        "dvar2": 0.000458202615846,
        "max": 0.377636879683,
        "mean": 0.218957483768,
        "median": 0.221571803093,
        "min": 0.0455762557685,
        "var": 0.00211995374411
    },
    "erbbands_kurtosis": {
        "dmean": 1.24545896053,
        "dmean2": 1.86278057098,
        "dvar": 5.35902357101,
        "dvar2": 11.9873590469,
        "max": 70.9412231445,
        "mean": 1.45509803295,
        "median": 0.435866475105,
        "min": -1.86188149452,
        "var": 12.8753757477
    },
    "erbbands_skewness": {
        "dmean": 0.357411473989,
        "dmean2": 0.511356592178,
        "dvar": 0.169078752398,
        "dvar2": 0.329956352711,
        "max": 7.40499305725,
        "mean": 0.862369298935,
        "median": 0.892559528351,
        "min": -4.22821044922,
        "var": 0.947502493858
    },
    "erbbands_spread": {
        "dmean": 5.80307769775,
        "dmean2": 8.63904190063,
        "dvar": 69.423866272,
        "dvar2": 149.408660889,
        "max": 138.517211914,
        "mean": 32.3530235291,
        "median": 30.0063991547,
        "min": 2.57383489609,
        "var": 306.597503662
    },
    "hfc": {
        "dmean": 2.53057289124,
        "dmean2": 3.29398727417,
        "dvar": 26.9111595154,
        "dvar2": 41.5998649597,
        "max": 172.772705078,
        "mean": 11.6065378189,
        "median": 7.29116821289,
        "min": 1.06232926716e-16,
        "var": 192.402664185
    },
    "melbands_crest": {
        "dmean": 2.45220851898,
        "dmean2": 3.78721117973,
        "dvar": 6.35977315903,
        "dvar2": 15.2000703812,
        "max": 39.0473518372,
        "mean": 16.8910007477,
        "median": 16.6717948914,
        "min": 1.48833274841,
        "var": 37.9243164062
    },
    "melbands_flatness_db": {
        "dmean": 0.019754268229,
        "dmean2": 0.028068780899,
        "dvar": 0.000557191669941,
        "dvar2": 0.00104714510962,
        "max": 0.547538936138,
        "mean": 0.271292597055,
        "median": 0.271212875843,
        "min": 0.00272899703123,
        "var": 0.00713367015123
    },
    "melbands_kurtosis": {
        "dmean": 7.05557155609,
        "dmean2": 10.838965416,
        "dvar": 168.478912354,
        "dvar2": 433.828796387,
        "max": 277.606292725,
        "mean": 19.713640213,
        "median": 13.9007616043,
        "min": -1.89054453373,
        "var": 475.548187256
    },
    "melbands_skewness": {
        "dmean": 0.594900906086,
        "dmean2": 0.871731221676,
        "dvar": 0.468909859657,
        "dvar2": 1.06726646423,
        "max": 11.9658594131,
        "mean": 3.09927558899,
        "median": 3.02597808838,
        "min": -0.975647747517,
        "var": 3.16918802261
    },
    "melbands_spread": {
        "dmean": 4.07323360443,
        "dmean2": 5.76094007492,
        "dvar": 95.2518234253,
        "dvar2": 154.051055908,
        "max": 204.652252197,
        "mean": 16.3214225769,
        "median": 9.02097225189,
        "min": 0.521966397762,
        "var": 723.721191406
    },
    "pitch_salience": {
        "dmean": 0.0568294040859,
        "dmean2": 0.0868788212538,
        "dvar": 0.00333005120046,
        "dvar2": 0.00776440789923,
        "max": 0.864759922028,
        "mean": 0.535549223423,
        "median": 0.542249858379,
        "min": 0.0452581904829,
        "var": 0.0220467969775
    },
    "silence_rate_20dB": {
        "dmean": 0,
        "dmean2": 0,
        "dvar": 0,
        "dvar2": 0,
        "max": 1,
        "mean": 1,
        "median": 1,
        "min": 1,
        "var": 0
    },
    "silence_rate_30dB": {
        "dmean": 0,
        "dmean2": 0,
        "dvar": 0,
        "dvar2": 0,
        "max": 1,
        "mean": 1,
        "median": 1,
        "min": 1,
        "var": 0
    },
    "silence_rate_60dB": {
        "dmean": 0.021845985204,
        "dmean2": 0.043699927628,
        "dvar": 0.0213713981211,
        "dvar2": 0.0501655861735,
        "max": 1,
        "mean": 0.137058615685,
        "median": 0,
        "min": 0,
        "var": 0.118284523487
    },
    "spectral_centroid": {
        "dmean": 152.051376343,
        "dmean2": 221.270278931,
        "dvar": 84455.421875,
        "dvar2": 140481.203125,
        "max": 11762.2451172,
        "mean": 1136.71435547,
        "median": 702.695922852,
        "min": 152.749038696,
        "var": 3445295.5
    },
    "spectral_complexity": {
        "dmean": 1.53249585629,
        "dmean2": 2.44136929512,
        "dvar": 3.20245933533,
        "dvar2": 6.61530399323,
        "max": 42,
        "mean": 10.1248636246,
        "median": 10,
        "min": 0,
        "var": 25.3731193542
    },
    "spectral_decrease": {
        "dmean": 9.86776216294e-10,
        "dmean2": 1.4158828554e-09,
        "dvar": 1.84587359604e-18,
        "dvar2": 3.53147391737e-18,
        "max": 2.2833004493e-28,
        "mean": -4.82841810978e-09,
        "median": -3.92458066045e-09,
        "min": -2.47498874728e-08,
        "var": 1.59277332716e-17
    },
    "spectral_energy": {
        "dmean": 0.00389841687866,
        "dmean2": 0.00557994795963,
        "dvar": 2.86794202111e-05,
        "dvar2": 5.45150032849e-05,
        "max": 0.0970994308591,
        "mean": 0.019276291132,
        "median": 0.0157587938011,
        "min": 9.75916814757e-21,
        "var": 0.000256049912423
    },
    "spectral_energyband_high": {
        "dmean": 0.000105970051663,
        "dmean2": 0.000124019439681,
        "dvar": 3.63910658052e-07,
        "dvar2": 4.71151793136e-07,
        "max": 0.0256716702133,
        "mean": 0.000208520854358,
        "median": 3.30811672029e-05,
        "min": 6.9649350747e-21,
        "var": 1.09226505174e-06
    },
    "spectral_energyband_low": {
        "dmean": 0.000505228701513,
        "dmean2": 0.000824876769911,
        "dvar": 9.44608871123e-07,
        "dvar2": 2.46640161095e-06,
        "max": 0.0208823829889,
        "mean": 0.00120798486751,
        "median": 0.000656128744595,
        "min": 1.38544075133e-23,
        "var": 2.53370035352e-06
    },
    "spectral_energyband_middle_high": {
        "dmean": 0.000793954008259,
        "dmean2": 0.00101201864891,
        "dvar": 3.84277063858e-06,
        "dvar2": 6.52758853903e-06,
        "max": 0.0723826512694,
        "mean": 0.00284216250293,
        "median": 0.000954282470047,
        "min": 1.1412479241e-21,
        "var": 3.49330839526e-05
    },
    "spectral_energyband_middle_low": {
        "dmean": 0.00362232071348,
        "dmean2": 0.00524085806683,
        "dvar": 2.68049370789e-05,
        "dvar2": 5.3898038459e-05,
        "max": 0.0912819430232,
        "mean": 0.0156076634303,
        "median": 0.0128263626248,
        "min": 1.65926213392e-22,
        "var": 0.000177513225935
    },
    "spectral_entropy": {
        "dmean": 0.159777164459,
        "dmean2": 0.226300910115,
        "dvar": 0.0400304347277,
        "dvar2": 0.0731094032526,
        "max": 9.82649230957,
        "mean": 6.78558301926,
        "median": 6.7100520134,
        "min": 4.65358114243,
        "var": 0.589865624905
    },
    "spectral_flux": {
        "dmean": 0.0144891338423,
        "dmean2": 0.0226282160729,
        "dvar": 0.000326028501149,
        "dvar2": 0.000764787662774,
        "max": 0.278758078814,
        "mean": 0.0439540930092,
        "median": 0.0377121567726,
        "min": 6.23821480583e-11,
        "var": 0.00106828345452
    },
    "spectral_kurtosis": {
        "dmean": 2.99815320969,
        "dmean2": 5.01274204254,
        "dvar": 11.463142395,
        "dvar2": 30.3954219818,
        "max": 70.2506408691,
        "mean": 8.09748649597,
        "median": 6.51185703278,
        "min": -1.27367854118,
        "var": 46.347946167
    },
    "spectral_rms": {
        "dmean": 0.00042571220547,
        "dmean2": 0.00060155801475,
        "dvar": 2.64138407147e-07,
        "dvar2": 4.7212932941e-07,
        "max": 0.00973299238831,
        "mean": 0.00389162939973,
        "median": 0.00392102450132,
        "min": 3.08563439556e-12,
        "var": 3.66146241504e-06
    },
    "spectral_rolloff": {
        "dmean": 257.243408203,
        "dmean2": 423.631317139,
        "dvar": 679539.375,
        "dvar2": 1479229.5,
        "max": 19810.546875,
        "mean": 1429.2668457,
        "median": 538.330078125,
        "min": 21.533203125,
        "var": 10963365
    },
    "spectral_skewness": {
        "dmean": 0.303868442774,
        "dmean2": 0.485617399216,
        "dvar": 0.0918486639857,
        "dvar2": 0.217347443104,
        "max": 6.77707338333,
        "mean": 1.95551419258,
        "median": 1.84842586517,
        "min": -0.202657803893,
        "var": 0.763426661491
    },
    "spectral_spread": {
        "dmean": 346393.53125,
        "dmean2": 527028.9375,
        "dvar": 541811736576,
        "dvar2": 1.02964645069e+12,
        "max": 42683928,
        "mean": 4419452,
        "median": 3097013.5,
        "min": 982666.3125,
        "var": 4.28403526205e+13
    },
    "spectral_strongpeak": {
        "dmean": 0.358452886343,
        "dmean2": 0.573422670364,
        "dvar": 0.349490761757,
        "dvar2": 0.801267147064,
        "max": 11.7671909332,
        "mean": 1.16002726555,
        "median": 0.732591569424,
        "min": 0,
        "var": 1.52130162716
    },
    "zerocrossingrate": {
        "dmean": 0.00671460060403,
        "dmean2": 0.00772812636569,
        "dvar": 0.000198455920327,
        "dvar2": 0.000233980157645,
        "max": 0.52587890625,
        "mean": 0.0499957688153,
        "median": 0.029296875,
        "min": 0.00390625,
        "var": 0.0075176670216
    },
    "barkbands": {
        "dmean": [9.7201891549e-06, 4.59106631752e-05, 0.000218532237341, 0.000749261176679, 0.00139728013892, 0.00124199793208, 0.000614400254562, 0.000721497810446, 0.000722660450265, 0.000234570790781, 0.000256661442108, 8.78982100403e-05, 0.000195846325369, 9.08301808522e-05, 5.92549986322e-05, 0.00011955681839, 7.64575379435e-05, 0.000118186828331, 4.42217460659e-05, 4.40644071205e-05, 2.77502313111e-05, 3.42780404026e-05, 2.46162326221e-05, 1.67186572071e-05, 5.97892631049e-06, 9.18464365895e-07, 2.17786304546e-08],
        "dmean2": [1.61639254657e-05, 7.33086126274e-05, 0.000353706796886, 0.00120962050278, 0.00207895296626, 0.0017562280409, 0.000866474350914, 0.000949231907725, 0.000986447441392, 0.000325030181557, 0.000324741064105, 0.000129087784444, 0.000267019233434, 0.000124455371406, 8.91399104148e-05, 0.000176600544364, 0.000114202317491, 0.000178650123416, 6.73693502904e-05, 6.51602022117e-05, 3.73255534214e-05, 4.36015761807e-05, 3.07020018226e-05, 2.24287086894e-05, 7.78816684033e-06, 1.27047451315e-06, 3.58137342005e-08],
        "dvar": [1.08007783273e-10, 9.25428000897e-09, 2.56580989344e-07, 2.28824387705e-06, 5.48859725313e-06, 1.11235958684e-05, 2.77418234873e-06, 6.51679056318e-06, 6.68404709359e-06, 1.16008516216e-06, 1.29956663386e-06, 2.62267604967e-07, 9.99016378955e-07, 2.10049776683e-07, 4.25222523859e-08, 2.38473887748e-07, 6.69691573307e-08, 1.894712085e-07, 5.54696377719e-08, 2.22239826542e-08, 2.80834875355e-08, 4.87742006783e-08, 2.43558453406e-08, 1.24325492123e-08, 1.40552303129e-09, 2.60209909175e-11, 9.31907003822e-15],
        "dvar2": [2.7447472073e-10, 2.19445208671e-08, 6.60170314859e-07, 5.62771219847e-06, 1.31317556225e-05, 2.22698927246e-05, 5.59835143576e-06, 1.05673543658e-05, 1.28090741782e-05, 1.97208328245e-06, 2.19112143895e-06, 5.79148206725e-07, 1.69429063135e-06, 3.57392508477e-07, 9.44078522025e-08, 5.07766117153e-07, 1.19812128219e-07, 4.53539371392e-07, 1.18750520528e-07, 4.67987462116e-08, 4.92322556056e-08, 7.58660192446e-08, 3.79711018184e-08, 2.17850999462e-08, 2.5490614064e-09, 5.20045569108e-11, 2.3880042434e-14],
        "max": [0.000204310461413, 0.00262017641217, 0.0164963267744, 0.0378359369934, 0.0546482130885, 0.088748164475, 0.0373964272439, 0.0586134418845, 0.0885154530406, 0.0420423261821, 0.0403164997697, 0.0230671875179, 0.0367488488555, 0.0208489745855, 0.00704725040123, 0.0188790727407, 0.0118865063414, 0.0210718456656, 0.0125711951405, 0.00479326071218, 0.00603870442137, 0.00731888785958, 0.00845646113157, 0.00467050587758, 0.00182521925308, 0.000155316651217, 2.21790173782e-06],
        "mean": [1.56012429215e-05, 0.000111616674985, 0.000544253969565, 0.00192162045278, 0.00484072091058, 0.00385802960955, 0.00155985727906, 0.00179638375994, 0.00153221713845, 0.000498499372043, 0.000611500639934, 0.000137279857881, 0.000439549854491, 0.00014383814414, 0.000104379018012, 0.000286714814138, 0.000199468820938, 0.000300874991808, 9.62758858805e-05, 9.44779749261e-05, 4.43170210929e-05, 5.5326428992e-05, 4.42676791863e-05, 2.87108377961e-05, 9.17792112887e-06, 1.33527726121e-06, 2.54396859134e-08],
        "median": [1.28166211653e-05, 5.26749499841e-05, 0.000167686201166, 0.000669139204547, 0.00287269148976, 0.000929241767153, 0.000357288809028, 0.000224265255383, 0.000143568249769, 8.02973372629e-05, 4.37801863882e-05, 1.79942035174e-05, 5.72036660742e-05, 2.11187216337e-05, 2.70165473921e-05, 3.78993463528e-05, 4.10174325225e-05, 5.55207589059e-05, 3.40059268638e-05, 3.4604468965e-05, 5.06864853378e-06, 4.12151530327e-06, 4.5921160563e-06, 2.2580059067e-06, 8.10670144347e-07, 1.95689523252e-07, 8.13678013856e-09],
        "min": [3.71285150392e-25, 1.16171216638e-24, 4.88943779057e-25, 2.41978522074e-25, 5.12348197432e-24, 9.01529175148e-24, 6.29154003364e-24, 5.04405117534e-24, 1.77750730335e-23, 1.78149972839e-23, 1.21637578977e-23, 1.43120288798e-23, 2.33455433182e-23, 3.23426060719e-23, 3.46454014948e-23, 5.1845402817e-23, 6.72759386416e-23, 1.01852286408e-22, 1.2821871261e-22, 1.76148437085e-22, 2.41378689005e-22, 3.15330145332e-22, 3.61221831881e-22, 5.63932503066e-22, 8.67009278268e-22, 1.3151591138e-21, 1.9212218884e-21],
        "var": [1.63447283485e-10, 2.83521366384e-08, 8.49674904657e-07, 1.35460859383e-05, 3.65372980013e-05, 7.46743608033e-05, 1.20377217172e-05, 3.41549930454e-05, 2.19492958422e-05, 4.30927502748e-06, 6.8667591222e-06, 5.26963447101e-07, 4.93206516694e-06, 5.10777908858e-07, 8.72167547072e-08, 1.41439238632e-06, 2.90941272851e-07, 5.82030907026e-07, 1.12916779926e-07, 5.02255623758e-08, 6.92000128311e-08, 1.21848145795e-07, 5.75860816809e-08, 2.92372739352e-08, 2.62405164264e-09, 4.49914307199e-11, 1.00439693048e-14]
    },
    "erbbands": {
        "dmean": [0.000618090503849, 0.0147588793188, 0.177495196462, 1.33742332458, 4.28114461899, 4.14120054245, 8.29553127289, 10.0061769485, 9.15786170959, 7.61913824081, 18.8066539764, 17.7929859161, 7.36111736298, 7.60519266129, 8.86428165436, 3.80237770081, 8.21205043793, 4.97340250015, 3.66792678833, 4.04734897614, 5.46424865723, 3.41598176956, 6.75347185135, 2.41443634033, 2.70716381073, 1.9657022953, 1.02126991749, 1.1952713728, 1.27794849873, 0.957219362259, 0.663540244102, 0.397458702326, 0.258717924356, 0.101577453315, 0.0259377583861, 0.00611983984709, 0.00143370626029, 0.00013118472998, 4.63794276584e-06, 4.61235322291e-06],
        "dmean2": [0.000992598826997, 0.0233827140182, 0.284021049738, 2.17897152901, 6.50234508514, 5.99353313446, 11.7518033981, 14.2419500351, 13.0142593384, 10.5941667557, 24.0515041351, 24.3090286255, 9.95073127747, 10.2055120468, 11.4131917953, 5.28887033463, 10.8721609116, 6.68906545639, 5.44136333466, 5.81493330002, 7.90144634247, 5.0020866394, 10.2551717758, 3.47926592827, 4.08758497238, 2.86720466614, 1.4088306427, 1.54207599163, 1.65716588497, 1.21136128902, 0.864416062832, 0.526007175446, 0.352398723364, 0.131246522069, 0.0347397811711, 0.00832150969654, 0.00203346670605, 0.00018951111997, 6.52740845908e-06, 6.55073972666e-06],
        "dvar": [1.74290141786e-06, 0.000846975133754, 0.141466274858, 6.53618192673, 71.7706756592, 68.5238800049, 549.831054688, 691.008117676, 572.633239746, 435.283996582, 4490.47167969, 4228.94140625, 991.421691895, 772.823120117, 1461.96875, 240.36656189, 1763.93969727, 596.444763184, 156.042602539, 333.849884033, 425.637756348, 113.663673401, 597.879272461, 55.0753517151, 200.28729248, 46.770942688, 38.0695304871, 49.7783088684, 66.4863204956, 38.7547645569, 15.9571552277, 6.83628034592, 3.15943193436, 0.390502244234, 0.0354386679828, 0.0011874322081, 7.33144042897e-05, 4.94979644827e-07, 3.15477727275e-10, 4.04260930287e-11],
        "dvar2": [4.16984539697e-06, 0.00202475325204, 0.358041286469, 16.887878418, 178.752639771, 146.59916687, 1063.46081543, 1397.45874023, 1174.00805664, 920.946655273, 7028.90917969, 8193.4765625, 1795.97338867, 1398.8223877, 2705.32446289, 451.863952637, 2902.65356445, 1020.46246338, 330.107330322, 667.83807373, 794.40802002, 223.168487549, 1445.25158691, 109.799591064, 453.699737549, 94.4012145996, 70.4133148193, 79.0652008057, 108.860740662, 59.1282196045, 26.0060634613, 11.4399442673, 5.91250896454, 0.67912787199, 0.0721877217293, 0.0023013134487, 0.000164519180544, 1.01838008959e-06, 6.2770549869e-10, 7.73388991737e-11],
        "max": [0.0284414831549, 0.739294826984, 12.0044488907, 58.2154464722, 149.826797485, 280.132507324, 477.648406982, 594.136779785, 418.612823486, 713.860778809, 1562.20825195, 2447.92773438, 912.530944824, 886.143310547, 1241.51257324, 848.402709961, 1630.64465332, 1013.9239502, 458.092529297, 727.172241211, 1136.15246582, 417.754638672, 1186.65759277, 267.506072998, 808.085021973, 214.090133667, 226.076919556, 299.13848877, 262.948181152, 269.838439941, 204.90953064, 117.163291931, 67.9888000488, 26.61369133, 10.2484416962, 1.08925366402, 0.25923448801, 0.024599596858, 0.0006667166017, 0.000119734082546],
        "mean": [0.0013398724841, 0.0406996309757, 0.504146397114, 3.33058571815, 13.3187265396, 14.4855623245, 26.94165802, 30.1273899078, 25.1270866394, 19.0128746033, 47.573425293, 41.2822570801, 15.4173555374, 18.1367816925, 21.5824146271, 8.57590866089, 19.5356788635, 8.94010257721, 7.07378911972, 8.84532737732, 15.2399463654, 10.3314170837, 17.3268642426, 6.55261278152, 6.23679113388, 4.39456796646, 1.75587534904, 1.94588327408, 1.99660241604, 1.61356139183, 1.20494186878, 0.692858755589, 0.438438653946, 0.159606873989, 0.0384776182473, 0.00912231206894, 0.00201170542277, 0.000195088956389, 1.50135265358e-05, 2.2712181817e-05],
        "median": [0.000765981851146, 0.0214937310666, 0.232043668628, 1.52292847633, 4.99961853027, 7.6302075386, 6.20987176895, 9.26220798492, 7.71567440033, 6.33045101166, 6.62886476517, 4.89148712158, 2.80678915977, 2.69129323959, 2.2307806015, 1.38898897171, 2.61345434189, 1.59074521065, 1.57792067528, 1.86027026176, 2.39196062088, 2.34331011772, 3.19025087357, 2.22144389153, 2.3496465683, 1.55674171448, 0.372455090284, 0.168571174145, 0.137916654348, 0.164343848825, 0.131207168102, 0.0634411424398, 0.0292984116822, 0.0121542010456, 0.00404969416559, 0.00128201837651, 0.000295783742331, 4.52769963886e-05, 1.04091186586e-05, 1.87686273421e-05],
        "min": [3.6371170409e-23, 3.94279243752e-22, 1.49412961557e-21, 4.45387686401e-21, 8.03445294955e-21, 2.43878742442e-20, 3.07743693483e-20, 7.30346132533e-20, 1.30417444203e-19, 1.14633261302e-19, 2.46825964347e-19, 4.70227931505e-19, 4.39954103362e-19, 7.61296193751e-19, 1.13378927206e-18, 6.88209668452e-19, 1.63727126006e-18, 1.54875176758e-18, 2.13291064527e-18, 2.53963638644e-18, 3.95668693843e-18, 4.02883983531e-18, 5.38832275257e-18, 4.62728060667e-18, 6.08167009151e-18, 7.45719865829e-18, 7.98122750251e-18, 9.63287309366e-18, 1.12526432799e-17, 8.97818279988e-18, 1.01276048549e-17, 9.20638456009e-18, 9.62916236143e-18, 7.69276811621e-18, 6.48988165585e-18, 3.92088407998e-18, 2.25085688125e-18, 9.83346418541e-19, 2.29893447961e-19, 2.72041382711e-20],
        "var": [3.34606647812e-06, 0.00294709950686, 0.573732078075, 28.0406780243, 361.218780518, 499.312713623, 3013.20361328, 4384.47412109, 2555.26293945, 1510.87890625, 24425.6289062, 15060.1074219, 3241.97924805, 3679.98217773, 7617.38330078, 1208.65673828, 9822.89746094, 1366.55664062, 419.327270508, 1180.7845459, 3327.28686523, 649.022277832, 1806.58886719, 221.179122925, 386.35760498, 116.226631165, 88.8732910156, 130.930541992, 156.130462646, 93.3947753906, 39.7998771667, 17.3503036499, 6.35553646088, 0.797029554844, 0.0522448755801, 0.00212241895497, 0.000105248982436, 7.90764090652e-07, 6.34888364104e-10, 3.57123719485e-10]
    },
    "gfcc": {
        "mean": [-120.373123169, 124.605316162, -121.528465271, 23.2812194824, -67.4095840454, -15.351064682, -47.6767807007, -3.47394180298, -27.0649452209, -16.3956699371, -12.0612545013, -11.7920618057, -12.5382928848],
        "cov": [[44267.6835938, 3786.48071289, -5624.94824219, 842.721801758, -3193.04174805, -777.51776123, -2303.85986328, 63.1002235413, -865.809020996, -890.215454102, -281.460083008, -419.554168701, -489.475158691], [3786.48071289, 1752.51953125, -352.594726562, -225.477355957, -20.1509094238, -204.97215271, 3.67868614197, -130.434936523, -162.278381348, -100.358078003, -30.1064224243, -155.370864868, -89.595375061], [-5624.94824219, -352.594726562, 1223.62304688, -20.4915542603, 425.989654541, 187.1378479, 322.159179688, -33.2245140076, 67.6871795654, 113.819374084, -59.9595909119, 57.114566803, -14.12977314], [842.721801758, -225.477355957, -20.4915542603, 491.147399902, -17.0656681061, -71.5111541748, -176.392822266, 21.0204544067, 53.068611145, -12.1001987457, -53.8007125854, -2.84555315971, 23.7460441589], [-3193.04174805, -20.1509094238, 425.989654541, -17.0656681061, 462.4324646, 31.1359405518, 140.787506104, -8.56943225861, 64.4949111938, 47.4170646667, 2.44464159012, 20.1016941071, 30.1309337616], [-777.51776123, -204.97215271, 187.1378479, -71.5111541748, 31.1359405518, 334.383483887, 197.672668457, -8.30227279663, -29.6845054626, 87.5577011108, -34.2208480835, 8.140583992, -17.0462760925], [-2303.85986328, 3.67868614197, 322.159179688, -176.392822266, 140.787506104, 197.672668457, 409.384399414, -10.6412534714, -22.9142189026, 108.524841309, 3.00121259689, -20.9955883026, -16.9941368103], [63.1002235413, -130.434936523, -33.2245140076, 21.0204544067, -8.56943225861, -8.30227279663, -10.6412534714, 140.540313721, 62.2377929688, -29.4254245758, 7.47219419479, 6.69264364243, 1.32496869564], [-865.809020996, -162.278381348, 67.6871795654, 53.068611145, 64.4949111938, -29.6845054626, -22.9142189026, 62.2377929688, 157.312286377, 1.62475430965, -1.02098333836, 8.0377073288, 26.2991714478], [-890.215454102, -100.358078003, 113.819374084, -12.1001987457, 47.4170646667, 87.5577011108, 108.524841309, -29.4254245758, 1.62475430965, 182.811553955, -19.2156009674, -12.4063949585, 16.6097698212], [-281.460083008, -30.1064224243, -59.9595909119, -53.8007125854, 2.44464159012, -34.2208480835, 3.00121259689, 7.47219419479, -1.02098333836, -19.2156009674, 105.163230896, 23.0919876099, 14.2122983932], [-419.554168701, -155.370864868, 57.114566803, -2.84555315971, 20.1016941071, 8.140583992, -20.9955883026, 6.69264364243, 8.0377073288, -12.4063949585, 23.0919876099, 119.181777954, 39.2510452271], [-489.475158691, -89.595375061, -14.12977314, 23.7460441589, 30.1309337616, -17.0462760925, -16.9941368103, 1.32496869564, 26.2991714478, 16.6097698212, 14.2122983932, 39.2510452271, 110.050674438]],
        "icov": [[0.000387895648601, -0.000812416023109, 0.000901958730537, -0.000682158861309, 0.0013086075196, -0.000898522557691, 0.00119476625696, -0.000879247440025, 0.000831506389659, 2.03139479709e-05, 0.00068004662171, -0.000531830883119, 0.000924548017792], [-0.000812416023109, 0.00274886051193, -0.00151823100168, 0.00188118533697, -0.00314770685509, 0.00270468788221, -0.00290808826685, 0.00256757391617, -0.00109432311729, 0.000513194885571, -0.000564450689126, 0.00195446005091, -0.00161567528266], [0.000901958730537, -0.00151823100168, 0.00388695835136, -0.00167939730454, 0.00177032197826, -0.00194349139929, 0.00164304231293, -0.00124478456564, 0.00153375125956, 0.000171289706486, 0.00280396221206, -0.00217706244439, 0.00314201787114], [-0.000682158861309, 0.00188118533697, -0.00167939730454, 0.00414083199576, -0.00248266523704, 0.00195494270884, -0.000843628135044, 0.00151544110849, -0.00156782765407, -0.000168257916812, 0.000339449499734, 0.00169594003819, -0.00202626478858], [0.0013086075196, -0.00314770685509, 0.00177032197826, -0.00248266523704, 0.00813651643693, -0.00286279548891, 0.00352892954834, -0.00283970288001, 0.00155574502423, -8.76720441738e-05, 0.00145372585393, -0.0018708788557, 0.00204965542071], [-0.000898522557691, 0.00270468788221, -0.00194349139929, 0.00195494270884, -0.00286279548891, 0.00758336624131, -0.00520340679213, 0.00218033068813, -0.000789423007518, -0.000764008669648, 0.0007017874741, 0.000537722662557, -0.00131556310225], [0.00119476625696, -0.00290808826685, 0.00164304231293, -0.000843628135044, 0.00352892954834, -0.00520340679213, 0.00947832781821, -0.00396004831418, 0.00327534484677, -0.00175593886524, 0.00049139955081, -6.99990123394e-05, 0.00252238870598], [-0.000879247440025, 0.00256757391617, -0.00124478456564, 0.00151544110849, -0.00283970288001, 0.00218033068813, -0.00396004831418, 0.0120826894417, -0.00585179403424, 0.00207698810846, -0.00128588930238, 0.00105204677675, -0.00107312470209], [0.000831506389659, -0.00109432311729, 0.00153375125956, -0.00156782765407, 0.00155574502423, -0.000789423007518, 0.00327534484677, -0.00585179403424, 0.0116294631734, -0.000445506069809, 0.00197546556592, 8.93617179827e-05, 0.000371738657122], [2.03139479709e-05, 0.000513194885571, 0.000171289706486, -0.000168257916812, -8.76720441738e-05, -0.000764008669648, -0.00175593886524, 0.00207698810846, -0.000445506069809, 0.00786810647696, 0.00120056525338, 0.00142889632843, -0.00156977807637], [0.00068004662171, -0.000564450689126, 0.00280396221206, 0.000339449499734, 0.00145372585393, 0.0007017874741, 0.00049139955081, -0.00128588930238, 0.00197546556592, 0.00120056525338, 0.01392493397, -0.00292878272012, 0.00124693650287], [-0.000531830883119, 0.00195446005091, -0.00217706244439, 0.00169594003819, -0.0018708788557, 0.000537722662557, -6.99990123394e-05, 0.00105204677675, 8.93617179827e-05, 0.00142889632843, -0.00292878272012, 0.0128043480217, -0.0052732960321], [0.000924548017792, -0.00161567528266, 0.00314201787114, -0.00202626478858, 0.00204965542071, -0.00131556310225, 0.00252238870598, -0.00107312470209, 0.000371738657122, -0.00156977807637, 0.00124693650287, -0.0052732960321, 0.0142294447869]]
    },
    "melbands": {
        "dmean": [8.73020508152e-06, 6.6352840804e-05, 0.000320893159369, 0.000300186220556, 0.000264942791546, 0.000222873684834, 0.000137765120598, 9.26719221752e-05, 0.000154721899889, 0.000107251296868, 3.59761434083e-05, 3.29595641233e-05, 3.55196971213e-05, 1.13296819109e-05, 1.65651581483e-05, 1.69421000464e-05, 9.34504078032e-06, 7.00352529748e-06, 3.40449105352e-06, 7.71673057898e-06, 7.36532410883e-06, 3.9399369598e-06, 5.78949311603e-06, 6.14027067058e-06, 1.72570344148e-06, 2.010569915e-06, 2.21165441872e-06, 1.16672106287e-06, 6.32292369573e-07, 6.75287310514e-07, 7.4999223898e-07, 8.08915558537e-07, 6.25723828307e-07, 5.29252986325e-07, 4.21961857455e-07, 2.91706612643e-07, 2.47269412057e-07, 2.1620465418e-07, 1.17616806961e-07, 7.98856660822e-08],
        "dmean2": [1.39971880344e-05, 0.000105682389403, 0.000508817611262, 0.000452817534097, 0.000374057359295, 0.000316765363095, 0.000194893407752, 0.000128307263367, 0.00019841278845, 0.000146676320583, 4.900692511e-05, 4.45010591648e-05, 4.49600229331e-05, 1.65833025676e-05, 2.2648677259e-05, 2.27861601161e-05, 1.25314627439e-05, 1.04182818177e-05, 4.95594031236e-06, 1.13627293103e-05, 1.05380977402e-05, 5.78756998948e-06, 8.84223936737e-06, 9.11851475394e-06, 2.57593978858e-06, 3.0735764085e-06, 3.33850880452e-06, 1.72381351149e-06, 8.80706068074e-07, 9.63917045738e-07, 9.86853365248e-07, 1.06261120436e-06, 8.3760033931e-07, 7.11686539034e-07, 5.70113684262e-07, 3.78315405669e-07, 3.38102410069e-07, 3.03017088754e-07, 1.57865613915e-07, 1.04961173975e-07],
        "dvar": [3.31796201625e-10, 2.02142746986e-08, 3.49648075826e-07, 2.77875415122e-07, 4.40895121301e-07, 3.38654615462e-07, 1.31671910708e-07, 6.18370989969e-08, 2.62266013351e-07, 1.80652094173e-07, 2.68460951247e-08, 1.57800421619e-08, 2.34654979892e-08, 3.05706548964e-09, 7.08617076128e-09, 1.16240652659e-08, 2.43815656553e-09, 6.44439168695e-10, 1.35318853345e-10, 1.58659874128e-09, 1.01296337984e-09, 1.50313553271e-10, 8.38358216182e-10, 2.404738908e-10, 3.6869483161e-11, 1.32054076007e-10, 6.43015918289e-11, 1.82851494362e-11, 1.51948592597e-11, 2.01864532035e-11, 1.86865072027e-11, 2.62890716141e-11, 1.94695197464e-11, 1.29907985411e-11, 6.26729354178e-12, 3.13129838898e-12, 2.94084396592e-12, 2.44663555908e-12, 4.00258466779e-13, 2.82524925763e-13],
        "dvar2": [7.74186825758e-10, 5.13057187845e-08, 8.69782695645e-07, 6.99195652487e-07, 8.54171275932e-07, 6.80265088704e-07, 2.70784198619e-07, 1.25105131588e-07, 4.04531675713e-07, 3.48393967897e-07, 4.74775347925e-08, 2.91939752373e-08, 3.95496400074e-08, 6.83669476587e-09, 1.28672477118e-08, 1.94344771387e-08, 4.17581569323e-09, 1.25576726795e-09, 2.80626466509e-10, 3.31370197948e-09, 1.74310088585e-09, 2.68965183459e-10, 2.05621408789e-09, 4.97352936613e-10, 7.84697862244e-11, 2.88146700944e-10, 1.44866854623e-10, 3.95586896573e-11, 2.87875071003e-11, 3.8820127668e-11, 3.10651782076e-11, 4.59777597939e-11, 3.59014623585e-11, 2.19956119291e-11, 1.08125045375e-11, 4.88230419635e-12, 5.40357819254e-12, 4.91735341682e-12, 6.99649539693e-13, 5.17497665813e-13],
        "max": [0.000445103272796, 0.00455142650753, 0.0130903953686, 0.0105625391006, 0.0129261966795, 0.0144801326096, 0.00672276085243, 0.00708661554381, 0.0112909656018, 0.0169552210718, 0.00513723073527, 0.0041915033944, 0.00550153292716, 0.0014788354747, 0.00417468044907, 0.0047533782199, 0.00233627506532, 0.000925498723518, 0.000446786259999, 0.00202527735382, 0.00187442055903, 0.000512150290888, 0.00151217833627, 0.000491023121867, 0.000221168244025, 0.000634567171801, 0.000344301573932, 0.0001339615701, 0.000167195146787, 0.000175166351255, 0.000158013688633, 0.00015942734899, 0.000181353752851, 0.000161254967679, 0.000117945346574, 9.92985951598e-05, 7.08957813913e-05, 5.93444383412e-05, 2.2511005227e-05, 2.2776384867e-05],
        "mean": [2.08137207665e-05, 0.000182017596671, 0.000904644199181, 0.00105115293991, 0.000889722956344, 0.000678643060382, 0.00036615022691, 0.00022759778949, 0.000383904698538, 0.000235500949202, 7.07922954462e-05, 7.4044764915e-05, 8.44161622808e-05, 2.13735038415e-05, 3.75523377443e-05, 3.61579186574e-05, 1.46030306496e-05, 1.239042831e-05, 6.12418216406e-06, 1.7439131625e-05, 1.96809432964e-05, 1.06091301859e-05, 1.36836151796e-05, 1.51025587911e-05, 3.85517068935e-06, 4.05383252655e-06, 4.79761547467e-06, 2.37152062255e-06, 1.00848376405e-06, 1.02599426555e-06, 1.17227853025e-06, 1.18816194572e-06, 9.71931967797e-07, 8.69475911713e-07, 7.38180119697e-07, 5.05568152676e-07, 3.94450665908e-07, 3.48934833028e-07, 1.90036971048e-07, 1.14454614675e-07],
        "median": [1.04323862615e-05, 7.67024466768e-05, 0.000407256942708, 0.000478969071992, 0.000272643112112, 0.00019843953487, 0.0001001842611, 6.37216580799e-05, 4.61713279947e-05, 2.4938617571e-05, 1.11760755317e-05, 9.7681695479e-06, 6.58506269247e-06, 3.34008154823e-06, 4.65459379484e-06, 4.62396292278e-06, 2.18579589273e-06, 2.28438329941e-06, 1.76799517249e-06, 2.44446073339e-06, 2.52720542449e-06, 2.17029287342e-06, 2.66131428361e-06, 2.5509527859e-06, 1.20963113659e-06, 1.36371124881e-06, 1.73383602942e-06, 7.44949659293e-07, 2.08903514931e-07, 1.01249874263e-07, 7.93711478764e-08, 6.66944686145e-08, 7.53955191612e-08, 8.34292066543e-08, 7.57959810471e-08, 4.76790376069e-08, 2.98049549485e-08, 2.03371293139e-08, 1.23379706451e-08, 7.74372388435e-09],
        "min": [7.31901154256e-25, 1.13139791812e-24, 7.00627059491e-25, 1.27712310846e-24, 1.4329680037e-24, 1.82706575423e-24, 1.83408503856e-24, 1.26532658109e-24, 1.72632446954e-24, 2.11855971947e-24, 1.84693499106e-24, 2.09714372361e-24, 2.68233415374e-24, 1.90030340345e-24, 2.43838444083e-24, 2.95328913924e-24, 2.51159132448e-24, 2.61076317039e-24, 2.0485104488e-24, 1.94807839759e-24, 2.8310904435e-24, 3.63447861672e-24, 4.07331720513e-24, 4.11839626713e-24, 2.90943892531e-24, 3.66710748148e-24, 3.80127852196e-24, 3.93469304484e-24, 4.58126158656e-24, 4.61436968432e-24, 5.71009195964e-24, 5.57240417725e-24, 4.71108482016e-24, 4.42771454452e-24, 5.11600712281e-24, 5.07841001207e-24, 5.60465320548e-24, 5.52960334554e-24, 6.58689626187e-24, 5.6173984367e-24],
        "var": [9.2417723474e-10, 7.76348159093e-08, 1.91443382391e-06, 1.82852477337e-06, 2.69541374109e-06, 2.2740082386e-06, 5.85567875078e-07, 2.38938071107e-07, 1.39008784572e-06, 6.01481019658e-07, 8.73636096799e-08, 6.99459405951e-08, 1.26916575027e-07, 8.00410049351e-09, 4.59974707212e-08, 3.66762655801e-08, 5.22862197982e-09, 1.8452811501e-09, 2.86603463184e-10, 7.80690356805e-09, 7.89820742142e-09, 8.17623801996e-10, 1.91202165212e-09, 1.1064704708e-09, 1.17849549564e-10, 2.50585996397e-10, 1.36723937727e-10, 3.96182114892e-11, 3.19465218168e-11, 4.52841548981e-11, 4.61606169955e-11, 5.62878875454e-11, 4.19358402171e-11, 2.67088625522e-11, 1.48043782094e-11, 8.07790119517e-12, 6.82320649634e-12, 4.44694281398e-12, 9.08517347725e-13, 5.11012889989e-13]
    },
    "mfcc": {
        "mean": [-737.187316895, 147.121673584, -2.85131835938, 26.4067363739, -2.74955558777, -15.8450899124, -12.8358068466, -2.55881690979, -17.6627864838, -4.99645519257, -10.1985635757, -7.36791467667, -5.91678619385],
        "cov": [[12277.6367188, 1026.98754883, -910.811096191, 281.955474854, -225.14680481, -811.038696289, -709.096069336, 91.8101654053, -565.996948242, 24.029876709, -222.705718994, -189.723632812, -175.389556885], [1026.98754883, 2262.78198242, -76.9212036133, 64.258605957, -54.961769104, -34.3760643005, 133.955490112, -31.0359630585, -110.963294983, -14.9632740021, -30.3580970764, -45.1026306152, -21.3429889679], [-910.811096191, -76.9212036133, 541.389343262, 13.1781387329, 2.72898006439, 173.4556427, 88.9816207886, 28.0432281494, 81.0626907349, -28.6202640533, 40.6952705383, 13.92735672, -15.8108148575], [281.955474854, 64.258605957, 13.1781387329, 414.28918457, 152.445068359, -72.7663879395, -123.995018005, -23.9923171997, 7.51487398148, -9.92797756195, -57.2333717346, 4.58000659943, 48.1221885681], [-225.14680481, -54.961769104, 2.72898006439, 152.445068359, 308.41519165, -50.5869979858, -109.05557251, 38.6749038696, 12.9963960648, -28.8405380249, -47.316608429, 8.56764698029, 32.7359390259], [-811.038696289, -34.3760643005, 173.4556427, -72.7663879395, -50.5869979858, 338.209075928, 175.049438477, -62.3683319092, 110.204795837, -6.63568067551, 61.1281814575, 21.521364212, -17.3321609497], [-709.096069336, 133.955490112, 88.9816207886, -123.995018005, -109.05557251, 175.049438477, 299.1434021, -2.97595191002, 48.1733894348, 18.3637943268, 58.328868866, 13.4320583344, -16.5631904602], [91.8101654053, -31.0359630585, 28.0432281494, -23.9923171997, 38.6749038696, -62.3683319092, -2.97595191002, 190.807876587, -14.1153793335, -13.0364522934, 9.85192394257, -7.8197016716, 4.76152133942], [-565.996948242, -110.963294983, 81.0626907349, 7.51487398148, 12.9963960648, 110.204795837, 48.1733894348, -14.1153793335, 190.573181152, 28.4996776581, 34.4484176636, 29.1073246002, 7.85282754898], [24.029876709, -14.9632740021, -28.6202640533, -9.92797756195, -28.8405380249, -6.63568067551, 18.3637943268, -13.0364522934, 28.4996776581, 134.954498291, 46.1157684326, -11.129860878, -26.8309326172], [-222.705718994, -30.3580970764, 40.6952705383, -57.2333717346, -47.316608429, 61.1281814575, 58.328868866, 9.85192394257, 34.4484176636, 46.1157684326, 117.756546021, 9.11682224274, -30.3045330048], [-189.723632812, -45.1026306152, 13.92735672, 4.58000659943, 8.56764698029, 21.521364212, 13.4320583344, -7.8197016716, 29.1073246002, -11.129860878, 9.11682224274, 79.1223526001, 25.445356369], [-175.389556885, -21.3429889679, -15.8108148575, 48.1221885681, 32.7359390259, -17.3321609497, -16.5631904602, 4.76152133942, 7.85282754898, -26.8309326172, -30.3045330048, 25.445356369, 101.624900818]],
