{
"lowlevel": {
    "average_loudness": 0.816876113415,
    "barkbands_crest": {
        "dmean": 2.48750925064,
        "dmean2": 3.89303851128,
        "dvar": 6.02996492386,
        "dvar2": 14.3489751816,
        "max": 26.049539566,
        "mean": 12.0802698135,
        "median": 11.0559148788,
        "min": 2.90033650398,
        "var": 24.1830539703
    },
    "barkbands_flatness_db": {
        "dmean": 0.0214585699141,
        "dmean2": 0.0313095860183,
        "dvar": 0.000447457743576,
        "dvar2": 0.000871723284945,
        "max": 0.439925968647,
        "mean": 0.19134747982,
        "median": 0.186096265912,
        "min": 0.0514760129154,
        "var": 0.00308771640994
    },
    "barkbands_kurtosis": {
        "dmean": 4.6793050766,
        "dmean2": 7.06140327454,
        "dvar": 65.6245269775,
        "dvar2": 143.163726807,
        "max": 189.911315918,
        "mean": 10.0527992249,
        "median": 5.24839019775,
        "min": -1.91414785385,
        "var": 240.2552948
    },
    "barkbands_skewness": {
        "dmean": 0.587682664394,
        "dmean2": 0.872800290585,
        "dvar": 0.424525588751,
        "dvar2": 0.911762177944,
        "max": 11.2203474045,
        "mean": 2.30820226669,
        "median": 2.0775077343,
        "min": -5.76124572754,
        "var": 2.37193346024
    },
    "barkbands_spread": {
        "dmean": 3.75299715996,
        "dmean2": 5.60705804825,
        "dvar": 27.54845047,
        "dvar2": 58.9151725769,
        "max": 137.572128296,
        "mean": 13.6108503342,
        "median": 11.7201728821,
        "min": 0.462009608746,
        "var": 92.2887878418
    },
    "dissonance": {
        "dmean": 0.0213022343814,
        "dmean2": 0.035219874233,
        "dvar": 0.000396592222387,
        "dvar2": 0.00106915447395,
        "max": 0.499999850988,
        "mean": 0.4501285851,
        "median": 0.457597613335,
        "min": 0.249932736158,
        "var": 0.0010773340473
    },
    "dynamic_complexity": 3.59175205231,
    "erbbands_crest": {
        "dmean": 2.72229552269,
        "dmean2": 4.2524433136,
        "dvar": 7.18414068222,
        "dvar2": 16.8968696594,
        "max": 31.041343689,
        "mean": 10.2482204437,
        "median": 8.7478055954,
        "min": 2.5978782177,
        "var": 28.1085262299
    },
    "erbbands_flatness_db": {
        "dmean": 0.0155381122604,
        "dmean2": 0.0226395614445,
        "dvar": 0.000220709756832,
        "dvar2": 0.000457180343801,
        "max": 0.341998904943,
        "mean": 0.181908130646,
        "median": 0.179615437984,
        "min": 0.0509561896324,
        "var": 0.00152105407324
    },
    "erbbands_kurtosis": {
        "dmean": 1.21529722214,
        "dmean2": 1.88871264458,
        "dvar": 4.92985153198,
        "dvar2": 10.7359399796,
        "max": 55.0448265076,
        "mean": 0.920171380043,
        "median": -0.120232582092,
        "min": -1.77672493458,
        "var": 12.1474018097
    },
    "erbbands_skewness": {
        "dmean": 0.386880457401,
        "dmean2": 0.577957928181,
        "dvar": 0.157451301813,
        "dvar2": 0.331095695496,
        "max": 6.24447917938,
        "mean": 0.75515049696,
        "median": 0.638531684875,
        "min": -3.95635533333,
        "var": 0.728162944317
    },
    "erbbands_spread": {
        "dmean": 7.54769563675,
        "dmean2": 11.561630249,
        "dvar": 63.2813224792,
        "dvar2": 147.760421753,
        "max": 125.924079895,
        "mean": 38.8922729492,
        "median": 38.2180709839,
        "min": 3.05429387093,
        "var": 264.250732422
    },
    "hfc": {
        "dmean": 3.78987050056,
        "dmean2": 5.32779550552,
        "dvar": 48.0949859619,
        "dvar2": 89.2364425659,
        "max": 353.844146729,
        "mean": 14.1863212585,
        "median": 11.6651077271,
        "min": 1.02770335437e-16,
        "var": 181.7605896
    },
    "melbands_crest": {
        "dmean": 3.01147484779,
        "dmean2": 4.69895982742,
        "dvar": 8.78468608856,
        "dvar2": 21.163143158,
        "max": 34.6833000183,
        "mean": 15.7277498245,
        "median": 15.0772151947,
        "min": 1.57251381874,
        "var": 32.3050270081
    },
    "melbands_flatness_db": {
        "dmean": 0.0249656960368,
        "dmean2": 0.0354922451079,
        "dvar": 0.000645991589408,
        "dvar2": 0.00123219960369,
        "max": 0.555731832981,
        "mean": 0.24587790668,
        "median": 0.241507485509,
        "min": 0.00352507666685,
        "var": 0.00557810347527
    },
    "melbands_kurtosis": {
        "dmean": 9.48431491852,
        "dmean2": 14.3601484299,
        "dvar": 243.915557861,
        "dvar2": 542.47479248,
        "max": 313.448455811,
        "mean": 22.8698139191,
        "median": 13.5794639587,
        "min": -1.64700043201,
        "var": 828.357849121
    },
    "melbands_skewness": {
        "dmean": 0.774589836597,
        "dmean2": 1.15830922127,
        "dvar": 0.723075568676,
        "dvar2": 1.61491715908,
        "max": 15.223982811,
        "mean": 3.2965285778,
        "median": 2.95987701416,
        "min": -2.48263859749,
        "var": 3.62377238274
    },
    "melbands_spread": {
        "dmean": 4.22830438614,
        "dmean2": 6.3492193222,
        "dvar": 52.2687568665,
        "dvar2": 98.8286209106,
        "max": 184.268722534,
        "mean": 14.7397947311,
        "median": 11.0515193939,
        "min": 0.423436373472,
        "var": 312.774414062
    },
    "pitch_salience": {
        "dmean": 0.0701139271259,
        "dmean2": 0.111323133111,
        "dvar": 0.00445841765031,
        "dvar2": 0.0107583291829,
        "max": 0.868262052536,
        "mean": 0.509533584118,
        "median": 0.519979000092,
        "min": 0.0681764408946,
        "var": 0.0174187067896
    },
    "silence_rate_20dB": {
        "dmean": 0,
        "dmean2": 0,
        "dvar": 0,
        "dvar2": 0,
        "max": 1,
        "mean": 1,
        "median": 1,
        "min": 1,
        "var": 0
    },
    "silence_rate_30dB": {
        "dmean": 0.00352542381734,
        "dmean2": 0.0070518036373,
        "dvar": 0.00351340859197,
        "dvar2": 0.00808686763048,
        "max": 1,
        "mean": 0.995797157288,
        "median": 1,
        "min": 0,
        "var": 0.00418503955007
    },
    "silence_rate_60dB": {
        "dmean": 0.0154576273635,
        "dmean2": 0.0309194475412,
        "dvar": 0.0152167277411,
        "dvar2": 0.0348491705954,
        "max": 1,
        "mean": 0.0791757032275,
        "median": 0,
        "min": 0,
        "var": 0.0729095861316
    },
    "spectral_centroid": {
        "dmean": 185.03453064,
        "dmean2": 276.389038086,
        "dvar": 70820.9375,
        "dvar2": 137278.640625,
        "max": 11669.0957031,
        "mean": 1029.31506348,
        "median": 821.593261719,
        "min": 139.724655151,
        "var": 1525259
    },
    "spectral_complexity": {
        "dmean": 2.59308481216,
        "dmean2": 4.04393815994,
        "dvar": 7.38696432114,
        "dvar2": 15.7903928757,
        "max": 45,
        "mean": 14.2349510193,
        "median": 14,
        "min": 0,
        "var": 54.1548309326
    },
    "spectral_decrease": {
        "dmean": 1.95103111444e-09,
        "dmean2": 2.82771073223e-09,
        "dvar": 6.04783013265e-18,
        "dvar2": 1.26995294094e-17,
        "max": 2.32262023505e-28,
        "mean": -7.89302223581e-09,
        "median": -6.96247814957e-09,
        "min": -4.87141349481e-08,
        "var": 3.39691810148e-17
    },
    "spectral_energy": {
        "dmean": 0.00761405844241,
        "dmean2": 0.011035984382,
        "dvar": 9.11777460715e-05,
        "dvar2": 0.000190989259863,
        "max": 0.188777655363,
        "mean": 0.0310768056661,
        "median": 0.0275704152882,
        "min": 1.00466303741e-20,
        "var": 0.000516997184604
    },
    "spectral_energyband_high": {
        "dmean": 0.000162703086971,
        "dmean2": 0.000217030756176,
        "dvar": 5.9397939367e-07,
        "dvar2": 1.02121009604e-06,
        "max": 0.049270581454,
        "mean": 0.000325423316099,
        "median": 0.000129398686113,
        "min": 7.02195883818e-21,
        "var": 1.20904064715e-06
    },
    "spectral_energyband_low": {
        "dmean": 0.00348351127468,
        "dmean2": 0.00516568403691,
        "dvar": 4.25887701567e-05,
        "dvar2": 9.04830740183e-05,
        "max": 0.107294902205,
        "mean": 0.0112131852657,
        "median": 0.00526031758636,
        "min": 7.34161842256e-24,
        "var": 0.000202861629077
    },
    "spectral_energyband_middle_high": {
        "dmean": 0.00142974557821,
        "dmean2": 0.00217068870552,
        "dvar": 9.20990805753e-06,
        "dvar2": 1.94204149011e-05,
        "max": 0.126232787967,
        "mean": 0.00359962065704,
        "median": 0.00206305552274,
        "min": 1.23186630742e-21,
        "var": 2.8232087061e-05
    },
    "spectral_energyband_middle_low": {
        "dmean": 0.00601371191442,
        "dmean2": 0.00894783250988,
        "dvar": 7.28501690901e-05,
        "dvar2": 0.000166809200891,
        "max": 0.174523547292,
        "mean": 0.0168922301382,
        "median": 0.012898998335,
        "min": 1.41365350963e-22,
        "var": 0.000254924583714
    },
    "spectral_entropy": {
        "dmean": 0.17219774425,
        "dmean2": 0.249345034361,
        "dvar": 0.0314014963806,
        "dvar2": 0.0602313950658,
        "max": 9.82138633728,
        "mean": 7.22014904022,
        "median": 7.21787023544,
        "min": 5.08361673355,
        "var": 0.258127480745
    },
    "spectral_flux": {
        "dmean": 0.0206128805876,
        "dmean2": 0.0326343551278,
        "dvar": 0.000553638325073,
        "dvar2": 0.00130735896528,
        "max": 0.322401583195,
        "mean": 0.0685384422541,
        "median": 0.062733143568,
        "min": 6.41899103315e-11,
        "var": 0.00168365251739
    },
    "spectral_kurtosis": {
        "dmean": 1.94948017597,
        "dmean2": 3.32225871086,
        "dvar": 4.0985250473,
        "dvar2": 11.6107282639,
        "max": 44.3297080994,
        "mean": 4.7534532547,
        "median": 4.06613874435,
        "min": -1.26450753212,
        "var": 10.4844245911
    },
    "spectral_rms": {
        "dmean": 0.000655166688375,
        "dmean2": 0.000931943999603,
        "dvar": 5.249293622e-07,
        "dvar2": 1.04880894014e-06,
        "max": 0.0135710472241,
        "mean": 0.00504536833614,
        "median": 0.00518632493913,
        "min": 3.13074913216e-12,
        "var": 4.86300086777e-06
    },
    "spectral_rolloff": {
        "dmean": 258.416900635,
        "dmean2": 430.891906738,
        "dvar": 359547.46875,
        "dvar2": 731149.25,
        "max": 19724.4140625,
        "mean": 1008.94158936,
        "median": 538.330078125,
        "min": 21.533203125,
        "var": 4852611.5
    },
    "spectral_skewness": {
        "dmean": 0.234480679035,
        "dmean2": 0.381140500307,
        "dvar": 0.0459082014859,
        "dvar2": 0.116356022656,
        "max": 5.59709978104,
        "mean": 1.58093774319,
        "median": 1.54023134708,
        "min": -0.167568147182,
        "var": 0.252156704664
    },
    "spectral_spread": {
        "dmean": 409662.75,
        "dmean2": 633906.0625,
        "dvar": 502151708672,
        "dvar2": 1.08180615987e+12,
        "max": 46679220,
        "mean": 4367081,
        "median": 3647262,
        "min": 1378170.625,
        "var": 1.84255166546e+13
    },
    "spectral_strongpeak": {
        "dmean": 0.384166508913,
        "dmean2": 0.622126281261,
        "dvar": 0.411370187998,
        "dvar2": 0.980650544167,
        "max": 12.2867412567,
        "mean": 0.95932507515,
        "median": 0.631876409054,
        "min": 0,
        "var": 0.976132929325
    },
    "zerocrossingrate": {
        "dmean": 0.00715327076614,
        "dmean2": 0.00841043610126,
        "dvar": 0.00011599080608,
        "dvar2": 0.000157297530677,
        "max": 0.52587890625,
        "mean": 0.0438989065588,
        "median": 0.03369140625,
        "min": 0.00341796875,
        "var": 0.0033478026744
    },
    "barkbands": {
        "dmean": [1.13875757961e-05, 0.0021012108773, 0.00176396488678, 0.00112714862917, 0.00311211775988, 0.00189500686247, 0.00122030591592, 0.000650393601973, 0.000821139721666, 0.000599050370511, 0.00042215018766, 0.000210225116462, 0.000288574316073, 0.000183256488526, 0.00016196622164, 8.8972854428e-05, 0.00011218401778, 9.196317842e-05, 8.12626021798e-05, 6.41247243038e-05, 2.78074639937e-05, 5.7272543927e-05, 4.96177817695e-05, 1.77361198439e-05, 1.53483488248e-05, 6.72421947456e-07, 8.80969874828e-09],
        "dmean2": [1.91874296434e-05, 0.00323583418503, 0.00265180761926, 0.00187249435112, 0.00472867302597, 0.00282590580173, 0.00184034998529, 0.000987272826023, 0.00121443299577, 0.000889360730071, 0.000688740925398, 0.00034811484511, 0.000457216810901, 0.000285751302727, 0.000264811154921, 0.000146621168824, 0.000180761184311, 0.000149891100591, 0.000127470979351, 9.91497508949e-05, 4.06073886552e-05, 8.39292479213e-05, 6.95070630172e-05, 2.56550520135e-05, 2.2682828785e-05, 1.12096608973e-06, 1.46976368853e-08],
        "dvar": [5.04565000892e-10, 1.99205005629e-05, 1.30448624986e-05, 5.0658040891e-06, 3.57197168341e-05, 1.55319958139e-05, 1.04565006041e-05, 4.45990190201e-06, 8.25686493044e-06, 4.29906185673e-06, 3.09083725369e-06, 2.3891584533e-07, 5.56934196538e-07, 3.99980905286e-07, 1.56748356517e-07, 3.58164022884e-08, 4.68663685638e-08, 3.72662576353e-08, 3.51655380371e-08, 1.95773157685e-08, 8.77093953022e-09, 4.68026932765e-08, 1.47775352843e-07, 2.5638760448e-08, 2.34717467684e-09, 1.01054997703e-11, 4.69087312058e-15],
        "dvar2": [1.4239621704e-09, 4.65654993604e-05, 2.99836265185e-05, 1.40254323924e-05, 8.36747931316e-05, 3.29098766088e-05, 2.52487643593e-05, 9.55831546889e-06, 1.73699881998e-05, 8.51553340908e-06, 6.90481192578e-06, 6.20186483502e-07, 1.30274929688e-06, 9.43889801874e-07, 4.03908956059e-07, 8.97881449191e-08, 1.15079934915e-07, 8.49913774914e-08, 8.40403089342e-08, 4.33508766662e-08, 1.53183243867e-08, 9.38277580076e-08, 2.84745453882e-07, 5.22550713811e-08, 4.83881246183e-09, 2.64098205111e-11, 1.17204906059e-14],
        "max": [0.000316789402859, 0.0822845697403, 0.0591523163021, 0.0378235280514, 0.148524582386, 0.0995996370912, 0.0938402637839, 0.0700147673488, 0.107804730535, 0.1118253842, 0.0988771617413, 0.0123898377642, 0.0215586218983, 0.0264237821102, 0.0097464164719, 0.00498293573037, 0.0062184180133, 0.00846841558814, 0.0105784712359, 0.00561620807275, 0.00370996678248, 0.00890643894672, 0.0270757582039, 0.00975993368775, 0.00167254847474, 0.000127881066874, 3.88462240153e-06],
        "mean": [1.71774590854e-05, 0.00603423407301, 0.0042985342443, 0.00193056103308, 0.00609238212928, 0.00392855936661, 0.0024907651823, 0.00102403084747, 0.0013008355163, 0.00100543582812, 0.000571037002373, 0.00029120783438, 0.000446454243502, 0.000268337898888, 0.00024437965476, 0.000144196383189, 0.000207927630981, 0.000179428214324, 0.000182912001037, 0.000142951234011, 5.62280474696e-05, 8.96155033843e-05, 8.00178968348e-05, 2.71608932962e-05, 2.17228825932e-05, 7.63768468914e-07, 9.3283407665e-09],
        "median": [4.58097156297e-06, 0.00165537907742, 0.00208726944402, 0.000698500138242, 0.00264550256543, 0.00130448909476, 0.000582972250413, 0.000194225853193, 0.000282351771602, 0.000206011667615, 0.000106541483547, 9.53543494688e-05, 0.000101848869235, 6.31497678114e-05, 0.000103140977444, 5.8355537476e-05, 0.000100090677734, 9.41332182265e-05, 9.96113376459e-05, 6.50859146845e-05, 2.77492690657e-05, 2.54718688666e-05, 1.88243775483e-05, 7.77271998231e-06, 3.96062341679e-06, 1.68468432094e-07, 3.0379889715e-09],
        "min": [1.1915130141e-25, 2.5761988354e-24, 7.13716924314e-25, 2.54650167358e-25, 6.97385383512e-24, 7.15852853962e-24, 8.25625609937e-24, 5.97917635872e-24, 2.48927866987e-23, 2.44375950238e-23, 1.96905898167e-23, 2.56099401477e-23, 2.29379625543e-23, 3.8717249052e-23, 3.21285123777e-23, 5.30418713074e-23, 5.87352319216e-23, 7.79123458642e-23, 1.20808872707e-22, 1.89836953461e-22, 2.51041010782e-22, 3.02480522575e-22, 4.22594831654e-22, 5.92902807654e-22, 8.42527074738e-22, 1.33225747828e-21, 1.82307416222e-21],
        "var": [8.18811074499e-10, 9.74734866759e-05, 4.04675847676e-05, 1.05099961729e-05, 0.000103254795249, 6.20112259639e-05, 2.99460953102e-05, 1.0524665413e-05, 1.74102315214e-05, 1.02681615317e-05, 5.24104143551e-06, 4.13459559923e-07, 1.05842241283e-06, 6.68136010518e-07, 2.08005033642e-07, 7.53762208205e-08, 1.17402883859e-07, 1.01858319113e-07, 9.59716004445e-08, 5.63618200999e-08, 2.03884571448e-08, 8.27824422345e-08, 2.27971497679e-07, 4.49471428965e-08, 3.91883014927e-09, 9.0117887111e-12, 4.1498947765e-15]
    },
    "erbbands": {
        "dmean": [0.0281084775925, 0.587833583355, 2.1105287075, 2.35173630714, 6.86614227295, 11.6372804642, 14.9134654999, 14.7382698059, 15.3829250336, 18.31224823, 14.3820495605, 18.2193813324, 14.6038751602, 18.9459095001, 14.0734395981, 7.42204093933, 12.2457847595, 8.81170082092, 8.67050743103, 7.13390445709, 4.94472646713, 5.91407632828, 5.37829589844, 4.01697349548, 3.73763751984, 2.95842885971, 1.22397994995, 1.20309901237, 2.39362311363, 1.2863997221, 1.63727831841, 0.584824502468, 0.216922342777, 0.13673967123, 0.14408044517, 0.00925967283547, 0.00106082926504, 6.56678457744e-05, 5.86170745009e-06, 8.72019973031e-06],
        "dmean2": [0.0449436418712, 0.899170935154, 3.11368751526, 3.79997467995, 11.0054349899, 17.7922515869, 22.2425918579, 21.5549430847, 23.219997406, 27.6400928497, 20.9847812653, 27.2002067566, 21.8043441772, 28.6755542755, 23.1477241516, 12.0621261597, 19.4055862427, 13.7841186523, 13.6557321548, 11.7216062546, 8.08781814575, 9.54001426697, 8.73521900177, 6.39595746994, 5.83375358582, 4.60286903381, 1.81705677509, 1.7367272377, 3.5671749115, 1.83157348633, 2.33509683609, 0.814063489437, 0.305872291327, 0.196090295911, 0.218920558691, 0.0141804013401, 0.00170525035355, 0.000100870151073, 8.32807472761e-06, 1.25396582007e-05],
        "dvar": [0.00374067900702, 1.53095507622, 18.3769130707, 20.4793243408, 185.622039795, 632.946655273, 982.054626465, 1097.05029297, 2031.52368164, 2594.59960938, 2452.84375, 4484.45361328, 1633.43481445, 4808.19677734, 2571.89501953, 247.196975708, 1052.9864502, 655.591247559, 633.368286133, 330.395935059, 96.5126266479, 125.45904541, 120.921684265, 110.233718872, 59.4746437073, 40.5030479431, 11.0573663712, 21.6216983795, 82.5688476562, 63.2697067261, 152.600463867, 34.0966491699, 1.68226706982, 0.22754471004, 0.30017799139, 0.00108986115083, 2.43719532591e-05, 1.58775932846e-07, 2.03190519965e-10, 1.19951992783e-10],
        "dvar2": [0.00951699446887, 3.49651145935, 39.9811782837, 54.4294776917, 485.498687744, 1468.7668457, 2032.12121582, 2115.07421875, 4879.65576172, 6402.46582031, 5105.60009766, 9559.13769531, 3431.55102539, 9726.96875, 5865.2265625, 623.60345459, 2485.09936523, 1600.11743164, 1452.07214355, 856.665039062, 239.388702393, 313.74822998, 276.998138428, 278.102355957, 122.511260986, 95.7108230591, 21.320602417, 38.3575668335, 180.126235962, 116.215858459, 305.897857666, 64.9168624878, 2.72785639763, 0.386019796133, 0.674807310104, 0.00251327967271, 6.33584786556e-05, 3.69127917565e-07, 4.27290230975e-10, 2.48055465057e-10],
        "max": [1.30663299561, 22.6805000305, 62.7773208618, 87.241859436, 187.898864746, 604.910705566, 1219.43945312, 1060.45751953, 1288.14208984, 1153.16564941, 2303.81347656, 2468.66577148, 1261.80651855, 4290.83349609, 2830.10424805, 328.628845215, 1022.64630127, 880.836486816, 986.676025391, 432.893585205, 260.265625, 266.571655273, 456.152313232, 618.51763916, 287.964172363, 184.123336792, 115.890098572, 200.305221558, 264.100280762, 570.358947754, 845.733459473, 366.045623779, 80.5359344482, 29.4068546295, 14.8609876633, 0.694864928722, 0.179468229413, 0.0234999917448, 0.000832978810649, 0.000262193294475],
        "mean": [0.0784782990813, 1.68909657001, 5.44590425491, 5.29482126236, 11.7969551086, 22.4373588562, 30.2791252136, 31.6389598846, 32.08152771, 34.3579826355, 23.9419002533, 29.380147934, 23.8719902039, 32.458190918, 20.3717975616, 11.5788345337, 19.8157310486, 14.4937677383, 13.4765424728, 10.8679971695, 8.7595281601, 11.6481676102, 11.043261528, 9.12383556366, 8.94810390472, 6.8254699707, 2.72417855263, 2.33448529243, 3.57886958122, 2.22446060181, 2.53689360619, 0.894852340221, 0.355322688818, 0.212290778756, 0.186107382178, 0.0118627762422, 0.00126736995298, 9.20875900192e-05, 1.95609572984e-05, 3.59336627298e-05],
        "median": [0.0216330401599, 0.486638486385, 2.5797226429, 2.7718539238, 5.67527770996, 8.21911621094, 10.6401767731, 11.2701377869, 9.97326087952, 8.75259208679, 6.50290489197, 7.24243354797, 7.26589584351, 8.16498565674, 6.18931341171, 4.58148574829, 5.14380025864, 3.7362678051, 4.6418390274, 5.0397400856, 4.01212739944, 5.86725234985, 6.01547145844, 5.59695196152, 4.64920139313, 3.14405918121, 1.42589378357, 0.990929722786, 0.861653089523, 0.781237006187, 0.455967485905, 0.187040954828, 0.115023002028, 0.0556259676814, 0.0199673138559, 0.00229728268459, 0.000307859387249, 3.08435919578e-05, 1.67260914168e-05, 3.2323961932e-05],
        "min": [1.12067637545e-22, 4.65524212976e-22, 1.11490941096e-21, 1.48167626605e-21, 1.1929681997e-20, 1.4796553483e-20, 3.28574653935e-20, 6.43589297314e-20, 1.0313152168e-19, 1.59893236925e-19, 3.32638198081e-19, 5.08073253987e-19, 5.28222960118e-19, 7.72289992779e-19, 1.1697636671e-18, 1.26660955962e-18, 1.26282365736e-18, 2.44645035453e-18, 2.64941524784e-18, 2.76960107533e-18, 3.94750854235e-18, 3.86563006942e-18, 4.83048869108e-18, 6.45881854231e-18, 7.27982714672e-18, 7.88016422963e-18, 9.36702468941e-18, 9.84981775292e-18, 1.06050096639e-17, 1.08485101296e-17, 1.26969155187e-17, 1.0395747031e-17, 1.01142748394e-17, 9.20814066454e-18, 5.80770166877e-18, 3.96911780868e-18, 2.46297783676e-18, 8.56525930458e-19, 2.49310401316e-19, 2.64255512883e-20],
        "var": [0.0165555104613, 7.38366127014, 58.8498382568, 53.2630081177, 292.348754883, 2216.44848633, 3656.92675781, 4406.23144531, 5451.92089844, 6789.00683594, 4669.00585938, 9118.00097656, 3578.40576172, 10614.7763672, 4089.62353516, 433.117248535, 2038.8079834, 1330.37878418, 1006.22741699, 399.79486084, 218.357513428, 317.883758545, 330.822509766, 264.835845947, 198.50869751, 115.050788879, 27.6536197662, 48.1351699829, 131.683456421, 98.2381057739, 232.412536621, 63.4852333069, 3.54483509064, 0.501305937767, 0.410748660564, 0.00140731246211, 2.13982639252e-05, 1.59736785577e-07, 4.01172650655e-10, 6.72083499964e-10]
    },
    "gfcc": {
        "mean": [-54.1477546692, 128.254989624, -122.460128784, 44.4888267517, -65.9211730957, 5.71410369873, -37.8318443298, 2.1953728199, -20.2241001129, -10.4421043396, -6.40601682663, -7.2858247757, -3.96415281296],
        "cov": [[24618.5, 1998.19470215, -2393.19384766, 896.338867188, -1210.7791748, 308.669219971, -693.843261719, 11.3269319534, -303.911560059, -221.570175171, -60.8185653687, -137.819595337, -14.2146701813], [1998.19470215, 1132.84729004, -142.823318481, 116.640785217, 209.561325073, -112.125480652, 216.548904419, -26.0164585114, 91.4020233154, -97.6779327393, 133.677871704, -127.036308289, 22.9181194305], [-2393.19384766, -142.823318481, 885.867736816, 80.6449584961, 303.863861084, 128.697372437, 101.911613464, 92.2886581421, 78.5622177124, 63.1606216431, -23.1868629456, 99.645401001, 8.82952404022], [896.338867188, 116.640785217, 80.6449584961, 368.744476318, 120.405220032, 22.3681030273, 6.05380964279, 21.2502441406, 44.5938186646, -28.4121360779, 16.744966507, -8.90672492981, 20.7365894318], [-1210.7791748, 209.561325073, 303.863861084, 120.405220032, 394.884216309, 41.9061508179, 181.561416626, 34.3726158142, 97.0737380981, 1.79963386059, 51.0947608948, -20.1179599762, 21.9525737762], [308.669219971, -112.125480652, 128.697372437, 22.3681030273, 41.9061508179, 290.96685791, 56.5057258606, 52.7285079956, 8.09868812561, 56.4029922485, -30.2520236969, 30.5687103271, -31.3721160889], [-693.843261719, 216.548904419, 101.911613464, 6.05380964279, 181.561416626, 56.5057258606, 294.983520508, 49.949306488, 75.3595504761, 7.11501502991, 78.6800537109, -37.2916564941, -13.5010232925], [11.3269319534, -26.0164585114, 92.2886581421, 21.2502441406, 34.3726158142, 52.7285079956, 49.949306488, 130.842376709, 32.5655822754, 36.8010482788, -3.18920922279, 25.4965648651, -9.31708621979], [-303.911560059, 91.4020233154, 78.5622177124, 44.5938186646, 97.0737380981, 8.09868812561, 75.3595504761, 32.5655822754, 144.14755249, 37.5517158508, 36.9992408752, -20.3027057648, 4.12103223801], [-221.570175171, -97.6779327393, 63.1606216431, -28.4121360779, 1.79963386059, 56.4029922485, 7.11501502991, 36.8010482788, 37.5517158508, 129.707519531, 16.2260513306, 14.1777095795, -30.3913116455], [-60.8185653687, 133.677871704, -23.1868629456, 16.744966507, 51.0947608948, -30.2520236969, 78.6800537109, -3.18920922279, 36.9992408752, 16.2260513306, 112.494873047, -5.11541652679, 10.1347236633], [-137.819595337, -127.036308289, 99.645401001, -8.90672492981, -20.1179599762, 30.5687103271, -37.2916564941, 25.4965648651, -20.3027057648, 14.1777095795, -5.11541652679, 113.256980896, 36.2407913208], [-14.2146701813, 22.9181194305, 8.82952404022, 20.7365894318, 21.9525737762, -31.3721160889, -13.5010232925, -9.31708621979, 4.12103223801, -30.3913116455, 10.1347236633, 36.2407913208, 93.2948455811]],
        "icov": [[0.000190830629435, -0.000556934275664, 0.000364112056559, -0.000548024429008, 0.000584856083151, -0.000597992155235, 0.000456573237898, -0.000356068718247, 0.000182287738426, -0.000118001269584, 0.00011737580644, -0.000195102300495, -3.84086415579e-05], [-0.000556934275664, 0.00310070137493, -0.000791198341176, 0.00141935481224, -0.00218554073945, 0.00197393726557, -0.00179318268783, 0.00096033414593, -0.000837008235976, 0.00131901155692, -0.00139727583155, 0.00151585915592, -4.31118205597e-05], [0.000364112056559, -0.000791198341176, 0.00292303273454, -0.00109752558637, -0.000823016976938, -0.00113752577454, 0.00069199380232, -0.000860215048306, -0.000127999344841, -0.000607737980317, 0.00140749593265, -0.00263392645866, 0.00072046497371], [-0.000548024429008, 0.00141935481224, -0.00109752558637, 0.00506988726556, -0.00282564084046, 0.000995391164906, 0.000263052555965, 9.96903327177e-05, -0.00129004113842, 0.00175487704109, -0.00136851612478, 0.00108714727685, -5.25514624314e-05], [0.000584856083151, -0.00218554073945, -0.000823016976938, -0.00282564084046, 0.00791973713785, -0.00197075214237, -0.000957197567914, -0.000513038539793, -0.000374268885935, -0.000399217999075, 9.7866060969e-05, 0.00110892590601, -0.00193897099234], [-0.000597992155235, 0.00197393726557, -0.00113752577454, 0.000995391164906, -0.00197075214237, 0.00680014258251, -0.00331319775432, 0.000941938837059, -4.62983334728e-05, -0.001594524947, 0.00209167576395, -0.0010677119717, 0.00134555529803], [0.000456573237898, -0.00179318268783, 0.00069199380232, 0.000263052555965, -0.000957197567914, -0.00331319775432, 0.00883427169174, -0.00343629484996, -0.000544222770259, 0.00184718973469, -0.00435283407569, 0.00153866061009, 0.000933403964154], [-0.000356068718247, 0.00096033414593, -0.000860215048306, 9.96903327177e-05, -0.000513038539793, 0.000941938837059, -0.00343629484996, 0.0112811280414, -0.00191723194439, -0.00200269185007, 0.0023634028621, -0.00296653807163, 0.00116381852422], [0.000182287738426, -0.000837008235976, -0.000127999344841, -0.00129004113842, -0.000374268885935, -4.62983334728e-05, -0.000544222770259, -0.00191723194439, 0.0109813436866, -0.00382556929253, -0.000989076914266, 0.00263549038209, -0.00231308187358], [-0.000118001269584, 0.00131901155692, -0.000607737980317, 0.00175487704109, -0.000399217999075, -0.001594524947, 0.00184718973469, -0.00200269185007, -0.00382556929253, 0.0130115933716, -0.00461042718962, -0.000377435528208, 0.00400555739179], [0.00011737580644, -0.00139727583155, 0.00140749593265, -0.00136851612478, 9.7866060969e-05, 0.00209167576395, -0.00435283407569, 0.0023634028621, -0.000989076914266, -0.00461042718962, 0.0156220635399, -0.00391656067222, -0.0008152705268], [-0.000195102300495, 0.00151585915592, -0.00263392645866, 0.00108714727685, 0.00110892590601, -0.0010677119717, 0.00153866061009, -0.00296653807163, 0.00263549038209, -0.000377435528208, -0.00391656067222, 0.017113449052, -0.00754973012954], [-3.84086415579e-05, -4.31118205597e-05, 0.00072046497371, -5.25514624314e-05, -0.00193897099234, 0.00134555529803, 0.000933403964154, 0.00116381852422, -0.00231308187358, 0.00400555739179, -0.0008152705268, -0.00754973012954, 0.0162552520633]]
    },
    "melbands": {
        "dmean": [0.000416311901063, 0.000969687651377, 0.000500480295159, 0.000692986068316, 0.000510647660121, 0.000335913849995, 0.000233793092775, 0.000190219347132, 0.000129568739794, 0.000107263404061, 7.69904436311e-05, 8.21041685413e-05, 5.74771402171e-05, 2.49360218731e-05, 2.64904483629e-05, 2.41380384978e-05, 1.6636786313e-05, 1.56782571139e-05, 1.14606773423e-05, 6.95947937857e-06, 5.98535871177e-06, 6.17390696789e-06, 6.97312270859e-06, 4.64201639261e-06, 3.44184149981e-06, 3.13833083965e-06, 2.95966538033e-06, 1.87890270809e-06, 8.98613791378e-07, 6.75447608955e-07, 7.67009169067e-07, 1.32020761612e-06, 1.1960557913e-06, 6.48259344871e-07, 9.54492293204e-07, 7.07448691628e-07, 2.87837366386e-07, 1.5821402144e-07, 1.2618755818e-07, 1.11042425033e-07],
        "dmean2": [0.000651425856631, 0.00143119797576, 0.000806293683127, 0.00108150241431, 0.000753216678277, 0.000494183215778, 0.000352016795659, 0.000288029870717, 0.000189207494259, 0.000160470735864, 0.000114945425594, 0.000123785823234, 9.35772477533e-05, 4.14972273575e-05, 4.23106648668e-05, 3.79662669729e-05, 2.61678414972e-05, 2.45265709964e-05, 1.87837886187e-05, 1.13887836051e-05, 9.86460509012e-06, 1.00617708085e-05, 1.13045371108e-05, 7.61802357374e-06, 5.53923700863e-06, 4.97013388667e-06, 4.66381698061e-06, 2.97339238386e-06, 1.36497260428e-06, 1.03557840703e-06, 1.14293902698e-06, 1.9663839339e-06, 1.81344023531e-06, 9.49452839905e-07, 1.37089966756e-06, 9.83622157946e-07, 4.29638873811e-07, 2.32763383679e-07, 1.83305729706e-07, 1.67667550954e-07],
        "dvar": [7.98477515218e-07, 3.69716894966e-06, 8.35832395296e-07, 2.13731755139e-06, 1.03026684428e-06, 5.27705253717e-07, 4.26187796165e-07, 2.63608257001e-07, 2.22484246137e-07, 1.38591545351e-07, 4.8508805861e-08, 9.10690545197e-08, 5.59599016015e-08, 4.07330302821e-09, 4.6910724194e-09, 3.85223630772e-09, 2.66048161279e-09, 2.82491807724e-09, 1.03549802066e-09, 2.87221635364e-10, 1.44713643846e-10, 1.50218046335e-10, 2.16617432325e-10, 8.6972394564e-11, 9.69281391261e-11, 4.1468904699e-11, 4.56772467072e-11, 1.82598398207e-11, 5.57513410437e-12, 5.43167854444e-12, 8.73675350815e-12, 2.26760572125e-11, 2.38772682182e-11, 2.42309731308e-11, 4.88432558288e-11, 4.09190806239e-11, 8.24704367297e-12, 8.70971643332e-13, 3.44490495158e-13, 1.42241619416e-13],
        "dvar2": [1.95672578229e-06, 7.85074917076e-06, 2.27889881899e-06, 5.34212267667e-06, 2.0382810817e-06, 1.04259254385e-06, 1.03419290554e-06, 6.41248448119e-07, 4.57648070551e-07, 2.96648551057e-07, 1.00452972163e-07, 1.82042242614e-07, 1.22675146486e-07, 1.06834541214e-08, 1.10365334649e-08, 9.15096354248e-09, 6.57776322299e-09, 6.44004050088e-09, 2.75677347616e-09, 7.23497151078e-10, 3.68738845014e-10, 3.86004977981e-10, 5.04926878087e-10, 2.11487410917e-10, 2.5879323684e-10, 8.49968359584e-11, 1.02262268098e-10, 4.50554628328e-11, 1.21674276557e-11, 1.14439655668e-11, 1.5920768176e-11, 4.82595734208e-11, 5.0144541297e-11, 4.71997857465e-11, 9.48753436925e-11, 8.20371895416e-11, 1.75315092305e-11, 1.43706281684e-12, 6.07539409406e-13, 2.76986170545e-13],
        "max": [0.015653539449, 0.0282068755478, 0.0175726152956, 0.0222185235471, 0.0421648025513, 0.0206262748688, 0.0204645246267, 0.0107985138893, 0.0207948423922, 0.0132407471538, 0.00745545187965, 0.01885275729, 0.0141142783687, 0.00181459274609, 0.00214644358493, 0.00157289463095, 0.00195453222841, 0.00226731039584, 0.00075656286208, 0.000526822870597, 0.000293036951916, 0.000355177238816, 0.000436520582298, 0.000311693496769, 0.000562935194466, 0.000291394273518, 0.000331931893015, 0.000150544932694, 8.5536565166e-05, 8.85713088792e-05, 0.00012451915245, 0.0001287656778, 0.000203301809961, 0.000363302853657, 0.000479347858345, 0.000418537063524, 0.000165958233993, 5.7374163589e-05, 3.21394509228e-05, 2.15627915168e-05],
        "mean": [0.00120768370107, 0.00274227396585, 0.00110568595119, 0.00125972158276, 0.00109184801113, 0.000715080532245, 0.000492525869049, 0.000346645188984, 0.00020841442165, 0.000170326937223, 0.000122045028547, 0.000140247298987, 8.06699608802e-05, 3.37253077305e-05, 4.01736469939e-05, 3.85035637009e-05, 2.55262675637e-05, 2.25898256758e-05, 1.65627425304e-05, 1.0847037629e-05, 9.89489672065e-06, 1.12985735541e-05, 1.24349635371e-05, 8.90591127245e-06, 7.04572403265e-06, 7.01451745044e-06, 6.29856958767e-06, 4.00579210691e-06, 1.77770220944e-06, 1.22817959891e-06, 1.37827760227e-06, 1.98299426302e-06, 1.73394573721e-06, 1.08882261429e-06, 1.4866714082e-06, 1.0155495147e-06, 4.10655104588e-07, 2.50417599545e-07, 1.90728613347e-07, 1.64480823628e-07],
        "median": [0.000336469616741, 0.00119024666492, 0.000629869231489, 0.000546355964616, 0.000405164842959, 0.0002394344192, 0.000139088064316, 8.41451183078e-05, 4.95098502142e-05, 3.89704509871e-05, 3.25540167978e-05, 3.28747191816e-05, 1.95073880604e-05, 1.00722299976e-05, 1.12727711894e-05, 8.82259155333e-06, 5.73081160837e-06, 6.4040059442e-06, 7.09414189259e-06, 4.71700968774e-06, 4.18356739829e-06, 5.3140684031e-06, 5.59241834708e-06, 4.62341813545e-06, 3.81383983949e-06, 3.70196880795e-06, 2.61239301835e-06, 1.77427637027e-06, 8.45991451115e-07, 5.43911539808e-07, 5.37719301974e-07, 4.74071669032e-07, 4.38510653566e-07, 3.81908591862e-07, 2.73157013453e-07, 1.2985118758e-07, 9.64981978768e-08, 7.99221595571e-08, 5.64686430948e-08, 3.80954254808e-08],
        "min": [1.31122014197e-24, 7.90974066371e-25, 4.49941509827e-25, 2.20518039395e-24, 1.08983234398e-24, 1.61181026509e-24, 1.58158574976e-24, 2.38699015285e-24, 2.70871307076e-24, 3.57247257185e-24, 2.18537367434e-24, 2.28902506691e-24, 2.87193194193e-24, 3.1621958758e-24, 4.00847441644e-24, 2.44902716051e-24, 3.54535232279e-24, 3.71344872093e-24, 2.0282738e-24, 3.11918579874e-24, 3.88420870791e-24, 3.43939094827e-24, 4.17937442624e-24, 4.20202341169e-24, 4.46572620167e-24, 4.09945492793e-24, 5.23068580475e-24, 4.6173484231e-24, 5.07947931302e-24, 3.93226453654e-24, 5.50792505344e-24, 4.92097546349e-24, 4.7181987678e-24, 5.55462719675e-24, 6.86382667151e-24, 5.55748366208e-24, 5.86580008613e-24, 6.10008980283e-24, 6.49012945564e-24, 6.81571088946e-24],
        "var": [3.95339338866e-06, 1.38391051223e-05, 1.89004970252e-06, 4.38039796791e-06, 4.29545616498e-06, 2.14457850234e-06, 1.19397225262e-06, 6.95432845532e-07, 4.12939101579e-07, 2.84478318235e-07, 1.07062582799e-07, 2.05356286642e-07, 9.39047524184e-08, 6.85377266052e-09, 8.49716652596e-09, 7.48186579358e-09, 5.0523767392e-09, 4.28136681663e-09, 1.10431830347e-09, 4.89179863283e-10, 3.10728748287e-10, 3.39559824702e-10, 4.94361274139e-10, 2.35972685836e-10, 1.99294997172e-10, 1.29588603737e-10, 1.30072563831e-10, 4.51542830904e-11, 1.20633451145e-11, 1.06114440152e-11, 1.89195777101e-11, 3.97017210774e-11, 3.56168983195e-11, 3.32537400394e-11, 7.48621581392e-11, 6.72835329119e-11, 1.40891456488e-11, 1.72667370853e-12, 7.21486293018e-13, 2.69327772974e-13]
    },
    "mfcc": {
        "mean": [-678.190917969, 140.313919067, 3.34746742249, 32.8319511414, -0.605475962162, 1.05404567719, -4.33519601822, 5.58931207657, -7.94758749008, -1.85932707787, -2.53867292404, -5.77645301819, -0.730955898762],
        "cov": [[9645.72949219, 1061.56225586, -386.401550293, 217.784942627, -174.710739136, 118.55594635, -80.8396530151, 115.389122009, -225.645721436, 173.195526123, -55.5145301819, -96.3822631836, -46.2851257324], [1061.56225586, 1241.31176758, -33.6798820496, 260.88180542, 64.7510147095, 44.9593353271, 150.187530518, 94.3738021851, 21.373916626, 96.4045257568, 13.456902504, 51.0467834473, 41.2604942322], [-386.401550293, -33.6798820496, 449.37600708, 49.0520210266, 145.612762451, 78.9086608887, 24.6349048615, 57.5823669434, 98.6015777588, -62.1747093201, 74.2752761841, 9.7674074173, 36.4006996155], [217.784942627, 260.88180542, 49.0520210266, 390.921936035, 129.569519043, 9.72428703308, 40.1496810913, 62.3342208862, 18.0262699127, 59.581073761, -36.6141242981, 30.1426563263, 46.264175415], [-174.710739136, 64.7510147095, 145.612762451, 129.569519043, 249.025970459, 71.6617507935, 24.4621906281, 42.295463562, 77.2891235352, -2.48012781143, 28.7563171387, -3.66768145561, 26.5363006592], [118.55594635, 44.9593353271, 78.9086608887, 9.72428703308, 71.6617507935, 198.058441162, 73.4982299805, 51.4459381104, 37.2044487, 45.3514213562, 59.9748344421, 13.4630241394, 1.38179028034], [-80.8396530151, 150.187530518, 24.6349048615, 40.1496810913, 24.4621906281, 73.4982299805, 186.088439941, 73.3549423218, 27.6275100708, 51.7943763733, 34.2337150574, 34.2862281799, 18.1060638428], [115.389122009, 94.3738021851, 57.5823669434, 62.3342208862, 42.295463562, 51.4459381104, 73.3549423218, 140.795578003, 48.5412559509, 25.8066806793, 16.7138557434, 8.95914077759, 24.0888786316], [-225.645721436, 21.373916626, 98.6015777588, 18.0262699127, 77.2891235352, 37.2044487, 27.6275100708, 48.5412559509, 142.566116333, 2.29871606827, 38.9811058044, 10.9964122772, 20.4626522064], [173.195526123, 96.4045257568, -62.1747093201, 59.581073761, -2.48012781143, 45.3514213562, 51.7943763733, 25.8066806793, 2.29871606827, 184.889434814, 36.1660957336, 42.8412284851, 16.559885025], [-55.5145301819, 13.456902504, 74.2752761841, -36.6141242981, 28.7563171387, 59.9748344421, 34.2337150574, 16.7138557434, 38.9811058044, 36.1660957336, 137.308868408, 34.030090332, 11.9785060883], [-96.3822631836, 51.0467834473, 9.7674074173, 30.1426563263, -3.66768145561, 13.4630241394, 34.2862281799, 8.95914077759, 10.9964122772, 42.8412284851, 34.030090332, 98.7214660645, 30.3126010895], [-46.2851257324, 41.2604942322, 36.4006996155, 46.264175415, 26.5363006592, 1.38179028034, 18.1060638428, 24.0888786316, 20.4626522064, 16.559885025, 11.9785060883, 30.3126010895, 83.7054748535]],
