{
"lowlevel": {
    "average_loudness": 0.961842119694,
    "barkbands_crest": {
        "dmean": 2.23360872269,
        "dmean2": 3.58605480194,
        "dvar": 4.56721162796,
        "dvar2": 11.1001176834,
        "max": 25.5098056793,
        "mean": 8.8692741394,
        "median": 8.01981639862,
        "min": 2.42835855484,
        "var": 15.8341140747
    },
    "barkbands_flatness_db": {
        "dmean": 0.0219097044319,
        "dmean2": 0.034522600472,
        "dvar": 0.000455388100818,
        "dvar2": 0.000969249405898,
        "max": 0.443504333496,
        "mean": 0.178275972605,
        "median": 0.17076651752,
        "min": 0.0225503630936,
        "var": 0.00229324470274
    },
    "barkbands_kurtosis": {
        "dmean": 1.94463658333,
        "dmean2": 3.05412554741,
        "dvar": 15.2237243652,
        "dvar2": 35.3138580322,
        "max": 85.5487823486,
        "mean": 2.34312176704,
        "median": 0.0945420265198,
        "min": -1.88328588009,
        "var": 46.169052124
    },
    "barkbands_skewness": {
        "dmean": 0.479043930769,
        "dmean2": 0.736781001091,
        "dvar": 0.26848256588,
        "dvar2": 0.588499963284,
        "max": 7.27252626419,
        "mean": 1.07063317299,
        "median": 0.948247969151,
        "min": -4.45926904678,
        "var": 1.36587941647
    },
    "barkbands_spread": {
        "dmean": 4.87523460388,
        "dmean2": 7.51085186005,
        "dvar": 33.6800270081,
        "dvar2": 74.7533874512,
        "max": 118.853561401,
        "mean": 23.0991077423,
        "median": 22.538848877,
        "min": 0.868090569973,
        "var": 151.798309326
    },
    "dissonance": {
        "dmean": 0.0153675433248,
        "dmean2": 0.0255407225341,
        "dvar": 0.000282111403067,
        "dvar2": 0.000722300785128,
        "max": 0.499999314547,
        "mean": 0.47065860033,
        "median": 0.477837383747,
        "min": 0.248756453395,
        "var": 0.000720537093002
    },
    "dynamic_complexity": 2.54009795189,
    "erbbands_crest": {
        "dmean": 2.55247402191,
        "dmean2": 4.17087268829,
        "dvar": 6.38051366806,
        "dvar2": 16.4887275696,
        "max": 30.7896175385,
        "mean": 8.77973270416,
        "median": 7.63287067413,
        "min": 2.50697731972,
        "var": 18.3093261719
    },
    "erbbands_flatness_db": {
        "dmean": 0.0155340079218,
        "dmean2": 0.0237740110606,
        "dvar": 0.000264362897724,
        "dvar2": 0.000563316629268,
        "max": 0.403071701527,
        "mean": 0.211191490293,
        "median": 0.207721948624,
        "min": 0.0473960675299,
        "var": 0.00160520954523
    },
    "erbbands_kurtosis": {
        "dmean": 0.969791173935,
        "dmean2": 1.56083285809,
        "dvar": 2.92498683929,
        "dvar2": 7.30072498322,
        "max": 36.1416511536,
        "mean": 0.477919399738,
        "median": -0.310400009155,
        "min": -1.77832448483,
        "var": 6.21312379837
    },
    "erbbands_skewness": {
        "dmean": 0.375453561544,
        "dmean2": 0.575967729092,
        "dvar": 0.155816957355,
        "dvar2": 0.337854206562,
        "max": 5.20683097839,
        "mean": -0.0501298420131,
        "median": -0.0991054177284,
        "min": -4.87304162979,
        "var": 0.740084290504
    },
    "erbbands_spread": {
        "dmean": 6.82314252853,
        "dmean2": 10.6383647919,
        "dvar": 55.2174606323,
        "dvar2": 125.339294434,
        "max": 123.295433044,
        "mean": 34.6828269958,
        "median": 33.0496788025,
        "min": 2.17147350311,
        "var": 255.879821777
    },
    "hfc": {
        "dmean": 6.19867420197,
        "dmean2": 9.44506263733,
        "dvar": 58.4805412292,
        "dvar2": 134.094787598,
        "max": 156.887451172,
        "mean": 25.10505867,
        "median": 23.5110263824,
        "min": 1.14751034141e-16,
        "var": 233.683532715
    },
    "melbands_crest": {
        "dmean": 3.10258507729,
        "dmean2": 4.99951028824,
        "dvar": 8.02227497101,
        "dvar2": 19.9289112091,
        "max": 39.010055542,
        "mean": 12.805768013,
        "median": 12.017168045,
        "min": 1.60617017746,
        "var": 27.0557231903
    },
    "melbands_flatness_db": {
        "dmean": 0.0244132578373,
        "dmean2": 0.0353726781905,
        "dvar": 0.000691501656547,
        "dvar2": 0.0013146137353,
        "max": 0.564538359642,
        "mean": 0.187585413456,
        "median": 0.177730381489,
        "min": 0.00409240741283,
        "var": 0.00464703096077
    },
    "melbands_kurtosis": {
        "dmean": 4.2001709938,
        "dmean2": 6.6340880394,
        "dvar": 56.6288414001,
        "dvar2": 137.385803223,
        "max": 168.311172485,
        "mean": 8.02044391632,
        "median": 3.88514757156,
        "min": -1.82200324535,
        "var": 174.496017456
    },
    "melbands_skewness": {
        "dmean": 0.580710291862,
        "dmean2": 0.900870382786,
        "dvar": 0.39570748806,
        "dvar2": 0.901017904282,
        "max": 10.9405956268,
        "mean": 2.0750272274,
        "median": 1.87644350529,
        "min": -2.40848660469,
        "var": 1.96114575863
    },
    "melbands_spread": {
        "dmean": 7.97830867767,
        "dmean2": 12.3136482239,
        "dvar": 115.576423645,
        "dvar2": 258.631408691,
        "max": 192.333648682,
        "mean": 30.1503353119,
        "median": 26.2959270477,
        "min": 0.934693932533,
        "var": 440.191345215
    },
    "pitch_salience": {
        "dmean": 0.068733073771,
        "dmean2": 0.11120274663,
        "dvar": 0.00388999795541,
        "dvar2": 0.00967538263649,
        "max": 0.912330269814,
        "mean": 0.593046188354,
        "median": 0.604397892952,
        "min": 0.0725592747331,
        "var": 0.0118243033066
    },
    "silence_rate_20dB": {
        "dmean": 0,
        "dmean2": 0,
        "dvar": 0,
        "dvar2": 0,
        "max": 1,
        "mean": 1,
        "median": 1,
        "min": 1,
        "var": 0
    },
    "silence_rate_30dB": {
        "dmean": 0,
        "dmean2": 0,
        "dvar": 0,
        "dvar2": 0,
        "max": 1,
        "mean": 1,
        "median": 1,
        "min": 1,
        "var": 0
    },
    "silence_rate_60dB": {
        "dmean": 0.0124383950606,
        "dmean2": 0.0248797088861,
        "dvar": 0.0122830420732,
        "dvar2": 0.0263764355332,
        "max": 1,
        "mean": 0.0547929145396,
        "median": 0,
        "min": 0,
        "var": 0.0517880134284
    },
    "spectral_centroid": {
        "dmean": 257.529693604,
        "dmean2": 388.390594482,
        "dvar": 93012.421875,
        "dvar2": 179482.546875,
        "max": 11306.2998047,
        "mean": 1496.64282227,
        "median": 1427.56848145,
        "min": 175.581192017,
        "var": 590884.0625
    },
    "spectral_complexity": {
        "dmean": 4.5834312439,
        "dmean2": 6.81586647034,
        "dvar": 21.3250408173,
        "dvar2": 41.6689186096,
        "max": 58,
        "mean": 25.156047821,
        "median": 26,
        "min": 0,
        "var": 128.192672729
    },
    "spectral_decrease": {
        "dmean": 1.48928003263e-09,
        "dmean2": 2.36787278673e-09,
        "dvar": 2.28364962945e-18,
        "dvar2": 5.56692180017e-18,
        "max": 9.62943365667e-29,
        "mean": -6.83578305072e-09,
        "median": -6.949442799e-09,
        "min": -2.31395276273e-08,
        "var": 9.82834993448e-18
    },
    "spectral_energy": {
        "dmean": 0.00598338758573,
        "dmean2": 0.00949160289019,
        "dvar": 3.65162268281e-05,
        "dvar2": 8.88505455805e-05,
        "max": 0.0898544937372,
        "mean": 0.0280769262463,
        "median": 0.0287212338299,
        "min": 1.05421866858e-20,
        "var": 0.000159120099852
    },
    "spectral_energyband_high": {
        "dmean": 0.00033235855517,
        "dmean2": 0.0004862996866,
        "dvar": 4.87231091029e-07,
        "dvar2": 9.87168846223e-07,
        "max": 0.0165206305683,
        "mean": 0.000774868880399,
        "median": 0.000455456640339,
        "min": 7.62029557219e-21,
        "var": 1.26209260998e-06
    },
    "spectral_energyband_low": {
        "dmean": 0.00196808343753,
        "dmean2": 0.00316950283013,
        "dvar": 7.58964733905e-06,
        "dvar2": 1.77815418283e-05,
        "max": 0.0796310380101,
        "mean": 0.00502932490781,
        "median": 0.00323278782889,
        "min": 2.00476740163e-23,
        "var": 3.89761480619e-05
    },
    "spectral_energyband_middle_high": {
        "dmean": 0.00257999985479,
        "dmean2": 0.00397036131471,
        "dvar": 1.07730566015e-05,
        "dvar2": 2.48802407441e-05,
        "max": 0.0534145198762,
        "mean": 0.00832127220929,
        "median": 0.00684155616909,
        "min": 1.35015020676e-21,
        "var": 4.70743652841e-05
    },
    "spectral_energyband_middle_low": {
        "dmean": 0.00489247124642,
        "dmean2": 0.0078194020316,
        "dvar": 2.85434671241e-05,
        "dvar2": 6.90254455549e-05,
        "max": 0.0779444053769,
        "mean": 0.0150718456134,
        "median": 0.0132824927568,
        "min": 2.50616338558e-22,
        "var": 0.000109292348498
    },
    "spectral_entropy": {
        "dmean": 0.132277801633,
        "dmean2": 0.192393302917,
        "dvar": 0.028302770108,
        "dvar2": 0.0527552254498,
        "max": 9.81733608246,
        "mean": 7.5583524704,
        "median": 7.61850166321,
        "min": 5.09595394135,
        "var": 0.169017791748
    },
    "spectral_flux": {
        "dmean": 0.0190953537822,
        "dmean2": 0.0295256879181,
        "dvar": 0.000361170852557,
        "dvar2": 0.000809183984529,
        "max": 0.26532766223,
        "mean": 0.0861363336444,
        "median": 0.0860811844468,
        "min": 6.68790578473e-11,
        "var": 0.00116361561231
    },
    "spectral_kurtosis": {
        "dmean": 2.32278203964,
        "dmean2": 4.01777553558,
        "dvar": 10.7929992676,
        "dvar2": 26.7792835236,
        "max": 92.4356765747,
        "mean": 3.60480499268,
        "median": 2.4469370842,
        "min": -1.25188183784,
        "var": 25.23163414
    },
    "spectral_rms": {
        "dmean": 0.000563989451621,
        "dmean2": 0.000881952524651,
        "dvar": 3.08344425548e-07,
        "dvar2": 6.9763115107e-07,
        "max": 0.00936284754425,
        "mean": 0.0050186063163,
        "median": 0.0052934596315,
        "min": 3.2070329465e-12,
        "var": 2.20579340748e-06
    },
    "spectral_rolloff": {
        "dmean": 440.395141602,
        "dmean2": 719.70880127,
        "dvar": 514578.03125,
        "dvar2": 1123314.375,
        "max": 19207.6171875,
        "mean": 1820.97814941,
        "median": 1765.72265625,
        "min": 21.533203125,
        "var": 2080947.25
    },
    "spectral_skewness": {
        "dmean": 0.281229555607,
        "dmean2": 0.459264606237,
        "dvar": 0.101793199778,
        "dvar2": 0.235970973969,
        "max": 7.46911287308,
        "mean": 1.12534797192,
        "median": 1.02733969688,
        "min": -0.372976541519,
        "var": 0.375940769911
    },
    "spectral_spread": {
        "dmean": 319668.9375,
        "dmean2": 496494.0625,
        "dvar": 326767738880,
        "dvar2": 578478342144,
        "max": 42480020,
        "mean": 3334462,
        "median": 3171181.5,
        "min": 754824.6875,
        "var": 2.85107368755e+12
    },
    "spectral_strongpeak": {
        "dmean": 0.730883538723,
        "dmean2": 1.25216186047,
        "dvar": 1.65315854549,
        "dvar2": 4.28651571274,
        "max": 15.8175477982,
        "mean": 1.32471776009,
        "median": 0.700119972229,
        "min": 0,
        "var": 2.97074103355
    },
    "zerocrossingrate": {
        "dmean": 0.0084992563352,
        "dmean2": 0.0098119834438,
        "dvar": 0.000132267319714,
        "dvar2": 0.000176020854269,
        "max": 0.51318359375,
        "mean": 0.0620132088661,
        "median": 0.05712890625,
        "min": 0.0048828125,
        "var": 0.00141459621955
    },
    "barkbands": {
        "dmean": [5.63952471566e-06, 0.000561509863473, 0.00127141876146, 0.00148155505303, 0.00236671813764, 0.00148088263813, 0.00124206708279, 0.00100554793607, 0.00076997798169, 0.000623443804216, 0.000407890649512, 0.000450715015177, 0.000351368857082, 0.000507063698024, 0.000899073493201, 0.000437080278061, 0.000613250187598, 0.000264730595518, 0.00018945481861, 0.000189422687981, 0.000119967531646, 0.000118518946692, 5.54632060812e-05, 1.71687242982e-05, 2.88978390017e-06, 3.87093130882e-08, 2.07686645659e-09],
        "dmean2": [9.61384284892e-06, 0.000937597360462, 0.00196503847837, 0.00250545237213, 0.00395003100857, 0.00239331903867, 0.00196260330267, 0.00160071090795, 0.00122193119023, 0.00100853573531, 0.000650375965051, 0.000697979179677, 0.000560058339033, 0.000792518258095, 0.00147916388232, 0.000697218638379, 0.00100527412724, 0.000427602120908, 0.000302160071442, 0.00030572275864, 0.000187062571058, 0.000179299968295, 8.39506174088e-05, 2.62674057012e-05, 4.60607634523e-06, 7.15802954687e-08, 3.85946208326e-09],
        "dvar": [7.47215345154e-11, 7.46722037093e-07, 4.78446918351e-06, 5.64315632801e-06, 8.7319594968e-06, 5.75498143007e-06, 5.68276118429e-06, 4.54910195913e-06, 3.02110561279e-06, 1.7912501562e-06, 1.01989428458e-06, 8.30991666589e-07, 5.1215329222e-07, 9.49749335177e-07, 2.55800296145e-06, 5.96669110564e-07, 1.95103848455e-06, 1.72177252011e-07, 8.33081870155e-08, 1.30608441395e-07, 4.60357512111e-08, 8.30959407949e-08, 2.48665710245e-08, 2.08522799028e-09, 7.8175702023e-11, 4.33439905061e-14, 1.38795334898e-16],
        "dvar2": [1.95042856865e-10, 2.05470223591e-06, 9.90910393739e-06, 1.48647350215e-05, 2.32006968872e-05, 1.33640478452e-05, 1.28751617012e-05, 1.0062371075e-05, 6.85889790475e-06, 4.14699070461e-06, 1.89130514627e-06, 1.68438884884e-06, 1.14612669222e-06, 2.10635744224e-06, 6.93468336976e-06, 1.40503209423e-06, 5.51294351681e-06, 4.13549827272e-07, 1.9325720757e-07, 3.0780492466e-07, 1.02023065551e-07, 1.84841141504e-07, 5.34486908066e-08, 4.24672519372e-09, 1.76949496722e-10, 1.2330182719e-13, 4.02769751543e-16],
        "max": [0.000174874672666, 0.0210053473711, 0.0731041282415, 0.0662814080715, 0.0583312362432, 0.0684518665075, 0.0593065656722, 0.0659379735589, 0.0655627325177, 0.0299624353647, 0.0333007574081, 0.0346700400114, 0.023463614285, 0.0317376330495, 0.0234742742032, 0.0211993902922, 0.0331831686199, 0.0114170601591, 0.00837980397046, 0.0131548391655, 0.0045965644531, 0.00677507510409, 0.00393773848191, 0.00144988973625, 0.000360812235158, 5.81080666961e-06, 6.05763773365e-07],
        "mean": [6.08135678704e-06, 0.000972483830992, 0.00316274701618, 0.00222845072858, 0.00485812919214, 0.00257068243809, 0.00216217408888, 0.0016827636864, 0.00121986470185, 0.000977889169008, 0.00068257167004, 0.000819892215077, 0.000556902377866, 0.000876012956724, 0.00161817041226, 0.000754058244638, 0.00104147102684, 0.000534390739631, 0.000368802837329, 0.00037576383329, 0.000246884184889, 0.000221862108447, 0.000102157551737, 3.31108058162e-05, 3.57124099537e-06, 2.46857592145e-08, 1.51175572061e-09],
        "median": [2.95458676192e-06, 0.000528438889887, 0.00133512611501, 0.00104365916923, 0.00324601773173, 0.00157560047228, 0.00099914195016, 0.000695181370247, 0.000598436687142, 0.000440225761849, 0.00031201847014, 0.000382678641472, 0.000254674756434, 0.000363958184607, 0.000687763735186, 0.000383427191991, 0.000420531141572, 0.000357589538908, 0.00025591487065, 0.000222675982513, 0.000152751847054, 0.000105370629171, 4.35963120253e-05, 1.65327473951e-05, 6.06344030984e-07, 6.71484812198e-10, 4.54476623002e-10],
        "min": [1.21928471435e-24, 5.31464387646e-24, 1.88776564265e-24, 4.39446800167e-24, 1.66396923539e-23, 1.82173005683e-23, 2.03936826089e-23, 1.4758088701e-23, 1.27763068128e-23, 1.53873740891e-23, 1.85123124588e-23, 3.79761899622e-23, 5.98447237641e-23, 6.85863123359e-23, 4.94305039486e-23, 9.4105331531e-23, 1.00445684305e-22, 1.83389132588e-22, 1.36965324648e-22, 1.98133927405e-22, 2.55238987732e-22, 4.10255532484e-22, 4.62620346564e-22, 5.96244952563e-22, 8.49926059914e-22, 1.58959031742e-21, 2.08883339898e-21],
        "var": [8.67648036751e-11, 1.85835097e-06, 2.83712161036e-05, 1.03031288745e-05, 2.7246427635e-05, 1.25683845908e-05, 1.40495712913e-05, 1.07038449642e-05, 5.1563370107e-06, 3.260278163e-06, 2.48869423558e-06, 2.53483858614e-06, 1.13481553399e-06, 2.57192050412e-06, 6.08060554441e-06, 1.16432329378e-06, 3.93084246753e-06, 4.42065839934e-07, 1.89271929685e-07, 2.76853995729e-07, 1.05735729505e-07, 1.65399569596e-07, 5.50178178571e-08, 4.60624960397e-09, 1.03184329137e-10, 2.72268356271e-14, 7.76750256107e-17]
    },
    "erbbands": {
        "dmean": [0.00623891176656, 0.168692812324, 1.19651687145, 3.06581640244, 7.44703626633, 7.53040552139, 10.6672143936, 13.676609993, 16.3806533813, 19.7429199219, 20.8630390167, 18.2219562531, 18.9913330078, 16.559419632, 15.7812261581, 18.0351696014, 15.808175087, 19.6724662781, 43.5550689697, 27.7025299072, 25.9174003601, 31.1039447784, 14.2843914032, 10.4615764618, 9.61948013306, 7.97996473312, 5.78010988235, 4.63997173309, 4.45341682434, 2.92536091805, 1.37464606762, 0.558100283146, 0.203020110726, 0.0575706213713, 0.00688483193517, 0.000478475936688, 5.68442555959e-05, 9.10011385713e-06, 3.65831238014e-06, 7.11159691491e-06],
        "dmean2": [0.010418000631, 0.280684053898, 1.85052657127, 5.15449523926, 12.5676593781, 12.6830177307, 17.5143013, 22.0690517426, 25.8827095032, 31.4806022644, 32.652671814, 29.0190658569, 30.9155864716, 26.2396793365, 24.1129245758, 28.1170196533, 25.0963878632, 30.4674739838, 71.5539169312, 44.1729125977, 41.3550338745, 50.9172019958, 22.974647522, 16.6959190369, 15.5655126572, 12.7562294006, 9.10677433014, 7.21708679199, 6.79210662842, 4.44732475281, 2.06202816963, 0.851528346539, 0.312914133072, 0.0903260037303, 0.0110545745119, 0.00081426021643, 0.0001009149928, 1.57733575179e-05, 5.69195026401e-06, 1.12278912638e-05],
        "dvar": [0.000113113826956, 0.0618553645909, 3.73381328583, 23.1833457947, 111.483612061, 108.986488342, 278.991943359, 625.493225098, 1027.73925781, 1458.3236084, 2198.82763672, 1533.03881836, 1640.21911621, 1579.44226074, 1316.53430176, 1360.38220215, 1023.18023682, 1634.33984375, 5694.81640625, 2411.81787109, 2089.54199219, 5352.13916016, 513.02130127, 254.704269409, 283.2578125, 238.229019165, 118.060409546, 68.9662322998, 107.940727234, 73.4250488281, 14.2176218033, 2.35414600372, 0.228879436851, 0.0296839755028, 0.000395841168938, 3.58308261639e-06, 8.00592445671e-08, 1.77577352822e-09, 1.65626470872e-11, 5.1085809194e-11],
        "dvar2": [0.000297368562315, 0.168504223228, 7.75497484207, 60.2541427612, 308.321289062, 284.43548584, 715.275390625, 1429.96472168, 2298.31665039, 3378.46166992, 4518.95263672, 3633.06079102, 4017.78808594, 3151.47460938, 2309.87768555, 2982.15795898, 2340.93261719, 3557.2800293, 15669.3310547, 5746.10351562, 5159.57519531, 15236.8466797, 1242.44580078, 579.960327148, 700.903076172, 555.453918457, 266.958129883, 153.407791138, 241.664794922, 167.644989014, 28.0578460693, 4.62061452866, 0.468837738037, 0.0650610253215, 0.000927851186134, 9.62681860983e-06, 2.28033783856e-07, 5.03972374943e-09, 3.81132382599e-11, 1.23290613829e-10],
        "max": [0.18702583015, 6.07526016235, 62.6775779724, 135.929870605, 169.041229248, 201.73034668, 366.422424316, 857.943847656, 782.189941406, 929.240966797, 1646.38537598, 1298.14038086, 1138.91674805, 1940.53552246, 2002.82336426, 1196.37219238, 901.722045898, 1166.64074707, 1324.52441406, 1226.14953613, 710.306030273, 1829.55407715, 622.679992676, 425.086700439, 789.441589355, 460.286804199, 348.189575195, 165.625762939, 219.119476318, 237.360900879, 116.446495056, 54.1258392334, 15.2861099243, 7.15715885162, 0.5400852561, 0.0600506812334, 0.00877536926419, 0.001443851972, 7.57448797231e-05, 0.000104580365587],
        "mean": [0.00967513024807, 0.334436923265, 3.10248708725, 5.59494447708, 12.4665594101, 14.2320013046, 20.7934074402, 22.4509601593, 29.934223175, 32.2902565002, 36.8886871338, 30.3431510925, 30.6558189392, 28.0671634674, 30.1162185669, 32.9045448303, 27.8538074493, 36.5069389343, 83.1907424927, 55.7131118774, 48.9628105164, 55.5681037903, 29.5040340424, 21.6932849884, 19.3359088898, 16.1868553162, 11.4778175354, 9.55659389496, 8.24431610107, 5.24232530594, 2.58352065086, 1.09308314323, 0.368816882372, 0.0793767347932, 0.00788566190749, 0.000480778457131, 6.45498294034e-05, 1.38991972563e-05, 1.74187189259e-05, 3.43319843523e-05],
        "median": [0.00584022235125, 0.202015459538, 1.49196648598, 3.64462423325, 7.27334976196, 8.4680519104, 11.1644420624, 12.539563179, 14.3604297638, 15.365983963, 16.5860042572, 16.0071201324, 14.850025177, 14.2428541183, 15.359377861, 15.5018796921, 13.9214372635, 19.029630661, 40.9753799438, 29.9484519958, 26.2973499298, 23.5369682312, 20.1504440308, 15.3518438339, 12.9967126846, 9.89811420441, 7.1173210144, 5.70688438416, 3.92417502403, 2.19556331635, 1.12871849537, 0.528464138508, 0.179757773876, 0.0212815850973, 0.00123275525402, 0.000108019004983, 2.86956401396e-05, 8.43005636852e-06, 1.75225795829e-05, 3.52860261046e-05],
        "min": [2.60959756529e-22, 7.34621454707e-22, 3.72209222884e-21, 1.0756306911e-20, 1.10665069109e-20, 5.53218135182e-20, 1.09989559816e-19, 1.27948865836e-19, 1.65218754955e-19, 3.92467732347e-19, 3.63945872742e-19, 3.62271840128e-19, 6.99462323312e-19, 1.19187678981e-18, 1.13176309315e-18, 1.19438831694e-18, 2.84991038664e-18, 3.57912448373e-18, 2.89775079096e-18, 2.92519374855e-18, 5.07031564762e-18, 5.74376639769e-18, 7.88076641711e-18, 8.89389640419e-18, 8.19961724629e-18, 8.28360668415e-18, 1.01578581587e-17, 8.82112849852e-18, 1.16906312784e-17, 1.5998260345e-17, 1.39741080271e-17, 1.05888713702e-17, 1.14137325683e-17, 8.68158147482e-18, 6.96470442056e-18, 4.69826841965e-18, 2.85054834969e-18, 9.1518446132e-19, 2.37819337494e-19, 3.36273540551e-20],
        "var": [0.000180749484571, 0.182366132736, 22.6080532074, 46.7945556641, 223.529769897, 308.0105896, 769.07043457, 1280.19274902, 2822.42651367, 3235.0324707, 5847.80224609, 2673.65795898, 2552.94726562, 3913.23901367, 4163.6796875, 4025.25537109, 2288.29272461, 3666.0456543, 14373.8417969, 6114.67871094, 4103.71289062, 10958.4472656, 1172.50036621, 682.30871582, 545.499084473, 517.60925293, 245.663299561, 162.235626221, 213.858200073, 137.031509399, 35.2404937744, 5.77863502502, 0.475705087185, 0.0419562384486, 0.000511942373123, 2.97887618217e-06, 4.83814588392e-08, 1.12306308697e-09, 6.46136408267e-11, 2.26453800156e-10]
    },
    "gfcc": {
        "mean": [-27.2674789429, 137.769042969, -170.828491211, 56.6961021423, -71.0900802612, 0.331167459488, -31.4320545197, -19.2579612732, -2.29240727425, -23.9603328705, -2.60262012482, -20.9541454315, -1.36646032333],
        "cov": [[12721.8330078, 1328.92993164, -2083.1640625, 507.536376953, -654.846496582, -174.970397949, -303.885284424, -338.757019043, 306.528656006, -410.495422363, 134.788360596, -390.114959717, 270.863952637], [1328.92993164, 1192.8894043, -81.4117050171, -196.7447052, 202.947662354, -214.379470825, 80.8828887939, -176.479324341, 99.4893493652, -130.279495239, 59.4338569641, -77.1818695068, -10.1793661118], [-2083.1640625, -81.4117050171, 853.444641113, 50.2603340149, 79.1165847778, 25.5170173645, -29.1857147217, 87.3606567383, -124.301452637, 103.036087036, -36.7828216553, 54.9984016418, -58.619644165], [507.536376953, -196.7447052, 50.2603340149, 394.097045898, -50.7645378113, 24.4595355988, -39.3344764709, 6.15849304199, 20.0285358429, -8.01359176636, 5.45233345032, -19.5470848083, 14.3998212814], [-654.846496582, 202.947662354, 79.1165847778, -50.7645378113, 330.55456543, 24.8534584045, 46.8909034729, -0.355128765106, 14.6093711853, 15.7578363419, -16.9178771973, 11.5826215744, -21.0605430603], [-174.970397949, -214.379470825, 25.5170173645, 24.4595355988, 24.8534584045, 237.230163574, 26.072883606, 65.4848327637, -52.0616950989, 41.9335670471, -12.3454437256, -1.99766600132, 4.58584260941], [-303.885284424, 80.8828887939, -29.1857147217, -39.3344764709, 46.8909034729, 26.072883606, 192.256408691, -13.9713821411, 16.9054603577, -22.3646278381, 20.8945217133, 12.2052669525, -34.0757713318], [-338.757019043, -176.479324341, 87.3606567383, 6.15849304199, -0.355128765106, 65.4848327637, -13.9713821411, 156.458557129, -12.0060844421, 54.005531311, -27.1608047485, 10.2629785538, 9.51640033722], [306.528656006, 99.4893493652, -124.301452637, 20.0285358429, 14.6093711853, -52.0616950989, 16.9054603577, -12.0060844421, 145.384689331, -8.09159946442, 15.7380123138, -15.0548915863, 5.50585317612], [-410.495422363, -130.279495239, 103.036087036, -8.01359176636, 15.7578363419, 41.9335670471, -22.3646278381, 54.005531311, -8.09159946442, 109.056167603, 6.34860897064, 13.5719919205, -8.18668842316], [134.788360596, 59.4338569641, -36.7828216553, 5.45233345032, -16.9178771973, -12.3454437256, 20.8945217133, -27.1608047485, 15.7380123138, 6.34860897064, 73.1845092773, 11.0651054382, 3.38130259514], [-390.114959717, -77.1818695068, 54.9984016418, -19.5470848083, 11.5826215744, -1.99766600132, 12.2052669525, 10.2629785538, -15.0548915863, 13.5719919205, 11.0651054382, 81.6517486572, 8.20167446136], [270.863952637, -10.1793661118, -58.619644165, 14.3998212814, -21.0605430603, 4.58584260941, -34.0757713318, 9.51640033722, 5.50585317612, -8.18668842316, 3.38130259514, 8.20167446136, 74.8832321167]],
        "icov": [[0.0004735623952, -0.00115247443318, 0.00122613052372, -0.00110870820936, 0.00114230567124, -0.000646160915494, 0.000841985980514, -0.000289743882604, 0.000431605236372, -0.000420503463829, 0.000529873068444, -0.000107164109068, -5.66375001654e-06], [-0.00115247443318, 0.00499361287802, -0.00356758083217, 0.00384764908813, -0.00419941311702, 0.00282247108407, -0.00239173904993, 0.00160247867461, -0.00180922355503, 0.00312757957727, -0.00353089720011, 0.00308795808814, -0.00103490788024], [0.00122613052372, -0.00356758083217, 0.0051938071847, -0.00370661984198, 0.00288902944885, -0.00135615537874, 0.00235108239576, -0.0015968780499, 0.00291851884685, -0.00301899621263, 0.0025582248345, -0.00195915531367, 0.00158129341435], [-0.00110870820936, 0.00384764908813, -0.00370661984198, 0.00610551936552, -0.00295579223894, 0.00137436541263, -0.0014748548856, 0.00120044243522, -0.00247153523378, 0.0030071651563, -0.00303118559532, 0.00236558914185, -0.000893165473826], [0.00114230567124, -0.00419941311702, 0.00288902944885, -0.00295579223894, 0.00718390801921, -0.00295659876429, 0.00152412801981, -0.000568869058043, 0.000462303927634, -0.00279445736669, 0.00397431105375, -0.00248716236092, 0.000848023162689], [-0.000646160915494, 0.00282247108407, -0.00135615537874, 0.00137436541263, -0.00295659876429, 0.00772354612127, -0.0030784830451, -0.0010178044904, 0.00190046639182, -0.000596023048274, -0.00147548643872, 0.00283280317672, -0.00162954349071], [0.000841985980514, -0.00239173904993, 0.00235108239576, -0.0014748548856, 0.00152412801981, -0.0030784830451, 0.00883536040783, -0.00107420352288, -0.000437671173131, 0.00192464550491, -0.00132114638109, -0.00228327023797, 0.00407992489636], [-0.000289743882604, 0.00160247867461, -0.0015968780499, 0.00120044243522, -0.000568869058043, -0.0010178044904, -0.00107420352288, 0.010231086053, -0.00167712615803, -0.0029243149329, 0.00279840268195, 0.000470132072223, -0.0024759399239], [0.000431605236372, -0.00180922355503, 0.00291851884685, -0.00247153523378, 0.000462303927634, 0.00190046639182, -0.000437671173131, -0.00167712615803, 0.01046171505, -0.00283406465314, 0.000191940693185, 0.000441186071839, -0.000155618778081], [-0.000420503463829, 0.00312757957727, -0.00301899621263, 0.0030071651563, -0.00279445736669, -0.000596023048274, 0.00192464550491, -0.0029243149329, -0.00283406465314, 0.0170032382011, -0.00707486644387, 0.00160018983297, 0.0017140856944], [0.000529873068444, -0.00353089720011, 0.0025582248345, -0.00303118559532, 0.00397431105375, -0.00147548643872, -0.00132114638109, 0.00279840268195, 0.000191940693185, -0.00707486644387, 0.0205910466611, -0.00552040711045, -0.000672538531944], [-0.000107164109068, 0.00308795808814, -0.00195915531367, 0.00236558914185, -0.00248716236092, 0.00283280317672, -0.00228327023797, 0.000470132072223, 0.000441186071839, 0.00160018983297, -0.00552040711045, 0.0182863101363, -0.00476394593716], [-5.66375001654e-06, -0.00103490788024, 0.00158129341435, -0.000893165473826, 0.000848023162689, -0.00162954349071, 0.00407992489636, -0.0024759399239, -0.000155618778081, 0.0017140856944, -0.000672538531944, -0.00476394593716, 0.0179040469229]]
    },
    "melbands": {
        "dmean": [0.000101781603007, 0.000475515815197, 0.000627990986686, 0.000519760069437, 0.000365717161912, 0.000299541163258, 0.000249341246672, 0.000216475964407, 0.000166108438862, 0.000115184040624, 9.71325935097e-05, 6.94540431141e-05, 5.54164071218e-05, 4.68149191875e-05, 4.29422289017e-05, 3.6021854612e-05, 4.0427526983e-05, 6.7179738835e-05, 6.7238790507e-05, 3.03196975437e-05, 3.42433777405e-05, 4.16354159825e-05, 1.66223981068e-05, 1.23276122395e-05, 9.04963690118e-06, 7.10932181391e-06, 8.22713445814e-06, 5.22242999068e-06, 4.29187730333e-06, 3.07927734866e-06, 2.79734763353e-06, 2.85115038423e-06, 2.23714800995e-06, 1.51542860749e-06, 9.00197221654e-07, 5.31019679784e-07, 3.02024545817e-07, 1.71150972506e-07, 8.50966586086e-08, 3.9106996752e-08],
        "dmean2": [0.000169150545844, 0.000748785736505, 0.00105122593231, 0.000876915000845, 0.000596846395638, 0.000480985589093, 0.00039418466622, 0.00034405090264, 0.000258573330939, 0.000184754622751, 0.000158008711878, 0.000110350832983, 8.67188573466e-05, 7.31815962354e-05, 6.81398887536e-05, 5.6697128457e-05, 6.29697969998e-05, 0.000109468797746, 0.00010992505122, 4.84125157527e-05, 5.53078680241e-05, 6.89121079631e-05, 2.69682459475e-05, 2.01703369385e-05, 1.45939784488e-05, 1.14186777864e-05, 1.35816371767e-05, 8.39850508783e-06, 6.87304645908e-06, 4.86238695885e-06, 4.42277951151e-06, 4.47378988611e-06, 3.43179931406e-06, 2.35067363974e-06, 1.37579706916e-06, 8.18743615127e-07, 4.69813045356e-07, 2.69441017053e-07, 1.33898794275e-07, 6.31197778489e-08],
        "dvar": [2.54898182561e-08, 5.30893544237e-07, 7.94095342371e-07, 4.26773681284e-07, 3.07087134388e-07, 2.68777029078e-07, 2.25806388698e-07, 1.66300566207e-07, 1.40847319585e-07, 6.06347967391e-08, 4.28967545929e-08, 2.77403717774e-08, 1.64496558597e-08, 1.03651034422e-08, 8.04819855205e-09, 5.23392928997e-09, 7.66479768544e-09, 1.28110988484e-08, 1.44115084311e-08, 3.29980198721e-09, 4.13945322464e-09, 1.08084430295e-08, 8.17371892392e-10, 3.96418620152e-10, 2.04999489606e-10, 1.30177951752e-10, 2.7510374534e-10, 1.08626108108e-10, 6.82761000514e-11, 2.79322415891e-11, 2.68336013132e-11, 4.23934845561e-11, 3.80175890768e-11, 2.18630877291e-11, 6.15632197998e-12, 2.21473620693e-12, 6.56253480377e-13, 1.52044880592e-13, 5.18168814063e-14, 1.60127902555e-14],
        "dvar2": [6.90088626243e-08, 1.14898705306e-06, 2.0945169581e-06, 1.15422835734e-06, 7.82699430601e-07, 6.11422024122e-07, 5.06124251842e-07, 3.86885744774e-07, 2.75889902923e-07, 1.45213817859e-07, 1.04908124854e-07, 5.60826940443e-08, 2.88073511712e-08, 2.05091996719e-08, 1.80047159404e-08, 1.1418299195e-08, 1.70057425919e-08, 3.41009744886e-08, 3.73540487431e-08, 7.6567117091e-09, 1.03381658789e-08, 3.12028340943e-08, 2.00456629074e-09, 9.70822644497e-10, 4.72389072304e-10, 3.09950232147e-10, 7.03995250984e-10, 2.56401178067e-10, 1.63020347221e-10, 6.50677220437e-11, 6.21383777766e-11, 1.0030968417e-10, 8.64043420146e-11, 5.25636444093e-11, 1.26326431954e-11, 4.49979723621e-12, 1.35176266881e-12, 3.26900426216e-13, 1.12309596031e-13, 3.72883046326e-14],
        "max": [0.00333913671784, 0.0228109769523, 0.02239520289, 0.0113981813192, 0.0142763173208, 0.0166050344706, 0.0123345358297, 0.00972093176097, 0.0133666228503, 0.00707070995122, 0.00567336380482, 0.00739726005122, 0.00490234792233, 0.00411657895893, 0.00314038968645, 0.00254274625331, 0.00281889177859, 0.00220593228005, 0.0021031035576, 0.00187375873793, 0.00112096569501, 0.00269736489281, 0.000805654213764, 0.000631035713013, 0.000387116422644, 0.000425369420554, 0.000733042717911, 0.00034420209704, 0.000306867994368, 0.00012564084318, 9.56264630076e-05, 0.000153022556333, 0.000150357882376, 0.00014636546257, 7.23520133761e-05, 5.45677758055e-05, 2.29647484957e-05, 1.09338798211e-05, 9.61749537964e-06, 5.18837123309e-06],
        "mean": [0.000168969447259, 0.00121702463366, 0.00123062182683, 0.000944721687119, 0.000750343548134, 0.000512993137818, 0.000454414024716, 0.000350833288394, 0.0002927389869, 0.000182094503543, 0.000151131433086, 0.000112363028165, 9.98458417598e-05, 8.55480902828e-05, 7.35085632186e-05, 5.831262024e-05, 6.83542457409e-05, 0.000124345504446, 0.000120395714475, 5.3815121646e-05, 5.95928759139e-05, 6.90538654453e-05, 2.93033954222e-05, 2.32087313634e-05, 1.69520972122e-05, 1.32296518132e-05, 1.48323288158e-05, 9.74264185061e-06, 7.63882326282e-06, 5.9026897361e-06, 5.32732110514e-06, 4.92012759423e-06, 3.82442613045e-06, 2.5231138352e-06, 1.5877263877e-06, 9.60304760156e-07, 5.49149092421e-07, 2.96111807074e-07, 1.14484841163e-07, 4.6572875334e-08],
        "median": [9.37203367357e-05, 0.000631088390946, 0.00084965385031, 0.000678316107951, 0.000386516563594, 0.000291508855298, 0.000220771122258, 0.000159088376677, 0.000126973041915, 8.95732737263e-05, 6.76819181535e-05, 5.29923127033e-05, 4.87440083816e-05, 4.32620327047e-05, 3.12454794766e-05, 2.67443974735e-05, 3.10342074954e-05, 5.85986745136e-05, 5.10524114361e-05, 2.63146721409e-05, 2.91073247354e-05, 2.46661620622e-05, 1.66135650943e-05, 1.56041896844e-05, 1.13516616693e-05, 9.06428431335e-06, 8.36228628032e-06, 5.80956793783e-06, 4.49582603324e-06, 3.61275056093e-06, 3.10306018036e-06, 2.31177477872e-06, 1.63558013355e-06, 9.88289684756e-07, 6.71811847042e-07, 4.43806868589e-07, 2.65145700951e-07, 1.44354046938e-07, 3.41199388743e-08, 6.81694478644e-09],
        "min": [1.95655983562e-24, 1.90035901814e-24, 1.99667617366e-24, 3.04652658178e-24, 3.87558409164e-24, 2.91512819016e-24, 2.92837395362e-24, 4.61861927801e-24, 2.67237103772e-24, 2.19848828967e-24, 2.8219940884e-24, 4.70405567506e-24, 3.43185062131e-24, 4.1177833222e-24, 2.73781631893e-24, 5.68286915866e-24, 6.79224385525e-24, 4.13498995627e-24, 4.40616325902e-24, 5.20867185233e-24, 5.44961955507e-24, 5.68788552516e-24, 3.98600568571e-24, 7.52713247505e-24, 6.74957042458e-24, 4.58243067842e-24, 5.95094105477e-24, 4.95609278998e-24, 5.88046974352e-24, 6.25588628173e-24, 4.19492366354e-24, 4.62988421174e-24, 8.04106036645e-24, 8.18812533843e-24, 8.16564122491e-24, 7.62731386571e-24, 5.92246514824e-24, 7.18065845459e-24, 7.22083040733e-24, 6.35939666541e-24],
        "var": [5.55834667182e-08, 3.110760872e-06, 1.77261404133e-06, 8.86005693701e-07, 1.08407482458e-06, 6.21216884156e-07, 5.93597405896e-07, 3.68824089492e-07, 4.00194238637e-07, 1.02637827126e-07, 6.72222384424e-08, 6.62796324491e-08, 4.73397037126e-08, 2.85783645637e-08, 2.27031353717e-08, 1.19889183026e-08, 1.62504676382e-08, 3.48277140461e-08, 3.45554198589e-08, 6.99482827216e-09, 7.37335525969e-09, 2.18502229643e-08, 1.84547732651e-09, 7.91460341709e-10, 5.07213437917e-10, 2.49567727595e-10, 4.84656648148e-10, 2.16641038442e-10, 1.22415202974e-10, 5.91017512708e-11, 5.62742977217e-11, 7.53193132863e-11, 6.79371767176e-11, 3.71035285829e-11, 1.4210583231e-11, 5.05958252725e-12, 1.45105824058e-12, 3.01879289795e-13, 7.63364049164e-14, 1.9851042129e-14]
    },
    "mfcc": {
        "mean": [-632.621765137, 130.761505127, -27.4322376251, 36.1224746704, -10.6564769745, 11.8226194382, -18.0225486755, 3.79625439644, -8.97038841248, 3.00145459175, -9.48340702057, -1.64657366276, -8.06861400604],
        "cov": [[8036.89746094, 295.285430908, -831.256774902, 283.526092529, -244.431213379, 83.1909866333, -467.141052246, -27.614900589, -50.3945198059, 103.99005127, -230.70904541, -3.2692797184, -113.11882019], [295.285430908, 1346.81384277, -136.758361816, 17.0664825439, 60.100856781, 1.56376409531, -7.99940061569, -3.77661895752, -27.2862892151, -28.8739891052, 8.07589530945, -1.61478388309, -25.3523979187], [-831.256774902, -136.758361816, 605.712768555, 77.4043426514, 56.8788070679, -43.0359687805, 78.1817855835, -46.496837616, -11.2893285751, -38.2605705261, 43.5825386047, -31.3013858795, 30.3512325287], [283.526092529, 17.0664825439, 77.4043426514, 327.073883057, 23.1732139587, 26.7846870422, -66.789855957, 19.3643264771, -36.2137641907, 32.6639900208, -38.5642547607, 10.9300918579, -2.98392939568], [-244.431213379, 60.100856781, 56.8788070679, 23.1732139587, 257.019500732, 7.37764644623, 37.638633728, -35.3958129883, 63.877910614, -16.4598255157, 20.9596099854, -6.59373378754, 30.6275463104], [83.1909866333, 1.56376409531, -43.0359687805, 26.7846870422, 7.37764644623, 164.196853638, 36.700214386, 38.0474662781, -22.4439907074, 33.916759491, -12.2999305725, 13.1897201538, -18.7332267761], [-467.141052246, -7.99940061569, 78.1817855835, -66.789855957, 37.638633728, 36.700214386, 201.369689941, 20.1287479401, 25.4651412964, -24.8134651184, 49.2120056152, -16.746049881, 15.5107097626], [-27.614900589, -3.77661895752, -46.496837616, 19.3643264771, -35.3958129883, 38.0474662781, 20.1287479401, 110.544692993, 14.0988426208, 15.6487178802, -17.4586238861, 23.6305351257, -5.04590368271], [-50.3945198059, -27.2862892151, -11.2893285751, -36.2137641907, 63.877910614, -22.4439907074, 25.4651412964, 14.0988426208, 115.283401489, 13.5823755264, 17.9775524139, -6.81777906418, 25.7634868622], [103.99005127, -28.8739891052, -38.2605705261, 32.6639900208, -16.4598255157, 33.916759491, -24.8134651184, 15.6487178802, 13.5823755264, 97.4470748901, 10.9606409073, 12.2443523407, -12.0362434387], [-230.70904541, 8.07589530945, 43.5825386047, -38.5642547607, 20.9596099854, -12.2999305725, 49.2120056152, -17.4586238861, 17.9775524139, 10.9606409073, 94.6884155273, 6.95165920258, 13.2470722198], [-3.2692797184, -1.61478388309, -31.3013858795, 10.9300918579, -6.59373378754, 13.1897201538, -16.746049881, 23.6305351257, -6.81777906418, 12.2443523407, 6.95165920258, 76.3680496216, 20.3159484863], [-113.11882019, -25.3523979187, 30.3512325287, -2.98392939568, 30.6275463104, -18.7332267761, 15.5107097626, -5.04590368271, 25.7634868622, -12.0362434387, 13.2470722198, 20.3159484863, 72.7512130737]],
