{
"lowlevel": {
    "average_loudness": 0.917150974274,
    "barkbands_crest": {
        "dmean": 2.3901348114,
        "dmean2": 3.76519322395,
        "dvar": 4.46033716202,
        "dvar2": 10.9101715088,
        "max": 24.483587265,
        "mean": 11.0169620514,
        "median": 10.4758396149,
        "min": 2.43244695663,
        "var": 19.1865386963
    },
    "barkbands_flatness_db": {
        "dmean": 0.0189190227538,
        "dmean2": 0.0277953688055,
        "dvar": 0.00035088302684,
        "dvar2": 0.000686768442392,
        "max": 0.340466856956,
        "mean": 0.127234682441,
        "median": 0.120995238423,
        "min": 0.0277811549604,
        "var": 0.00236361520365
    },
    "barkbands_kurtosis": {
        "dmean": 3.30535125732,
        "dmean2": 5.02954721451,
        "dvar": 36.7743492126,
        "dvar2": 83.6296691895,
        "max": 146.34147644,
        "mean": 6.23934698105,
        "median": 2.19908356667,
        "min": -1.94415605068,
        "var": 156.819412231
    },
    "barkbands_skewness": {
        "dmean": 0.5470662117,
        "dmean2": 0.813371837139,
        "dvar": 0.341044187546,
        "dvar2": 0.727480471134,
        "max": 10.5736131668,
        "mean": 1.90304064751,
        "median": 1.62433290482,
        "min": -3.32590436935,
        "var": 2.34763073921
    },
    "barkbands_spread": {
        "dmean": 7.08976221085,
        "dmean2": 10.1879644394,
        "dvar": 74.2982025146,
        "dvar2": 138.334152222,
        "max": 104.6092453,
        "mean": 27.8638725281,
        "median": 23.2015266418,
        "min": 1.04417920113,
        "var": 322.504364014
    },
    "dissonance": {
        "dmean": 0.0174686964601,
        "dmean2": 0.0287117175758,
        "dvar": 0.000306176196318,
        "dvar2": 0.000805262243375,
        "max": 0.499994933605,
        "mean": 0.460176557302,
        "median": 0.467627674341,
        "min": 0.254049867392,
        "var": 0.000856158148963
    },
    "dynamic_complexity": 2.95696306229,
    "erbbands_crest": {
        "dmean": 2.41263604164,
        "dmean2": 3.82749772072,
        "dvar": 5.62643814087,
        "dvar2": 13.4612751007,
        "max": 28.5286941528,
        "mean": 8.75364112854,
        "median": 7.70350456238,
        "min": 2.15527868271,
        "var": 19.3191757202
    },
    "erbbands_flatness_db": {
        "dmean": 0.0135158887133,
        "dmean2": 0.0197588354349,
        "dvar": 0.000198538939003,
        "dvar2": 0.000386370316846,
        "max": 0.282548993826,
        "mean": 0.136275663972,
        "median": 0.130843967199,
        "min": 0.0190611947328,
        "var": 0.00128086237237
    },
    "erbbands_kurtosis": {
        "dmean": 0.886028885841,
        "dmean2": 1.35634386539,
        "dvar": 1.61729121208,
        "dvar2": 3.59732580185,
        "max": 28.4926242828,
        "mean": 0.348938792944,
        "median": -0.302092313766,
        "min": -1.83628118038,
        "var": 4.77295684814
    },
    "erbbands_skewness": {
        "dmean": 0.356778055429,
        "dmean2": 0.511707603931,
        "dvar": 0.119036130607,
        "dvar2": 0.22963090241,
        "max": 4.61901426315,
        "mean": 0.257009804249,
        "median": 0.225208550692,
        "min": -3.11603832245,
        "var": 0.799977660179
    },
    "erbbands_spread": {
        "dmean": 10.1861791611,
        "dmean2": 15.2374076843,
        "dvar": 111.880844116,
        "dvar2": 239.797698975,
        "max": 152.615829468,
        "mean": 55.4620933533,
        "median": 51.4638633728,
        "min": 4.08609771729,
        "var": 699.235229492
    },
    "hfc": {
        "dmean": 9.64137554169,
        "dmean2": 11.7113161087,
        "dvar": 303.528717041,
        "dvar2": 514.651550293,
        "max": 385.103271484,
        "mean": 26.4668083191,
        "median": 16.4711074829,
        "min": 1.1005008731e-16,
        "var": 882.311584473
    },
    "melbands_crest": {
        "dmean": 2.97583651543,
        "dmean2": 4.76610612869,
        "dvar": 7.33283281326,
        "dvar2": 17.9111003876,
        "max": 35.3055801392,
        "mean": 16.8391799927,
        "median": 15.9704322815,
        "min": 1.62141883373,
        "var": 40.4566192627
    },
    "melbands_flatness_db": {
        "dmean": 0.0237424951047,
        "dmean2": 0.0346428453922,
        "dvar": 0.000579139741603,
        "dvar2": 0.00112048431765,
        "max": 0.460043400526,
        "mean": 0.185124889016,
        "median": 0.179702803493,
        "min": 0.00161460356321,
        "var": 0.00427770009264
    },
    "melbands_kurtosis": {
        "dmean": 10.8380413055,
        "dmean2": 16.7606811523,
        "dvar": 474.557891846,
        "dvar2": 1139.44921875,
        "max": 607.75378418,
        "mean": 26.2038879395,
        "median": 11.52202034,
        "min": -1.80444264412,
        "var": 1941.80065918
    },
    "melbands_skewness": {
        "dmean": 0.819472908974,
        "dmean2": 1.25374603271,
        "dvar": 0.896130442619,
        "dvar2": 2.00603699684,
        "max": 18.6200828552,
        "mean": 3.62420272827,
        "median": 2.97795891762,
        "min": -1.22851860523,
        "var": 6.29583024979
    },
    "melbands_spread": {
        "dmean": 8.12833404541,
        "dmean2": 12.1071176529,
        "dvar": 151.425048828,
        "dvar2": 309.761505127,
        "max": 208.609222412,
        "mean": 26.0361766815,
        "median": 19.9055938721,
        "min": 0.674269556999,
        "var": 540.802307129
    },
    "pitch_salience": {
        "dmean": 0.0645482167602,
        "dmean2": 0.10195620358,
        "dvar": 0.00353216263466,
        "dvar2": 0.00830794684589,
        "max": 0.963948130608,
        "mean": 0.491248518229,
        "median": 0.499623596668,
        "min": 0.094943113625,
        "var": 0.0166229009628
    },
    "silence_rate_20dB": {
        "dmean": 0,
        "dmean2": 0,
        "dvar": 0,
        "dvar2": 0,
        "max": 1,
        "mean": 1,
        "median": 1,
        "min": 1,
        "var": 0
    },
    "silence_rate_30dB": {
        "dmean": 0.000467235135147,
        "dmean2": 0.000934579467867,
        "dvar": 0.000467035104521,
        "dvar2": 0.00163471326232,
        "max": 1,
        "mean": 0.999766409397,
        "median": 1,
        "min": 0,
        "var": 0.000233486265643
    },
    "silence_rate_60dB": {
        "dmean": 0.00584043934941,
        "dmean2": 0.0116822430864,
        "dvar": 0.00580653827637,
        "dvar2": 0.0152848698199,
        "max": 1,
        "mean": 0.0453165136278,
        "median": 0,
        "min": 0,
        "var": 0.0432617142797
    },
    "spectral_centroid": {
        "dmean": 271.592773438,
        "dmean2": 393.385528564,
        "dvar": 107694.25,
        "dvar2": 199165.8125,
        "max": 11730.2148438,
        "mean": 1373.01330566,
        "median": 1202.23876953,
        "min": 182.985183716,
        "var": 703158.5625
    },
    "spectral_complexity": {
        "dmean": 3.68111205101,
        "dmean2": 5.09485960007,
        "dvar": 21.3464984894,
        "dvar2": 32.772644043,
        "max": 58,
        "mean": 16.6736736298,
        "median": 14,
        "min": 0,
        "var": 107.61655426
    },
    "spectral_decrease": {
        "dmean": 1.61280255817e-09,
        "dmean2": 2.45216869033e-09,
        "dvar": 3.52703692056e-18,
        "dvar2": 7.93160824628e-18,
        "max": 7.17013847904e-29,
        "mean": -6.34702024271e-09,
        "median": -5.69417046847e-09,
        "min": -2.77854894648e-08,
        "var": 1.5658017798e-17
    },
    "spectral_energy": {
        "dmean": 0.00661384081468,
        "dmean2": 0.009789891541,
        "dvar": 5.91551470279e-05,
        "dvar2": 0.000124562036945,
        "max": 0.109325878322,
        "mean": 0.0263557080179,
        "median": 0.0233799554408,
        "min": 1.03083797236e-20,
        "var": 0.000269773416221
    },
    "spectral_energyband_high": {
        "dmean": 0.000998203409836,
        "dmean2": 0.00123655097559,
        "dvar": 4.97505243402e-06,
        "dvar2": 8.86850921233e-06,
        "max": 0.05908607319,
        "mean": 0.00194547581486,
        "median": 0.000755461980589,
        "min": 7.5133089688e-21,
        "var": 1.10480832518e-05
    },
    "spectral_energyband_low": {
        "dmean": 0.00345083512366,
        "dmean2": 0.00553346890956,
        "dvar": 2.55774739344e-05,
        "dvar2": 6.08361078775e-05,
        "max": 0.0879052728415,
        "mean": 0.00982892885804,
        "median": 0.00645766500384,
        "min": 3.11906735128e-23,
        "var": 0.000107919448055
    },
    "spectral_energyband_middle_high": {
        "dmean": 0.00146566983312,
        "dmean2": 0.00207145349123,
        "dvar": 6.33703575659e-06,
        "dvar2": 1.4074675164e-05,
        "max": 0.0670093968511,
        "mean": 0.00429205875844,
        "median": 0.00242592743598,
        "min": 1.28920803864e-21,
        "var": 3.23221429426e-05
    },
    "spectral_energyband_middle_low": {
        "dmean": 0.00429982645437,
        "dmean2": 0.00682576326653,
        "dvar": 3.0712064472e-05,
        "dvar2": 7.57317029638e-05,
        "max": 0.101234272122,
        "mean": 0.0138163855299,
        "median": 0.0115546956658,
        "min": 1.90763732496e-22,
        "var": 0.000117243253044
    },
    "spectral_entropy": {
        "dmean": 0.157736927271,
        "dmean2": 0.21668599546,
        "dvar": 0.0293823070824,
        "dvar2": 0.0494119673967,
        "max": 9.82023429871,
        "mean": 7.72919034958,
        "median": 7.75734233856,
        "min": 5.62423419952,
        "var": 0.191088825464
    },
    "spectral_flux": {
        "dmean": 0.0188788939267,
        "dmean2": 0.028236463666,
        "dvar": 0.00043110336992,
        "dvar2": 0.000877590617165,
        "max": 0.256838709116,
        "mean": 0.0712658241391,
        "median": 0.0632027983665,
        "min": 6.21324935945e-11,
        "var": 0.00153615686577
    },
    "spectral_kurtosis": {
        "dmean": 0.758226811886,
        "dmean2": 1.19965445995,
        "dvar": 0.81810605526,
        "dvar2": 1.8825442791,
        "max": 23.1040687561,
        "mean": 2.22514772415,
        "median": 1.78889966011,
        "min": -1.25814843178,
        "var": 3.22488856316
    },
    "spectral_rms": {
        "dmean": 0.000619944417849,
        "dmean2": 0.000905567430891,
        "dvar": 4.14685842998e-07,
        "dvar2": 8.27065264275e-07,
        "max": 0.010327603668,
        "mean": 0.00477544544265,
        "median": 0.00477595161647,
        "min": 3.171270321e-12,
        "var": 2.90795446745e-06
    },
    "spectral_rolloff": {
        "dmean": 680.067687988,
        "dmean2": 1092.2623291,
        "dvar": 1401325.125,
        "dvar2": 2750163.75,
        "max": 19336.8164062,
        "mean": 1863.91210938,
        "median": 1098.19335938,
        "min": 21.533203125,
        "var": 4495512
    },
    "spectral_skewness": {
        "dmean": 0.151626512408,
        "dmean2": 0.223516449332,
        "dvar": 0.0256033204496,
        "dvar2": 0.047499217093,
        "max": 3.88681077957,
        "mean": 1.23516917229,
        "median": 1.21726918221,
        "min": -0.102991625667,
        "var": 0.154864817858
    },
    "spectral_spread": {
        "dmean": 508228.03125,
        "dmean2": 745591.8125,
        "dvar": 537098354688,
        "dvar2": 1.02189924352e+12,
        "max": 42757376,
        "mean": 6109557.5,
        "median": 6070763.5,
        "min": 2157604.75,
        "var": 4.5205291008e+12
    },
    "spectral_strongpeak": {
        "dmean": 0.465206563473,
        "dmean2": 0.792556881905,
        "dvar": 1.35175740719,
        "dvar2": 3.70477628708,
        "max": 36.966999054,
        "mean": 0.988839566708,
        "median": 0.667293608189,
        "min": 0,
        "var": 1.73055374622
    },
    "zerocrossingrate": {
        "dmean": 0.0138450916857,
        "dmean2": 0.0153641458601,
        "dvar": 0.000258042564383,
        "dvar2": 0.000299310311675,
        "max": 0.515625,
        "mean": 0.0760586187243,
        "median": 0.06494140625,
        "min": 0.0048828125,
        "var": 0.00240347301587
    },
    "barkbands": {
        "dmean": [8.63662498887e-05, 0.000927536515519, 0.00230581103824, 0.00202860520221, 0.00156941672321, 0.000571984157432, 0.000788237492088, 0.000872250355314, 0.000693828915246, 0.00026448929566, 0.000262957502855, 0.000194708452909, 0.000341842678608, 0.000329391652485, 0.00024963679607, 0.000261936191237, 0.000173804277438, 0.000202433686354, 0.00015474826796, 0.000156210371642, 0.00018012743385, 0.000251164921792, 0.000214484171011, 0.000270301185083, 0.000109201442683, 2.11090846278e-05, 6.17381601842e-07],
        "dmean2": [0.000143580517033, 0.00128549756482, 0.00389198446646, 0.00344604672864, 0.00245603942312, 0.000872254720889, 0.00122762052342, 0.00131745834369, 0.00106986227911, 0.000406832812587, 0.000403621001169, 0.00030957031413, 0.000543119444046, 0.00050981255481, 0.000392615969758, 0.000408797321143, 0.000268204777967, 0.000308570131892, 0.000226094882237, 0.000230115299928, 0.000257368083112, 0.000356332020601, 0.0002870275639, 0.000372653128579, 0.000145040190546, 2.84558500425e-05, 9.62253352554e-07],
        "dvar": [6.60764953864e-08, 7.07593244442e-06, 1.3534813661e-05, 9.9814233181e-06, 8.19047272671e-06, 1.8261346213e-06, 2.76251989817e-06, 4.7599573918e-06, 2.26990687224e-06, 4.88568787205e-07, 4.19716741362e-07, 5.58177248422e-07, 7.42236977658e-07, 9.67880396274e-07, 7.42015402011e-07, 1.76706203092e-06, 2.17723936657e-07, 2.12139724454e-07, 1.47446471033e-07, 1.32803478436e-07, 2.09092661407e-07, 3.64417445553e-07, 3.44692864473e-07, 5.18865192589e-07, 6.50696989624e-08, 2.35461095066e-09, 3.54863425971e-12],
        "dvar2": [1.66402301716e-07, 1.37821361932e-05, 3.71589812858e-05, 2.63284164248e-05, 2.01183920581e-05, 4.29331066698e-06, 6.42302074993e-06, 1.08574577098e-05, 5.31073919774e-06, 1.14338251933e-06, 9.48575120674e-07, 1.3598366877e-06, 1.97116105483e-06, 2.30333648688e-06, 1.8193500182e-06, 4.5459132707e-06, 5.08691300638e-07, 4.78152571759e-07, 3.24809406038e-07, 2.8683635378e-07, 4.38727255414e-07, 7.76477349973e-07, 6.47838533041e-07, 1.09194866127e-06, 1.27242813619e-07, 4.55638016206e-09, 8.3363090736e-12],
        "max": [0.00411455752328, 0.0474702343345, 0.0584805719554, 0.0902723222971, 0.0488748140633, 0.0414976663888, 0.0595856904984, 0.0446650981903, 0.0266790241003, 0.02020281367, 0.0312934555113, 0.037613902241, 0.0311668310314, 0.0304092448205, 0.0327886380255, 0.0449172519147, 0.0161452516913, 0.0194370765239, 0.0180445779115, 0.00951526220888, 0.012993466109, 0.0166943725199, 0.0193127412349, 0.0203519277275, 0.00478086993098, 0.000965527549852, 3.44856198353e-05],
        "mean": [7.87793105701e-05, 0.00138378655538, 0.00492327241227, 0.00555599108338, 0.00295422691852, 0.00102227507159, 0.00133246893529, 0.0015504808398, 0.00127798772883, 0.000448913138825, 0.000464286305942, 0.000306199566694, 0.000623816275038, 0.000577238679398, 0.000397235766286, 0.000403425743571, 0.000302573607769, 0.000374270253815, 0.00029778847238, 0.000276812817901, 0.000308826420223, 0.000445950980065, 0.000374928989913, 0.000444652629085, 0.000193141895579, 3.55751471943e-05, 8.17273871689e-07],
        "median": [1.32669683808e-05, 0.000334289856255, 0.00198009051383, 0.00249870121479, 0.00144275580533, 0.000405733590014, 0.000522917951457, 0.000339047488524, 0.000336719880579, 0.000100908735476, 0.000107838699478, 8.09075863799e-05, 0.000188087287825, 0.000135593581945, 0.000122180659673, 6.96230781614e-05, 0.000102829639218, 0.000150950450916, 0.000133261710289, 0.000126926373923, 0.0001137523941, 0.000173729844391, 0.000121906385175, 0.000136038404889, 6.19057391305e-05, 1.0506111721e-05, 2.25408484766e-07],
        "min": [9.61829801351e-25, 5.17248561932e-24, 9.28317412375e-25, 2.05575574179e-24, 1.61391853531e-23, 1.5183431457e-23, 1.31958293531e-23, 1.42883314982e-23, 2.3862327675e-23, 2.24334686505e-23, 1.66021457302e-23, 3.88597425751e-23, 2.13955091372e-23, 3.61738037214e-23, 6.27952087e-23, 8.97202115311e-23, 1.09618331719e-22, 1.07779377042e-22, 1.54024599495e-22, 1.58000647784e-22, 2.59517996474e-22, 3.4087151769e-22, 4.90538802954e-22, 6.92844946267e-22, 8.93689589068e-22, 1.58465651627e-21, 2.0328333119e-21],
        "var": [5.96534093233e-08, 1.11496983664e-05, 4.40128351329e-05, 6.01288775215e-05, 1.74915094249e-05, 4.28741213909e-06, 6.26020346317e-06, 1.48267390614e-05, 6.31844932286e-06, 1.16641069781e-06, 1.73578098384e-06, 1.01417606402e-06, 1.75651848622e-06, 2.57753436017e-06, 1.13995247375e-06, 3.66586846212e-06, 5.74577427415e-07, 5.40382245617e-07, 3.09343192839e-07, 2.29558565934e-07, 3.48127628058e-07, 6.37737400666e-07, 6.48521563562e-07, 8.36576418806e-07, 1.31432869921e-07, 4.68429872669e-09, 4.08992804901e-12]
    },
    "erbbands": {
        "dmean": [0.0419771522284, 0.178543671966, 1.86176526546, 5.13164329529, 5.37479734421, 5.75101613998, 4.11825704575, 5.61160326004, 8.73777294159, 16.2803535461, 17.575296402, 14.8976802826, 9.18753051758, 9.30323600769, 7.95779657364, 7.5958533287, 12.1258459091, 17.0183334351, 13.7771396637, 11.7524757385, 14.0142316818, 9.98364162445, 10.8612442017, 7.19355297089, 8.32020187378, 7.97319221497, 6.0061674118, 8.6703042984, 9.06356239319, 7.29905653, 6.15824699402, 6.89144086838, 3.37844371796, 1.61722958088, 0.578275263309, 0.169183835387, 0.0230710320175, 0.00221924996004, 0.000104446691694, 1.25703636513e-05],
        "dmean2": [0.0619858056307, 0.250685036182, 3.12524247169, 8.7069196701, 9.06394958496, 8.6537322998, 6.25449514389, 8.57975578308, 13.497218132, 24.7093257904, 26.3921489716, 22.8806324005, 14.0847206116, 13.9865722656, 12.3578701019, 11.9264211655, 19.1051864624, 26.1325187683, 21.3864269257, 18.2134685516, 22.0160274506, 15.0153722763, 16.4553356171, 10.5086088181, 12.0047998428, 11.6359863281, 8.56594753265, 12.283700943, 12.7684011459, 10.1159677505, 8.28268623352, 9.84643363953, 4.54651451111, 2.20798516273, 0.77085930109, 0.224232986569, 0.0303328689188, 0.00298429280519, 0.000151914689923, 1.63484564837e-05],
        "dvar": [0.0193805731833, 0.163811638951, 8.71016120911, 63.9514808655, 103.558395386, 128.358551025, 48.2775688171, 202.723587036, 590.105895996, 1065.42285156, 1619.48754883, 1103.35351562, 465.336181641, 525.089538574, 355.275024414, 1160.00341797, 1278.60742188, 2350.77612305, 2090.28955078, 1897.26428223, 4660.81835938, 748.851501465, 608.22869873, 305.453399658, 475.457214355, 333.81036377, 240.544067383, 519.630737305, 435.033050537, 440.356140137, 270.745056152, 429.349243164, 61.2524528503, 15.5060100555, 1.6372808218, 0.145320549607, 0.00288115302101, 3.27445122821e-05, 9.31680403937e-08, 3.85044995888e-10],
        "dvar2": [0.0437180101871, 0.281180381775, 23.7673091888, 170.850448608, 288.705444336, 263.29800415, 112.882133484, 462.188568115, 1260.62854004, 2488.26757812, 3717.76342773, 2566.92480469, 1138.69848633, 1218.55029297, 860.539001465, 2842.95263672, 3551.39746094, 5505.94628906, 4966.58886719, 4450.82373047, 11995.5615234, 1720.54577637, 1425.98449707, 666.618041992, 997.618103027, 730.386291504, 505.317932129, 1127.2980957, 907.705871582, 935.714294434, 507.882720947, 978.424499512, 116.092041016, 31.478395462, 3.09135222435, 0.27315852046, 0.00561063364148, 6.79296063026e-05, 2.1213649859e-07, 6.75407119122e-10],
        "max": [2.34823274612, 7.49408149719, 42.5635490417, 160.657333374, 157.73614502, 265.015075684, 159.113494873, 509.623931885, 1226.70385742, 512.849243164, 656.838928223, 596.423217773, 540.926086426, 1051.52050781, 579.112487793, 1861.72546387, 1744.70507812, 1705.38012695, 2007.91760254, 2366.92724609, 2661.45874023, 972.24786377, 1104.33837891, 473.124176025, 1162.65075684, 429.393951416, 626.724121094, 529.961791992, 441.556396484, 802.733520508, 533.575500488, 596.18951416, 215.539016724, 71.200340271, 23.4183483124, 7.3894329071, 0.959962666035, 0.109613031149, 0.00587905198336, 0.000389895634726],
        "mean": [0.0474133044481, 0.349228918552, 3.9935734272, 14.9913978577, 11.1578140259, 11.5215768814, 8.16341304779, 9.89609146118, 15.1559524536, 29.0232791901, 32.8497161865, 28.1454296112, 17.1609458923, 17.4607696533, 14.6017398834, 13.0249547958, 23.531583786, 33.8419952393, 23.8466529846, 19.9658145905, 23.235616684, 18.7456951141, 20.2775592804, 14.957526207, 15.9604740143, 14.2809667587, 10.4140520096, 14.5527486801, 16.2608852386, 12.8585929871, 10.7290773392, 10.5992250443, 5.96485042572, 2.7822740078, 1.04185938835, 0.295276999474, 0.0390780456364, 0.00365424947813, 0.000166430007084, 4.23744677391e-05],
        "median": [0.00697676418349, 0.148810327053, 1.85879230499, 8.29386520386, 6.18514919281, 4.05969142914, 4.16658306122, 3.57562494278, 6.03112030029, 10.6958446503, 9.71339035034, 8.29925727844, 5.6205072403, 5.31192445755, 4.90601348877, 3.89229726791, 8.47430992126, 9.13039779663, 6.9253911972, 6.01792192459, 4.90158653259, 6.45507192612, 8.35409641266, 6.53218984604, 7.1949338913, 6.6364274025, 4.08585548401, 5.19710063934, 6.379778862, 4.69805383682, 3.47775173187, 3.07819724083, 1.93137931824, 0.882362365723, 0.339353859425, 0.0919767022133, 0.0111467083916, 0.00103924574796, 5.93146323808e-05, 3.34667565767e-05],
        "min": [2.08489437036e-22, 8.63464680096e-22, 2.02625666058e-21, 1.65956486971e-20, 3.1929161951e-20, 4.51426872276e-20, 8.01660798186e-20, 1.05642027764e-19, 1.58724172225e-19, 2.67397067301e-19, 4.34421040546e-19, 4.69215048845e-19, 8.72200020789e-19, 1.01095657001e-18, 1.16390226528e-18, 1.45624174903e-18, 1.5128730153e-18, 1.68391018454e-18, 3.55753300179e-18, 5.86700390125e-18, 5.16711563162e-18, 6.04202373834e-18, 6.0990524649e-18, 7.00402527816e-18, 6.68907088326e-18, 7.8449106191e-18, 8.35204760803e-18, 1.10484901417e-17, 1.37207922363e-17, 1.11213250489e-17, 1.30347799214e-17, 1.45235296617e-17, 1.08438059534e-17, 8.96210075441e-18, 6.28193010422e-18, 4.99264132015e-18, 2.77660067767e-18, 9.80258243122e-19, 2.86804301285e-19, 2.80861099057e-20],
        "var": [0.0217326954007, 0.406314998865, 26.2932949066, 324.273590088, 212.660064697, 450.106842041, 124.910270691, 495.158721924, 1359.49963379, 2921.6340332, 4389.21289062, 3002.40869141, 1169.93127441, 1840.95898438, 961.743774414, 1932.83105469, 2985.74658203, 7110.92431641, 3546.25292969, 3947.70556641, 9726.06445312, 2158.34960938, 1421.41674805, 886.463195801, 927.430725098, 577.82635498, 393.351806641, 818.408996582, 804.019897461, 704.58215332, 514.816772461, 585.390014648, 124.554954529, 28.6608810425, 3.63281035423, 0.307602345943, 0.00583684165031, 5.60296830372e-05, 1.20357213973e-07, 1.17011533796e-09]
    },
    "gfcc": {
        "mean": [-0.817680001259, 69.9210891724, -105.48815155, 46.4454879761, -72.5416259766, 20.6547908783, -46.8681373596, 6.50220966339, -26.4428520203, -2.27168297768, -21.6246852875, -11.9522399902, -20.5303077698],
        "cov": [[16325.2539062, 165.769714355, -1673.45678711, 512.005554199, -1063.37268066, 393.592681885, -582.493896484, 253.591293335, -285.583221436, -0.309884011745, -324.017425537, -165.784667969, -258.72946167], [165.769714355, 921.272155762, -195.111755371, -272.229614258, 21.3366622925, -121.243186951, 55.3663482666, -111.957504272, 41.3094940186, -74.9642181396, 54.5135993958, -92.3743743896, 3.59327673912], [-1673.45678711, -195.111755371, 733.689331055, 213.643356323, 80.9883422852, 8.52290916443, 47.3660240173, -3.55270981789, -1.46282839775, 55.1945114136, 22.560136795, 59.130821228, 27.9485683441], [512.005554199, -272.229614258, 213.643356323, 397.337310791, 20.9429416656, 22.0920829773, -60.4706192017, 44.8526382446, -13.4443569183, 4.2867937088, -36.0927581787, 8.94003105164, -4.78458833694], [-1063.37268066, 21.3366622925, 80.9883422852, 20.9429416656, 260.333831787, 27.5351085663, 48.8052635193, -19.4955539703, 10.3634719849, -14.4768314362, 0.389324486256, 10.567694664, 44.9719810486], [393.592681885, -121.243186951, 8.52290916443, 22.0920829773, 27.5351085663, 200.823410034, 63.1998214722, 26.7199172974, -36.2724189758, 24.3496379852, -11.8098268509, 9.55483055115, -10.6120004654], [-582.493896484, 55.3663482666, 47.3660240173, -60.4706192017, 48.8052635193, 63.1998214722, 146.461135864, 26.0457801819, 8.91142082214, -5.93034076691, 21.1192703247, -9.03514862061, -0.990229785442], [253.591293335, -111.957504272, -3.55270981789, 44.8526382446, -19.4955539703, 26.7199172974, 26.0457801819, 118.442100525, 39.6717758179, 15.5903730392, -15.9210138321, 6.4316778183, 1.12515795231], [-285.583221436, 41.3094940186, -1.46282839775, -13.4443569183, 10.3634719849, -36.2724189758, 8.91142082214, 39.6717758179, 109.617485046, 26.0568141937, 9.35050868988, -9.513712883, 4.27550315857], [-0.309884011745, -74.9642181396, 55.1945114136, 4.2867937088, -14.4768314362, 24.3496379852, -5.93034076691, 15.5903730392, 26.0568141937, 98.7549285889, 39.2206230164, 29.8692798615, 2.72846841812], [-324.017425537, 54.5135993958, 22.560136795, -36.0927581787, 0.389324486256, -11.8098268509, 21.1192703247, -15.9210138321, 9.35050868988, 39.2206230164, 97.0788421631, 35.7771034241, -3.57380580902], [-165.784667969, -92.3743743896, 59.130821228, 8.94003105164, 10.567694664, 9.55483055115, -9.03514862061, 6.4316778183, -9.513712883, 29.8692798615, 35.7771034241, 109.477165222, 59.598613739], [-258.72946167, 3.59327673912, 27.9485683441, -4.78458833694, 44.9719810486, -10.6120004654, -0.990229785442, 1.12515795231, 4.27550315857, 2.72846841812, -3.57380580902, 59.598613739, 100.950958252]],
        "icov": [[0.000412337161833, -0.000888362643309, 0.000908590736799, -0.00113537767902, 0.00120984029491, -0.00118845165707, 0.00118976610247, -0.00110237300396, 0.00112043367699, -0.000998305389658, 0.00124194624368, -0.00073699792847, 0.000601712614298], [-0.000888362643309, 0.00411985581741, -0.00179700856097, 0.00325962319039, -0.00240851310082, 0.00299779232591, -0.00305056665093, 0.00390726188198, -0.00341024226509, 0.00370193296112, -0.00483635347337, 0.00429825345054, -0.00312124541961], [0.000908590736799, -0.00179700856097, 0.0042028571479, -0.00399486394599, 0.00240292120725, -0.00153789413162, 0.000339160469593, -0.00105061940849, 0.00253022671677, -0.00388465286233, 0.00358530762605, -0.0028816126287, 0.00164859148208], [-0.00113537767902, 0.00325962319039, -0.00399486394599, 0.00770883867517, -0.00393606349826, 0.00234257965349, 7.532483869e-05, 0.000839726591948, -0.0027544463519, 0.00448842765763, -0.00438480498269, 0.00369877321646, -0.00190700835083], [0.00120984029491, -0.00240851310082, 0.00240292120725, -0.00393606349826, 0.00868295133114, -0.00445644184947, 0.00185794697609, -0.00112141424324, 0.00162694079336, -0.00159852777142, 0.00308987032622, -0.00119551701937, -0.00118171516806], [-0.00118845165707, 0.00299779232591, -0.00153789413162, 0.00234257965349, -0.00445644184947, 0.0123474905267, -0.00892333965749, 0.00297555117868, 0.000612706237007, -0.00196074368432, 0.000290345255053, -2.10067646549e-05, 0.000596459489316], [0.00118976610247, -0.00305056665093, 0.000339160469593, 7.532483869e-05, 0.00185794697609, -0.00892333965749, 0.0178559888154, -0.00873516406864, 0.00275682215579, 0.00210742023773, -0.00268257851712, 0.00214428873733, 3.97207732021e-05], [-0.00110237300396, 0.00390726188198, -0.00105061940849, 0.000839726591948, -0.00112141424324, 0.00297555117868, -0.00873516406864, 0.0182034876198, -0.0094520105049, 0.00177964987233, 0.000196283566765, -0.000343941559549, -0.00154769944493], [0.00112043367699, -0.00341024226509, 0.00253022671677, -0.0027544463519, 0.00162694079336, 0.000612706237007, 0.00275682215579, -0.0094520105049, 0.0179734509438, -0.0084301456809, 0.00350888632238, 0.000439594150521, 0.000965270155575], [-0.000998305389658, 0.00370193296112, -0.00388465286233, 0.00448842765763, -0.00159852777142, -0.00196074368432, 0.00210742023773, 0.00177964987233, -0.0084301456809, 0.021274914965, -0.0122565357015, 0.00301920785569, -0.00332962907851], [0.00124194624368, -0.00483635347337, 0.00358530762605, -0.00438480498269, 0.00308987032622, 0.000290345255053, -0.00268257851712, 0.000196283566765, 0.00350888632238, -0.0122565357015, 0.0258638262749, -0.0149734281003, 0.0107184350491], [-0.00073699792847, 0.00429825345054, -0.0028816126287, 0.00369877321646, -0.00119551701937, -2.10067646549e-05, 0.00214428873733, -0.000343941559549, 0.000439594150521, 0.00301920785569, -0.0149734281003, 0.0264428667724, -0.0167549606413], [0.000601712614298, -0.00312124541961, 0.00164859148208, -0.00190700835083, -0.00118171516806, 0.000596459489316, 3.97207732021e-05, -0.00154769944493, 0.000965270155575, -0.00332962907851, 0.0107184350491, -0.0167549606413, 0.0219392310828]]
    },
    "melbands": {
        "dmean": [0.000299397244817, 0.000702141667716, 0.000856837781612, 0.000377601390937, 0.000172134197783, 0.000125702325022, 0.000139481169754, 0.000185893091839, 0.00014706820366, 9.21595201362e-05, 4.69779661216e-05, 3.8835030864e-05, 3.26507033606e-05, 1.91168546735e-05, 2.30834248214e-05, 3.54232688551e-05, 3.25761684508e-05, 2.52459085459e-05, 1.73973967321e-05, 1.81052273547e-05, 1.5860370695e-05, 1.22628207464e-05, 7.4855342973e-06, 1.22463416119e-05, 5.79568677495e-06, 5.45043985767e-06, 6.17415253146e-06, 5.54832422495e-06, 3.43375654666e-06, 4.89160265715e-06, 5.85186853641e-06, 5.43441137779e-06, 4.6720233513e-06, 4.18893432652e-06, 3.43267265634e-06, 5.01642944073e-06, 3.67145230484e-06, 2.69830911748e-06, 1.88356568742e-06, 1.24665109524e-06],
        "dmean2": [0.000428044819273, 0.00116437999532, 0.00145310233347, 0.000600501603913, 0.000257304287516, 0.000191854604054, 0.000215950916754, 0.000281189451925, 0.000220870730118, 0.000142227858305, 7.23104385543e-05, 5.86245951126e-05, 5.04033559992e-05, 3.02964308503e-05, 3.62961072824e-05, 5.57304883841e-05, 5.02871807839e-05, 3.91428002331e-05, 2.70986747637e-05, 2.82328037429e-05, 2.48663236562e-05, 1.89887668967e-05, 1.1204524526e-05, 1.91156741494e-05, 8.61820353748e-06, 7.95699179434e-06, 9.17519173527e-06, 8.30409408081e-06, 5.0231114983e-06, 7.29843941372e-06, 8.65130732564e-06, 7.87330372987e-06, 6.63138280288e-06, 5.97454891249e-06, 4.77052390124e-06, 7.31759200789e-06, 5.29040153197e-06, 3.78622394237e-06, 2.60815022557e-06, 1.78466211764e-06],
        "dvar": [8.96557082797e-07, 1.19541107324e-06, 1.59481078299e-06, 5.02591944951e-07, 8.13308602687e-08, 1.03936194762e-07, 1.1285541035e-07, 1.58825272933e-07, 1.10249963825e-07, 4.30771507354e-08, 1.23268053542e-08, 9.36602972956e-09, 5.88219428721e-09, 4.75152095447e-09, 6.08561823157e-09, 7.6808461813e-09, 9.68720481609e-09, 6.02678840167e-09, 2.95367863501e-09, 8.26410762045e-09, 5.02553465509e-09, 1.37490552277e-09, 2.90233698186e-10, 7.47984840732e-10, 2.58602084191e-10, 1.41845007962e-10, 2.88614632193e-10, 1.68176694793e-10, 7.90225454517e-11, 1.7247481221e-10, 2.58065957492e-10, 1.77734937878e-10, 1.18240042757e-10, 1.69446276455e-10, 9.72198849203e-11, 2.42700026742e-10, 9.91096371639e-11, 4.34735303312e-11, 2.24812182759e-11, 1.03894956874e-11],
        "dvar2": [1.89623824554e-06, 3.17082776746e-06, 4.27409713666e-06, 1.27427506413e-06, 1.79200256412e-07, 2.38109535644e-07, 2.50265145496e-07, 3.64174098877e-07, 2.50625703302e-07, 1.02421125803e-07, 2.97952809092e-08, 2.20305338416e-08, 1.3765101059e-08, 1.19105427743e-08, 1.44307161776e-08, 1.96584952761e-08, 2.32556658375e-08, 1.43237359751e-08, 7.14450010264e-09, 2.09735411261e-08, 1.26898820341e-08, 3.21557580563e-09, 6.35152375139e-10, 1.74729031244e-09, 5.94042981472e-10, 2.87795148823e-10, 6.50759779397e-10, 3.77288950082e-10, 1.68618091712e-10, 3.82531673004e-10, 5.97694116422e-10, 3.91356919094e-10, 2.52640269816e-10, 3.71339042848e-10, 1.86760829024e-10, 5.49905732061e-10, 2.22603671607e-10, 8.76173508746e-11, 4.55585742742e-11, 2.32026047681e-11],
        "max": [0.0164133943617, 0.016126152128, 0.0294026974589, 0.0119759086519, 0.00546606723219, 0.0103763425723, 0.0156243778765, 0.00769998086616, 0.00673095416278, 0.00421172892675, 0.00262444466352, 0.00386403291486, 0.00279000028968, 0.00301503948867, 0.00322285923176, 0.00316425622441, 0.00311203114688, 0.00301176356152, 0.00179694709368, 0.00395473092794, 0.00264875986613, 0.00141998555046, 0.000656755641103, 0.00106228340883, 0.000469105987577, 0.000491291517392, 0.000857571489178, 0.000273693382042, 0.000342139624991, 0.000322514650179, 0.000441873358795, 0.0002879393287, 0.000419425778091, 0.000492860330269, 0.000318463338772, 0.000470565311844, 0.000253312435234, 0.00023356731981, 0.000113186208182, 6.92476969562e-05],
        "mean": [0.000380949000828, 0.00154453935102, 0.00248939194717, 0.000736506422982, 0.000355042982846, 0.000219855341129, 0.000242899972363, 0.000335346965585, 0.000273109122645, 0.000168781378306, 8.43266607262e-05, 7.04158373992e-05, 5.85702582612e-05, 3.07432819682e-05, 3.86320025427e-05, 6.64649633109e-05, 6.174891314e-05, 4.02656150982e-05, 2.79343985312e-05, 2.69680458587e-05, 2.57136216533e-05, 2.08153523999e-05, 1.36923554237e-05, 2.1108535293e-05, 1.0801294593e-05, 1.03366637632e-05, 1.11270019261e-05, 9.2632481028e-06, 5.72184535486e-06, 7.62523768572e-06, 9.25872973312e-06, 9.21136779652e-06, 8.25238839752e-06, 6.84161523168e-06, 5.83714063396e-06, 7.35229832571e-06, 5.74657769903e-06, 4.62777325083e-06, 3.01681461679e-06, 2.05515516427e-06],
        "median": [7.18812225387e-05, 0.000701843528077, 0.00152752734721, 0.000383666396374, 0.000166621175595, 8.09707853477e-05, 0.000101856479887, 0.000109100350528, 7.29800813133e-05, 4.33251552749e-05, 2.32887032325e-05, 2.02132650884e-05, 1.66971731232e-05, 8.55063080962e-06, 9.83716654446e-06, 1.97294903046e-05, 1.53214896272e-05, 9.71687222773e-06, 8.76463127497e-06, 5.41997360415e-06, 5.39087568541e-06, 6.45036652713e-06, 4.92419167131e-06, 8.42574900162e-06, 4.18948229708e-06, 4.74834496345e-06, 5.00286114402e-06, 4.05795935876e-06, 2.1474256755e-06, 2.60481920122e-06, 3.13935242957e-06, 3.49071569872e-06, 3.25979090121e-06, 2.27621649174e-06, 1.90200557881e-06, 1.99104079002e-06, 1.73963655925e-06, 1.50683626998e-06, 8.67697735885e-07, 6.60460045765e-07],
        "min": [2.39124802959e-24, 6.68134174628e-25, 4.67896279853e-24, 3.94035746057e-24, 3.00851531906e-24, 2.71596585793e-24, 3.03612564796e-24, 2.4917668555e-24, 3.54502928425e-24, 3.32993491995e-24, 4.21612587809e-24, 4.05565855376e-24, 3.58280980515e-24, 3.36348951299e-24, 4.58147142356e-24, 2.89506745734e-24, 2.81718953106e-24, 3.39198356331e-24, 5.93980431094e-24, 5.30075519137e-24, 6.11670873552e-24, 6.17647362656e-24, 4.2963419881e-24, 5.25826398757e-24, 4.66774243544e-24, 6.07531641496e-24, 3.98183931684e-24, 5.15984451774e-24, 5.11006621133e-24, 5.15943667665e-24, 6.08382151881e-24, 7.35430646136e-24, 5.89296253925e-24, 6.16341916187e-24, 6.43465715121e-24, 7.9256886702e-24, 8.5624934805e-24, 7.17863108207e-24, 6.56266048271e-24, 6.96484109928e-24],
        "var": [1.14311751531e-06, 4.0187032937e-06, 8.05393483461e-06, 9.86921463664e-07, 2.55437754504e-07, 2.51721701261e-07, 2.62049411504e-07, 4.86554938561e-07, 2.99212786103e-07, 1.11762808785e-07, 3.09920622499e-08, 2.93448696453e-08, 1.97231155852e-08, 8.7415585881e-09, 1.28639925379e-08, 2.0457722627e-08, 2.73779203752e-08, 1.05927284721e-08, 5.17873921524e-09, 1.62743880594e-08, 1.17303802227e-08, 3.67175556626e-09, 7.26965876385e-10, 1.67191038791e-09, 6.53137877116e-10, 3.12251252632e-10, 4.78258932457e-10, 2.70294286953e-10, 1.2766436519e-10, 2.50533704893e-10, 3.61046109676e-10, 2.86131646154e-10, 2.18739706903e-10, 2.43878084394e-10, 1.73484393517e-10, 3.24685806019e-10, 1.46103323884e-10, 8.2509887811e-11, 3.90669233075e-11, 1.6385138038e-11]
    },
    "mfcc": {
        "mean": [-635.249389648, 89.1937103271, 21.3008232117, 21.4202728271, 3.44106173515, 6.54565143585, -5.09926700592, 0.666893064976, -5.10095214844, 2.68718791008, 1.2217874527, -3.48733854294, -9.58776378632],
        "cov": [[8602.47167969, -154.78968811, -213.064971924, -86.423210144, -100.222640991, -54.8570251465, -119.91885376, 34.4619827271, 10.3827438354, 59.4180603027, 39.9378166199, -10.1320819855, -141.439178467], [-154.78968811, 1080.64782715, -184.429122925, -133.894104004, -94.3431091309, -26.742307663, -27.8005943298, -48.5949897766, -58.7951774597, -3.88569021225, -0.325369954109, -32.2432136536, -24.6147422791], [-213.064971924, -184.429122925, 544.64654541, 179.426025391, 31.2607326508, 49.3411026001, 32.245891571, -3.19765257835, -3.09514307976, -6.84356403351, 8.65813350677, 34.7587661743, 30.8217315674], [-86.423210144, -133.894104004, 179.426025391, 283.744934082, 110.790077209, -6.83873558044, -22.6849822998, -3.24082040787, 17.0274181366, -12.9982738495, -31.3465652466, 7.24372768402, 23.5920562744], [-100.222640991, -94.3431091309, 31.2607326508, 110.790077209, 165.745285034, 50.0636405945, 5.16615915298, 3.62065887451, 34.9239501953, -2.47651338577, -30.2666549683, -10.1202640533, 8.57297801971], [-54.8570251465, -26.742307663, 49.3411026001, -6.83873558044, 50.0636405945, 142.043441772, 77.1679229736, 13.2648506165, 7.16588354111, 3.19685816765, 5.30825233459, -8.84040927887, -7.13120746613], [-119.91885376, -27.8005943298, 32.245891571, -22.6849822998, 5.16615915298, 77.1679229736, 151.453765869, 47.224357605, 9.63463401794, 0.0606899484992, 16.0303077698, 2.01713418961, -5.92747116089], [34.4619827271, -48.5949897766, -3.19765257835, -3.24082040787, 3.62065887451, 13.2648506165, 47.224357605, 98.2142181396, 41.2307319641, 13.777132988, 0.960549652576, 4.95193338394, -1.37804293633], [10.3827438354, -58.7951774597, -3.09514307976, 17.0274181366, 34.9239501953, 7.16588354111, 9.63463401794, 41.2307319641, 122.434364319, 30.6461524963, -20.2390193939, -2.75176167488, 5.8203125], [59.4180603027, -3.88569021225, -6.84356403351, -12.9982738495, -2.47651338577, 3.19685816765, 0.0606899484992, 13.777132988, 30.6461524963, 92.1358413696, 41.1270599365, 5.54739332199, -10.281671524], [39.9378166199, -0.325369954109, 8.65813350677, -31.3465652466, -30.2666549683, 5.30825233459, 16.0303077698, 0.960549652576, -20.2390193939, 41.1270599365, 103.884559631, 34.0349998474, -10.8333683014], [-10.1320819855, -32.2432136536, 34.7587661743, 7.24372768402, -10.1202640533, -8.84040927887, 2.01713418961, 4.95193338394, -2.75176167488, 5.54739332199, 34.0349998474, 79.8743057251, 28.7522277832], [-141.439178467, -24.6147422791, 30.8217315674, 23.5920562744, 8.57297801971, -7.13120746613, -5.92747116089, -1.37804293633, 5.8203125, -10.281671524, -10.8333683014, 28.7522277832, 81.3225402832]],
