{
"lowlevel": {
    "average_loudness": 0.963413953781,
    "barkbands_crest": {
        "dmean": 2.54218959808,
        "dmean2": 3.96147942543,
        "dvar": 6.3012804985,
        "dvar2": 13.5659360886,
        "max": 24.1577682495,
        "mean": 10.9893951416,
        "median": 10.204492569,
        "min": 2.04341030121,
        "var": 24.8548793793
    },
    "barkbands_flatness_db": {
        "dmean": 0.023798674345,
        "dmean2": 0.0341843180358,
        "dvar": 0.000609895738307,
        "dvar2": 0.00116197671741,
        "max": 0.767427444458,
        "mean": 0.137916490436,
        "median": 0.128316670656,
        "min": 0.0346306078136,
        "var": 0.00306915258989
    },
    "barkbands_kurtosis": {
        "dmean": 2.76492118835,
        "dmean2": 4.18761730194,
        "dvar": 30.6610832214,
        "dvar2": 60.7218933105,
        "max": 179.757247925,
        "mean": 3.4637773037,
        "median": 0.415448904037,
        "min": -1.93154644966,
        "var": 88.8091964722
    },
    "barkbands_skewness": {
        "dmean": 0.652081489563,
        "dmean2": 0.953460752964,
        "dvar": 0.455437839031,
        "dvar2": 0.919076442719,
        "max": 12.1703939438,
        "mean": 1.35015118122,
        "median": 1.18520760536,
        "min": -2.92417120934,
        "var": 2.29387402534
    },
    "barkbands_spread": {
        "dmean": 8.01957416534,
        "dmean2": 12.1352853775,
        "dvar": 72.6706008911,
        "dvar2": 163.242645264,
        "max": 119.222961426,
        "mean": 30.4905529022,
        "median": 29.4860744476,
        "min": 0.893124341965,
        "var": 232.88369751
    },
    "dissonance": {
        "dmean": 0.01087890286,
        "dmean2": 0.0180678721517,
        "dvar": 0.000123614576296,
        "dvar2": 0.000327138463035,
        "max": 0.500000059605,
        "mean": 0.478955149651,
        "median": 0.482625603676,
        "min": 0.181159242988,
        "var": 0.000249506527325
    },
    "dynamic_complexity": 2.96545529366,
    "erbbands_crest": {
        "dmean": 2.25578403473,
        "dmean2": 3.63012170792,
        "dvar": 4.56071329117,
        "dvar2": 11.1886081696,
        "max": 28.8274230957,
        "mean": 7.52831029892,
        "median": 6.8216381073,
        "min": 2.30868530273,
        "var": 11.1482143402
    },
    "erbbands_flatness_db": {
        "dmean": 0.0163495671004,
        "dmean2": 0.0221644770354,
        "dvar": 0.000249241042184,
        "dvar2": 0.000481340073748,
        "max": 0.49745953083,
        "mean": 0.149132236838,
        "median": 0.144646674395,
        "min": 0.0671397969127,
        "var": 0.00137161824387
    },
    "erbbands_kurtosis": {
        "dmean": 0.957359969616,
        "dmean2": 1.47845113277,
        "dvar": 1.57888042927,
        "dvar2": 3.702876091,
        "max": 20.0666503906,
        "mean": 0.628214895725,
        "median": 0.0813466310501,
        "min": -1.73320531845,
        "var": 3.78663444519
    },
    "erbbands_skewness": {
        "dmean": 0.341923058033,
        "dmean2": 0.521478831768,
        "dvar": 0.101317763329,
        "dvar2": 0.238423630595,
        "max": 2.54576873779,
        "mean": -0.51662582159,
        "median": -0.543597698212,
        "min": -3.70844364166,
        "var": 0.444797754288
    },
    "erbbands_spread": {
        "dmean": 9.27565860748,
        "dmean2": 13.8677206039,
        "dvar": 88.3886184692,
        "dvar2": 199.925598145,
        "max": 146.694442749,
        "mean": 41.2940063477,
        "median": 38.8092575073,
        "min": 4.50303649902,
        "var": 362.357208252
    },
    "hfc": {
        "dmean": 10.1271219254,
        "dmean2": 15.1405124664,
        "dvar": 296.514068604,
        "dvar2": 723.000061035,
        "max": 188.971893311,
        "mean": 23.0025005341,
        "median": 17.406583786,
        "min": 1.01316893074e-16,
        "var": 458.396057129
    },
    "melbands_crest": {
        "dmean": 3.493268013,
        "dmean2": 5.63341569901,
        "dvar": 13.5950622559,
        "dvar2": 31.7676525116,
        "max": 31.3411445618,
        "mean": 16.8391666412,
        "median": 17.5751342773,
        "min": 1.49341595173,
        "var": 45.4736366272
    },
    "melbands_flatness_db": {
        "dmean": 0.0318053141236,
        "dmean2": 0.0460546724498,
        "dvar": 0.0011044711573,
        "dvar2": 0.0022073299624,
        "max": 0.953056097031,
        "mean": 0.181841701269,
        "median": 0.174384608865,
        "min": 0.00317375571467,
        "var": 0.0055549708195
    },
    "melbands_kurtosis": {
        "dmean": 8.93699169159,
        "dmean2": 13.5817260742,
        "dvar": 239.478805542,
        "dvar2": 500.716583252,
        "max": 348.210479736,
        "mean": 16.4947986603,
        "median": 7.79410791397,
        "min": -1.77406489849,
        "var": 719.66583252
    },
    "melbands_skewness": {
        "dmean": 0.947285473347,
        "dmean2": 1.41296517849,
        "dvar": 0.991516590118,
        "dvar2": 2.09165716171,
        "max": 14.6314554214,
        "mean": 3.05450630188,
        "median": 2.75935220718,
        "min": -1.65017652512,
        "var": 4.51254081726
    },
    "melbands_spread": {
        "dmean": 11.8429880142,
        "dmean2": 18.386013031,
        "dvar": 204.982910156,
        "dvar2": 464.876708984,
        "max": 199.400634766,
        "mean": 33.4108200073,
        "median": 27.1419219971,
        "min": 0.709919810295,
        "var": 669.575866699
    },
    "pitch_salience": {
        "dmean": 0.0863831043243,
        "dmean2": 0.136666983366,
        "dvar": 0.00762323103845,
        "dvar2": 0.0172838829458,
        "max": 0.869024097919,
        "mean": 0.501044631004,
        "median": 0.494634330273,
        "min": 0.0822344943881,
        "var": 0.0247962996364
    },
    "silence_rate_20dB": {
        "dmean": 0,
        "dmean2": 0,
        "dvar": 0,
        "dvar2": 0,
        "max": 1,
        "mean": 1,
        "median": 1,
        "min": 1,
        "var": 0
    },
    "silence_rate_30dB": {
        "dmean": 0,
        "dmean2": 0,
        "dvar": 0,
        "dvar2": 0,
        "max": 1,
        "mean": 1,
        "median": 1,
        "min": 1,
        "var": 0
    },
    "silence_rate_60dB": {
        "dmean": 0.0216919742525,
        "dmean2": 0.0433884300292,
        "dvar": 0.0212230850011,
        "dvar2": 0.0499797910452,
        "max": 1,
        "mean": 0.0803553014994,
        "median": 0,
        "min": 0,
        "var": 0.0738996714354
    },
    "spectral_centroid": {
        "dmean": 330.633575439,
        "dmean2": 498.397094727,
        "dvar": 129635.609375,
        "dvar2": 297592.375,
        "max": 11694.6435547,
        "mean": 1908.50231934,
        "median": 1828.76245117,
        "min": 143.725463867,
        "var": 1479197.5
    },
    "spectral_complexity": {
        "dmean": 5.44675159454,
        "dmean2": 7.69855356216,
        "dvar": 40.9758911133,
        "dvar2": 72.0164871216,
        "max": 61,
        "mean": 22.6650485992,
        "median": 22,
        "min": 0,
        "var": 157.185287476
    },
    "spectral_decrease": {
        "dmean": 2.47133535858e-09,
        "dmean2": 3.80496167907e-09,
        "dvar": 1.31861159232e-17,
        "dvar2": 3.16933159821e-17,
        "max": 2.23347616016e-28,
        "mean": -6.86766288283e-09,
        "median": -6.49526832319e-09,
        "min": -2.97850490938e-08,
        "var": 2.43204318437e-17
    },
    "spectral_energy": {
        "dmean": 0.00990494620055,
        "dmean2": 0.0151814054698,
        "dvar": 0.000210970843909,
        "dvar2": 0.000501874892507,
        "max": 0.11986669153,
        "mean": 0.0280065629631,
        "median": 0.0267021805048,
        "min": 9.89528782595e-21,
        "var": 0.000387082138332
    },
    "spectral_energyband_high": {
        "dmean": 0.000842877081595,
        "dmean2": 0.00128051708452,
        "dvar": 3.51552694156e-06,
        "dvar2": 8.95633274922e-06,
        "max": 0.0220372751355,
        "mean": 0.00122244516388,
        "median": 0.000547877221834,
        "min": 6.8953832408e-21,
        "var": 3.98859720008e-06
    },
    "spectral_energyband_low": {
        "dmean": 0.00640052929521,
        "dmean2": 0.0102371172979,
        "dvar": 8.09635457699e-05,
        "dvar2": 0.00020431818848,
        "max": 0.0730526149273,
        "mean": 0.0151993883774,
        "median": 0.0126573853195,
        "min": 6.59487677322e-24,
        "var": 0.000192198043806
    },
    "spectral_energyband_middle_high": {
        "dmean": 0.00247606635094,
        "dmean2": 0.00379139534198,
        "dvar": 1.49810939547e-05,
        "dvar2": 3.64171173715e-05,
        "max": 0.0506973974407,
        "mean": 0.00590091850609,
        "median": 0.00451231840998,
        "min": 1.14214871491e-21,
        "var": 3.14499520755e-05
    },
    "spectral_energyband_middle_low": {
        "dmean": 0.00480252085254,
        "dmean2": 0.00804345682263,
        "dvar": 0.000105142396933,
        "dvar2": 0.000275219936157,
        "max": 0.0818398445845,
        "mean": 0.00681675272062,
        "median": 0.0041097230278,
        "min": 1.30524912756e-22,
        "var": 9.20954189496e-05
    },
    "spectral_entropy": {
        "dmean": 0.135279551148,
        "dmean2": 0.185115233064,
        "dvar": 0.0199602749199,
        "dvar2": 0.0386010333896,
        "max": 9.82639026642,
        "mean": 7.82174539566,
        "median": 7.8163485527,
        "min": 4.27170610428,
        "var": 0.141353413463
    },
    "spectral_flux": {
        "dmean": 0.0278397668153,
        "dmean2": 0.0410161092877,
        "dvar": 0.00125540478621,
        "dvar2": 0.00224761245772,
        "max": 0.30118906498,
        "mean": 0.0817458555102,
        "median": 0.0688757970929,
        "min": 6.33721825016e-11,
        "var": 0.0028986078687
    },
    "spectral_kurtosis": {
        "dmean": 1.39658474922,
        "dmean2": 2.3486199379,
        "dvar": 34.9243354797,
        "dvar2": 93.4320068359,
        "max": 472.156768799,
        "mean": 3.39359760284,
        "median": 2.91394972801,
        "min": -1.28666627407,
        "var": 36.3336105347
    },
    "spectral_rms": {
        "dmean": 0.000879631727003,
        "dmean2": 0.00129509391263,
        "dvar": 1.25323902012e-06,
        "dvar2": 2.69053384727e-06,
        "max": 0.0108140241355,
        "mean": 0.00481386156753,
        "median": 0.00510400906205,
        "min": 3.10707883033e-12,
        "var": 4.15030945078e-06
    },
    "spectral_rolloff": {
        "dmean": 722.874267578,
        "dmean2": 1186.28796387,
        "dvar": 1074136.5,
        "dvar2": 2399164,
        "max": 19918.2128906,
        "mean": 2120.71777344,
        "median": 1959.52148438,
        "min": 86.1328125,
        "var": 5741968
    },
    "spectral_skewness": {
        "dmean": 0.188607320189,
        "dmean2": 0.303863793612,
        "dvar": 0.0820787250996,
        "dvar2": 0.199648320675,
        "max": 19.0009460449,
        "mean": 1.20409858227,
        "median": 1.17369163036,
        "min": -0.174566283822,
        "var": 0.178764298558
    },
    "spectral_spread": {
        "dmean": 512798.1875,
        "dmean2": 688934.5,
        "dvar": 649347530752,
        "dvar2": 1.3701751767e+12,
        "max": 53362428,
        "mean": 4725401,
        "median": 4165546,
        "min": 459263.9375,
        "var": 1.81732187832e+13
    },
    "spectral_strongpeak": {
        "dmean": 0.401199221611,
        "dmean2": 0.690114557743,
        "dvar": 0.809609532356,
        "dvar2": 2.03663468361,
        "max": 17.2708511353,
        "mean": 0.695421814919,
        "median": 0.470486283302,
        "min": 0,
        "var": 1.02791035175
    },
    "zerocrossingrate": {
        "dmean": 0.0133657725528,
        "dmean2": 0.0150211555883,
        "dvar": 0.000209606921999,
        "dvar2": 0.000254749524174,
        "max": 0.52734375,
        "mean": 0.0707282572985,
        "median": 0.06201171875,
        "min": 0.00341796875,
        "var": 0.0036828876473
    },
    "barkbands": {
        "dmean": [8.44290771056e-05, 0.00301571609452, 0.00342980935238, 0.0021609980613, 0.00155466364231, 0.000868686649483, 0.000612117350101, 0.00031847335049, 0.000511208141688, 0.00025712227216, 0.000225602052524, 0.00024678997579, 0.000330109556671, 0.00039121741429, 0.000518829911016, 0.000842544191983, 0.000400160817662, 0.000306133646518, 0.00022125527903, 0.000196374647203, 0.000204256808502, 0.000307646638248, 0.000189847080037, 5.97921207373e-05, 6.79028380546e-05, 9.75967850536e-06, 1.07654230419e-07],
        "dmean2": [0.000149817511556, 0.00450786482543, 0.00574177969247, 0.0039357021451, 0.00262661417946, 0.00148349709343, 0.00105355668347, 0.000514547165949, 0.000832664547488, 0.000432528788224, 0.000355563650373, 0.00039463370922, 0.000531144847628, 0.000618727121036, 0.00083527888637, 0.00135012925602, 0.000643098377623, 0.000487110839458, 0.000354345771484, 0.000315726036206, 0.000330170674715, 0.00049887993373, 0.000289089162834, 8.66701229825e-05, 0.000107132967969, 1.42234157465e-05, 1.7603721858e-07],
        "dvar": [3.19441326724e-08, 2.00989888981e-05, 3.18928759953e-05, 3.09288298013e-05, 1.34720276037e-05, 3.29153613166e-06, 2.052927357e-06, 6.95873893619e-07, 2.08532674151e-06, 4.06834004707e-07, 1.897964097e-07, 2.15029430706e-07, 3.17360274948e-07, 4.55845992064e-07, 6.83540974933e-07, 2.3677559966e-06, 4.35552948375e-07, 2.26625502364e-07, 1.57405636969e-07, 1.17199050464e-07, 1.67612370205e-07, 7.74377895141e-07, 2.06737453823e-07, 3.81343916445e-08, 4.31766267184e-08, 7.88295262399e-10, 2.50993561872e-13],
        "dvar2": [9.50007077449e-08, 3.49813453795e-05, 8.92272946658e-05, 8.85059635038e-05, 3.61716556654e-05, 9.05290016817e-06, 5.7156244111e-06, 1.70217674622e-06, 5.22420032212e-06, 1.06811785372e-06, 4.48727917046e-07, 5.15069245921e-07, 7.8455707353e-07, 1.12604061542e-06, 1.72836189449e-06, 5.65493837712e-06, 1.09662073555e-06, 5.65048139833e-07, 4.04210169336e-07, 3.02222986193e-07, 4.37863519664e-07, 2.06533991332e-06, 5.05687637542e-07, 8.84329480755e-08, 1.11092980148e-07, 1.96275373732e-09, 7.00919140437e-13],
        "max": [0.00220223981887, 0.0586045309901, 0.0473785065114, 0.0478396117687, 0.0359737277031, 0.0259286053479, 0.0183164756745, 0.0250630453229, 0.0449956841767, 0.0121147399768, 0.0122780473903, 0.0110812485218, 0.0110500659794, 0.0102964900434, 0.0123728569597, 0.0311659313738, 0.0153507795185, 0.0075377044268, 0.00772986793891, 0.00619165087119, 0.0052289608866, 0.0134607637301, 0.0124326776713, 0.00762395001948, 0.00511780334637, 0.00124298373703, 1.43960924106e-05],
        "mean": [7.96195527073e-05, 0.00775087391958, 0.00627892417833, 0.00190796027891, 0.00178993318696, 0.00116949947551, 0.000731513253413, 0.000413192057749, 0.000732229789719, 0.000295786216157, 0.000369628891349, 0.000351534486981, 0.000489301106427, 0.000587554939557, 0.000776038912591, 0.00132797425613, 0.00067311496241, 0.000530522258487, 0.000354145158781, 0.000321585626807, 0.000306807720335, 0.000335318327416, 0.000253818754572, 9.13797339308e-05, 7.5051721069e-05, 1.31628439703e-05, 9.70295346292e-08],
        "median": [1.10429464257e-05, 0.00312051083893, 0.00318812672049, 0.000515153864399, 0.000677416683175, 0.000570093281567, 0.000277273182292, 9.42094775382e-05, 0.000179494672921, 8.16199026303e-05, 0.000138777162647, 0.000136658680276, 0.000214173982386, 0.000276328064501, 0.000402970705181, 0.000693561625667, 0.000394152419176, 0.000294948928058, 0.000186097720871, 0.000179082417162, 0.000156404523295, 8.72973687365e-05, 8.49691568874e-05, 3.09533570544e-05, 1.68801434484e-05, 3.7093100218e-06, 2.29647567629e-09],
        "min": [4.7303881479e-25, 9.18513350438e-25, 7.8522376341e-25, 8.59616009178e-25, 8.01125641259e-24, 2.66823464556e-24, 1.19301130748e-23, 4.9899321618e-24, 8.84544053226e-24, 9.30735645759e-24, 1.23590743358e-23, 1.79348347217e-23, 2.62570222378e-23, 2.4879746828e-23, 3.89315162957e-23, 4.25304133413e-23, 5.79392775792e-23, 1.03531758654e-22, 1.26835050582e-22, 1.19614537297e-22, 2.45098931791e-22, 3.05915260822e-22, 3.27915543861e-22, 5.18647797652e-22, 8.59813655122e-22, 1.3527483738e-21, 1.83996694324e-21],
        "var": [2.89019617128e-08, 0.000106574720121, 5.67814713577e-05, 1.97886183742e-05, 1.08886006274e-05, 3.01065392705e-06, 1.76945957264e-06, 1.26617089791e-06, 3.87180944017e-06, 4.9165140581e-07, 4.99933719311e-07, 3.77613332603e-07, 5.72173519231e-07, 7.57689861075e-07, 1.06514119125e-06, 4.03592821385e-06, 7.34739558084e-07, 4.35787256947e-07, 2.43659513899e-07, 1.60205729571e-07, 1.84400576586e-07, 6.25658003628e-07, 3.28334010646e-07, 7.50608322164e-08, 4.20175041427e-08, 1.03625608094e-09, 1.73301355363e-13]
    },
    "erbbands": {
        "dmean": [0.0439035966992, 0.830536782742, 3.46610951424, 6.04484272003, 5.42507410049, 4.98420524597, 6.14952802658, 7.37000226974, 9.95242977142, 6.90017271042, 7.56966352463, 12.4469470978, 7.19122028351, 7.70956945419, 9.85705280304, 8.61423301697, 12.2701396942, 18.9769687653, 24.211977005, 33.0967521667, 41.9841957092, 21.4910526276, 17.796005249, 12.0755090714, 10.3093910217, 8.95158576965, 9.03913116455, 8.82978534698, 12.4563589096, 5.52194881439, 5.76557922363, 1.63833022118, 0.924724698067, 0.638297319412, 0.588164925575, 0.0750340148807, 0.0142230177298, 0.00153250223957, 3.95837523683e-05, 1.34963220262e-05],
        "dmean2": [0.070341207087, 1.23148500919, 5.62862539291, 10.8476352692, 9.46208953857, 8.54118442535, 10.0380096436, 12.7743263245, 17.5307445526, 11.3579177856, 12.0405826569, 20.2836933136, 12.0248241425, 12.7492513657, 15.485001564, 13.7505941391, 19.6509532928, 29.8113212585, 39.1403694153, 52.6670913696, 66.4597320557, 34.1623573303, 28.2267723083, 19.3155040741, 16.5487499237, 14.4227867126, 14.7018432617, 14.2060623169, 20.5886898041, 8.14213848114, 8.97011756897, 2.41366291046, 1.35184133053, 0.949684858322, 0.969691574574, 0.112561099231, 0.0204122308642, 0.0023442490492, 5.9123893152e-05, 2.03258969123e-05],
        "dvar": [0.00440372200683, 1.53974461555, 24.662071228, 214.681304932, 187.953704834, 143.552597046, 150.993774414, 276.523651123, 656.07019043, 289.711090088, 403.986450195, 1436.34655762, 334.076599121, 312.252044678, 268.430877686, 268.956939697, 482.492370605, 898.745056152, 1831.06494141, 2966.69116211, 6023.28955078, 1351.34350586, 750.359191895, 470.40713501, 316.215515137, 249.173049927, 298.867736816, 449.010437012, 1484.18835449, 113.428070068, 225.358505249, 22.1066589355, 11.5347070694, 4.60810422897, 3.70047044754, 0.0490616261959, 0.00132075813599, 2.32576767303e-05, 1.20310552632e-08, 4.0803468937e-10],
        "dvar2": [0.0106246564537, 2.68945264816, 65.3172225952, 612.397399902, 508.393554688, 394.293762207, 396.58102417, 770.919677734, 1860.17504883, 709.300598145, 985.841430664, 3598.37597656, 877.354431152, 802.066711426, 610.498168945, 642.393920898, 1200.14587402, 2192.31762695, 4756.87939453, 7333.45458984, 14031.8789062, 3403.29174805, 1885.43786621, 1212.23266602, 794.097900391, 647.567199707, 788.207824707, 1174.71801758, 4001.83764648, 263.751251221, 567.67175293, 48.8745574951, 27.1251525879, 10.8227357864, 10.0328588486, 0.122078210115, 0.00329623371363, 6.46591288387e-05, 3.26914353366e-08, 9.4895402647e-10],
        "max": [0.681811928749, 15.9863166809, 46.7146949768, 118.176490784, 147.288589478, 119.669006348, 170.910583496, 244.939865112, 344.954986572, 618.939331055, 674.573974609, 1021.15533447, 476.08001709, 382.090789795, 384.904968262, 417.596038818, 440.524200439, 597.0546875, 624.060241699, 722.77532959, 2141.68457031, 853.912658691, 446.879760742, 497.206573486, 238.922088623, 273.750946045, 265.188751221, 305.582427979, 584.786865234, 240.003662109, 357.316345215, 216.627182007, 141.65335083, 72.5260543823, 37.5258331299, 8.00772571564, 1.31817722321, 0.172477096319, 0.00345230731182, 0.00019289253396],
        "mean": [0.0877108201385, 2.2159371376, 7.69022750854, 6.59584140778, 5.66001796722, 5.82779598236, 8.56028747559, 9.24428367615, 10.6914978027, 9.22042369843, 11.3158426285, 17.8888759613, 9.35821247101, 10.8187265396, 16.9984226227, 13.4272174835, 19.1362457275, 30.461183548, 35.6429862976, 55.0434303284, 68.5902023315, 38.2667045593, 31.7964878082, 20.591999054, 17.5775508881, 14.9829854965, 13.891415596, 11.4473085403, 12.6263551712, 8.061627388, 7.26498985291, 2.39999365807, 1.39665663242, 0.826174438, 0.572909414768, 0.0954864174128, 0.0193335674703, 0.00183564040344, 6.00877538091e-05, 3.72710746888e-05],
        "median": [0.0305156074464, 1.02413511276, 5.82585430145, 3.24613547325, 2.29999136925, 2.23588657379, 4.2792224884, 4.30811023712, 3.67606592178, 3.39108467102, 2.87942695618, 4.09208917618, 3.15321445465, 4.19750165939, 8.06825256348, 6.43697547913, 8.88737487793, 16.8589267731, 19.535823822, 30.886384964, 36.9031562805, 23.2253284454, 18.4553470612, 11.2210273743, 9.8305721283, 8.3015832901, 7.23029613495, 4.91377067566, 3.0040473938, 2.8792257309, 2.2704885006, 0.73124229908, 0.481778919697, 0.214932620525, 0.113238245249, 0.0253241844475, 0.00571149494499, 0.000481852475787, 2.7652566132e-05, 3.45599146385e-05],
        "min": [5.99226442888e-23, 3.6852075163e-22, 1.68314311184e-21, 4.33068834505e-21, 1.04540612544e-20, 2.11710366967e-20, 1.53010997293e-20, 4.100955005e-20, 1.4425559424e-19, 1.87354431265e-19, 2.23227509597e-19, 2.67521247791e-19, 4.49121901188e-19, 6.39695525526e-19, 8.23198565084e-19, 9.53894032446e-19, 1.41709894206e-18, 2.06849581623e-18, 2.82218329251e-18, 2.63142572388e-18, 3.38140805141e-18, 4.67813649791e-18, 5.4513816258e-18, 6.19674373601e-18, 6.62109069897e-18, 6.12476123834e-18, 8.84023802503e-18, 8.8833829386e-18, 9.39586599583e-18, 1.00247970582e-17, 1.00825284746e-17, 1.03047141503e-17, 9.31555668452e-18, 8.86719666838e-18, 6.38685258824e-18, 4.33520933623e-18, 2.31383861988e-18, 9.08592865814e-19, 2.4248502389e-19, 2.64559889499e-20],
        "var": [0.0131044955924, 7.9589805603, 60.2764091492, 144.763793945, 138.695770264, 114.141372681, 159.351882935, 220.540817261, 457.983001709, 453.299072266, 826.512268066, 2653.23413086, 447.261413574, 426.022766113, 693.811889648, 490.56350708, 881.581298828, 1676.66870117, 2277.96166992, 5134.54101562, 10931.0722656, 2247.68676758, 1456.88989258, 791.025390625, 491.699951172, 342.699829102, 344.381164551, 414.072662354, 1122.10656738, 188.679718018, 312.174255371, 55.8055877686, 17.8958473206, 6.03908205032, 2.82179021835, 0.0604139789939, 0.00167588121258, 1.78414356924e-05, 1.04470920803e-08, 7.20330739501e-10]
    },
    "gfcc": {
        "mean": [-17.4539241791, 84.95262146, -128.104949951, 58.1963577271, -46.2180099487, 21.2672214508, -41.0350570679, 7.12696170807, -16.6287593842, 3.12795066833, -17.6065559387, -0.814320683479, -9.29493522644],
        "cov": [[27143.8261719, 789.238220215, -2076.88989258, 852.440307617, -966.301086426, 501.850524902, -929.525268555, 225.783111572, -518.302490234, 161.031188965, -542.238037109, 124.333099365, -359.19720459], [789.238220215, 1019.14813232, -174.543807983, 2.76977729797, 191.850250244, -103.909965515, 46.8678245544, -72.686416626, 105.191390991, -93.6039047241, 85.2751464844, -102.044052124, 75.9707870483], [-2076.88989258, -174.543807983, 900.346252441, 61.4216499329, -12.8852405548, 85.6058807373, 28.7608299255, 14.4965381622, 63.3336868286, 10.2098045349, 43.968006134, 40.4917831421, -14.9837474823], [852.440307617, 2.76977729797, 61.4216499329, 292.342346191, 52.5075721741, 45.5736694336, -31.9431362152, 1.86746048927, -11.7777709961, 28.7129459381, 5.21018838882, 21.248462677, 17.9572944641], [-966.301086426, 191.850250244, -12.8852405548, 52.5075721741, 359.934906006, -12.801153183, 91.1108016968, -16.2443408966, 60.4295654297, -22.1919593811, 53.8441696167, -19.9724559784, 74.2515563965], [501.850524902, -103.909965515, 85.6058807373, 45.5736694336, -12.801153183, 174.119674683, -4.44175958633, 46.8581352234, -7.11802768707, 8.97316169739, -7.78182601929, 35.6603355408, -11.7612056732], [-929.525268555, 46.8678245544, 28.7608299255, -31.9431362152, 91.1108016968, -4.44175958633, 183.929519653, 41.6098480225, 30.2601261139, 6.34696578979, 45.2903366089, -4.37195158005, 25.3698005676], [225.783111572, -72.686416626, 14.4965381622, 1.86746048927, -16.2443408966, 46.8581352234, 41.6098480225, 113.99181366, 31.8889064789, 16.2262248993, -6.37025690079, 10.1285047531, -4.44125413895], [-518.302490234, 105.191390991, 63.3336868286, -11.7777709961, 60.4295654297, -7.11802768707, 30.2601261139, 31.8889064789, 107.992935181, 5.57048416138, 23.5932407379, -14.8344612122, 26.2229995728], [161.031188965, -93.6039047241, 10.2098045349, 28.7129459381, -22.1919593811, 8.97316169739, 6.34696578979, 16.2262248993, 5.57048416138, 74.6111526489, 9.35585689545, 19.2638893127, -9.67115974426], [-542.238037109, 85.2751464844, 43.968006134, 5.21018838882, 53.8441696167, -7.78182601929, 45.2903366089, -6.37025690079, 23.5932407379, 9.35585689545, 85.7165908813, 10.3734025955, 22.8478851318], [124.333099365, -102.044052124, 40.4917831421, 21.248462677, -19.9724559784, 35.6603355408, -4.37195158005, 10.1285047531, -14.8344612122, 19.2638893127, 10.3734025955, 70.335975647, 12.155837059], [-359.19720459, 75.9707870483, -14.9837474823, 17.9572944641, 74.2515563965, -11.7612056732, 25.3698005676, -4.44125413895, 26.2229995728, -9.67115974426, 22.8478851318, 12.155837059, 73.6374435425]],
        "icov": [[0.000165362900589, -0.000510229729116, 0.000303639710182, -0.000374896888388, 0.000192710896954, -0.000362532708095, 0.000540107663255, -0.000675841292832, 0.000626748544164, -0.000592004391365, 0.000746050907765, -0.000640714948531, 0.000580512743909], [-0.000510229729116, 0.00348426308483, -0.000438568473328, 0.000622278777882, -0.000493907835335, 0.0011652270332, -0.00184305373114, 0.00325352489017, -0.00384236802347, 0.00398000655696, -0.00410691415891, 0.00380525225773, -0.00227204570547], [0.000303639710182, -0.000438568473328, 0.00207450892776, -0.00124113587663, 0.000690576969646, -0.00124018627685, 0.000488833175041, -0.000212554965401, -0.000839259359054, 6.28334091743e-05, 0.000436765607446, -0.00171730970033, 0.00203782087192], [-0.000374896888388, 0.000622278777882, -0.00124113587663, 0.00539071392268, -0.00162493367679, -2.94809487968e-05, 0.000439724622993, 0.00051607034402, 0.000802537659183, -0.00158103136346, -0.00132236094214, 0.00144729739986, -0.00284649129026], [0.000192710896954, -0.000493907835335, 0.000690576969646, -0.00162493367679, 0.00496518379077, -0.00110388582107, -0.00148194283247, 0.00106870511081, -0.00132018735167, 0.000656985561363, -0.000122881363495, 0.000689401931595, -0.00214078114368], [-0.000362532708095, 0.0011652270332, -0.00124018627685, -2.94809487968e-05, -0.00110388582107, 0.00883324909955, -0.000565943948459, -0.00200622132979, -0.000502237118781, 0.00233884574845, -0.00118287943769, -0.00215821899474, 0.000591495656408], [0.000540107663255, -0.00184305373114, 0.000488833175041, 0.000439724622993, -0.00148194283247, -0.000565943948459, 0.0105053596199, -0.0068062543869, 0.00423991400748, -0.00348886311986, -0.00100989558268, -0.000605031615123, 0.000347498775227], [-0.000675841292832, 0.00325352489017, -0.000212554965401, 0.00051607034402, 0.00106870511081, -0.00200622132979, -0.0068062543869, 0.0177498552948, -0.00979452673346, 0.00295868306421, -0.000957907876, 0.00164413789753, -0.000902704545297], [0.000626748544164, -0.00384236802347, -0.000839259359054, 0.000802537659183, -0.00132018735167, -0.000502237118781, 0.00423991400748, -0.00979452673346, 0.0199347231537, -0.00748011656106, 0.00194420386106, 0.00161350739654, -0.0030965693295], [-0.000592004391365, 0.00398000655696, 6.28334091743e-05, -0.00158103136346, 0.000656985561363, 0.00233884574845, -0.00348886311986, 0.00295868306421, -0.00748011656106, 0.0218739807606, -0.00655057514086, -0.00137865496799, 0.00229262188077], [0.000746050907765, -0.00410691415891, 0.000436765607446, -0.00132236094214, -0.000122881363495, -0.00118287943769, -0.00100989558268, -0.000957907876, 0.00194420386106, -0.00655057514086, 0.0214538313448, -0.00772179011256, 0.00157813122496], [-0.000640714948531, 0.00380525225773, -0.00171730970033, 0.00144729739986, 0.000689401931595, -0.00215821899474, -0.000605031615123, 0.00164413789753, 0.00161350739654, -0.00137865496799, -0.00772179011256, 0.0262258145958, -0.0111748520285], [0.000580512743909, -0.00227204570547, 0.00203782087192, -0.00284649129026, -0.00214078114368, 0.000591495656408, 0.000347498775227, -0.000902704545297, -0.0030965693295, 0.00229262188077, 0.00157813122496, -0.0111748520285, 0.0247023981065]]
    },
    "melbands": {
        "dmean": [0.000607320049312, 0.0015549052041, 0.00101354892831, 0.000354402145604, 0.000216390762944, 0.000170395796886, 0.000143441560795, 7.12061009835e-05, 6.88595755491e-05, 7.47689409764e-05, 3.63277140423e-05, 3.28312598867e-05, 3.3766769775e-05, 3.12056072289e-05, 2.25864496315e-05, 3.26388581016e-05, 3.66597851098e-05, 4.15279864683e-05, 3.88445296267e-05, 5.91212265135e-05, 4.69537881145e-05, 2.42290752794e-05, 1.98125144379e-05, 1.45493650052e-05, 1.00821089291e-05, 8.3874720076e-06, 8.16970623418e-06, 5.92266496824e-06, 5.92082778894e-06, 5.30120178155e-06, 5.64346328247e-06, 8.98416783457e-06, 3.44268619301e-06, 3.14841372528e-06, 4.07521474699e-06, 1.63328354574e-06, 8.08800109553e-07, 6.83732196194e-07, 5.57521161682e-07, 5.23213770975e-07],
        "dmean2": [0.000926283246372, 0.0024585602805, 0.00179030012805, 0.000611587078311, 0.000353027222445, 0.000294925412163, 0.000251518009463, 0.000116655035526, 0.000109398279164, 0.000122049546917, 6.10934876022e-05, 5.43653659406e-05, 5.31630321348e-05, 4.97764085594e-05, 3.71133719455e-05, 5.203501496e-05, 5.7733097492e-05, 6.73124159221e-05, 6.27344925306e-05, 9.48693414102e-05, 7.48293023207e-05, 3.909149018e-05, 3.19949467666e-05, 2.32612728723e-05, 1.63311560755e-05, 1.35832888191e-05, 1.3240059161e-05, 9.72041834757e-06, 9.75700913841e-06, 8.66706795932e-06, 9.19319063541e-06, 1.51432423081e-05, 5.39571328773e-06, 4.68815869681e-06, 6.44662486593e-06, 2.51660026152e-06, 1.20771585443e-06, 1.02482920283e-06, 8.17526142782e-07, 7.99103986537e-07],
        "dvar": [7.8945521409e-07, 4.3934628593e-06, 5.84261897529e-06, 7.60975581215e-07, 1.93768116219e-07, 1.47023143882e-07, 1.30251621044e-07, 3.09502503626e-08, 3.35723626677e-08, 4.73341117413e-08, 8.74492034342e-09, 6.06817485149e-09, 3.89855658867e-09, 3.67176489213e-09, 2.55061127774e-09, 2.89397750208e-09, 3.58859941763e-09, 5.57414203683e-09, 3.94173405027e-09, 1.1530040922e-08, 7.63175567187e-09, 1.85274529052e-09, 1.07707787134e-09, 5.27732246791e-10, 3.52314372121e-10, 2.34337438343e-10, 1.76107919914e-10, 1.1248845605e-10, 1.2472105293e-10, 1.10026737721e-10, 2.25156018829e-10, 9.07475539158e-10, 5.75130984504e-11, 3.99506851212e-11, 1.16891898938e-10, 2.19792066491e-11, 6.92247431253e-12, 6.45668241095e-12, 5.00723464428e-12, 3.13110366627e-12],
        "dvar2": [1.45838146182e-06, 1.0744210158e-05, 1.64459852385e-05, 2.06594927477e-06, 5.08551238454e-07, 4.0988416572e-07, 3.68626729141e-07, 7.59570113473e-08, 8.29011881365e-08, 1.18181283426e-07, 2.29465371149e-08, 1.56368713533e-08, 9.05848818178e-09, 8.61709015254e-09, 6.78803679932e-09, 7.03107039257e-09, 8.8069116444e-09, 1.44830369919e-08, 9.83318404479e-09, 2.82208123537e-08, 1.79039663095e-08, 4.70916727835e-09, 2.75917622083e-09, 1.29516175562e-09, 9.21703380286e-10, 6.08344041808e-10, 4.45906284119e-10, 2.97923796744e-10, 3.32271349324e-10, 2.92096957732e-10, 5.96905858075e-10, 2.46629450196e-09, 1.47674192319e-10, 9.23886939175e-11, 3.01771135858e-10, 4.84081316698e-11, 1.61683669925e-11, 1.54993812923e-11, 1.17497287941e-11, 7.40224808532e-12],
        "max": [0.011443592608, 0.0197096932679, 0.0198028348386, 0.00929984822869, 0.0058382791467, 0.00539506552741, 0.0049241092056, 0.00688618468121, 0.00683647114784, 0.00578252552077, 0.00237093726173, 0.00167003716342, 0.00163225689903, 0.00161767040845, 0.00210869056173, 0.000957251177169, 0.00126888323575, 0.00114367087372, 0.00104931555688, 0.00187059398741, 0.00245723314583, 0.00113903952297, 0.000561536638997, 0.000405078695621, 0.000473810272524, 0.000268782110652, 0.000222714850679, 0.000179550552275, 0.000197120010853, 0.000180631381227, 0.000250390148722, 0.000488008197863, 0.000154931200086, 0.000181627721759, 0.000241178990109, 0.000232649472309, 0.000113358677481, 9.8812764918e-05, 9.02116080397e-05, 6.19048587396e-05],
        "mean": [0.00149023835547, 0.00381750124507, 0.0011600687867, 0.000409770844271, 0.000296384154353, 0.000214864383452, 0.000158043083502, 9.52232367126e-05, 0.000103752958239, 0.000105091421574, 4.46357153123e-05, 4.2797124479e-05, 5.76706042921e-05, 4.51730884379e-05, 3.26455374307e-05, 4.92752769787e-05, 5.66591515963e-05, 5.63206522202e-05, 5.85349735047e-05, 9.24184569158e-05, 7.30153115001e-05, 3.91349385609e-05, 3.24628126691e-05, 2.49166860158e-05, 1.56915011758e-05, 1.29057734739e-05, 1.29130039568e-05, 9.07737648959e-06, 8.60255750013e-06, 7.62492300055e-06, 6.5732119765e-06, 8.47301271278e-06, 4.47194634035e-06, 4.56956649941e-06, 4.93163952342e-06, 2.18893865167e-06, 1.17328386295e-06, 1.00210968412e-06, 7.93585854808e-07, 6.46721503017e-07],
        "median": [0.000555487233214, 0.00314126745798, 0.000600165920332, 0.00015107600484, 0.000151373067638, 0.000101543773781, 5.5507694924e-05, 3.09600072796e-05, 2.38587272179e-05, 2.48286160058e-05, 1.38816294566e-05, 1.51409658429e-05, 2.56246021308e-05, 1.85761055036e-05, 1.17540639621e-05, 2.39547734964e-05, 2.96745984087e-05, 2.70614873443e-05, 3.05396170006e-05, 4.86921744596e-05, 3.73271104763e-05, 2.23144779739e-05, 1.73418229679e-05, 1.35961154228e-05, 8.04921910458e-06, 6.56137490296e-06, 7.14521411282e-06, 4.65754055767e-06, 4.2147471504e-06, 3.86072497349e-06, 2.39542714553e-06, 1.69097097569e-06, 1.45608692037e-06, 1.64873074482e-06, 1.54805888997e-06, 6.19429670223e-07, 3.58572265213e-07, 3.49483741502e-07, 2.37839316242e-07, 1.55405643909e-07],
        "min": [7.86506747065e-25, 6.71136036891e-25, 9.76735229548e-25, 1.22452994912e-24, 5.46668182759e-25, 8.46363737616e-25, 2.63959860027e-24, 1.52059851875e-24, 2.06545281447e-24, 1.33579828676e-24, 1.93409840185e-24, 1.15474642598e-24, 1.92587728792e-24, 2.40286361199e-24, 1.50926386944e-24, 2.89049876941e-24, 3.15396746492e-24, 3.88275247068e-24, 3.00708136715e-24, 1.93453523357e-24, 3.32905297346e-24, 3.70714098913e-24, 3.90904993782e-24, 3.57630130825e-24, 4.2721342135e-24, 4.26047800477e-24, 3.19355053299e-24, 3.85346640401e-24, 4.38209905711e-24, 4.30482934258e-24, 4.59206976982e-24, 5.5555280759e-24, 4.2743386853e-24, 5.25222328519e-24, 5.44887920911e-24, 6.20650043362e-24, 4.86948414562e-24, 5.25795435966e-24, 5.86097541283e-24, 6.98246740735e-24],
        "var": [4.05543460147e-06, 1.26987642943e-05, 4.10253460359e-06, 5.94141909005e-07, 1.94964584921e-07, 1.18026150631e-07, 9.3835346604e-08, 5.06503816666e-08, 7.16604660056e-08, 8.57144470956e-08, 1.145572881e-08, 7.76255681956e-09, 1.03709476562e-08, 6.29985752454e-09, 4.19081835901e-09, 5.22067900022e-09, 6.336279057e-09, 6.76317091219e-09, 6.3488356794e-09, 1.83550561417e-08, 1.37184956728e-08, 2.82408385566e-09, 1.75470404873e-09, 1.05673814144e-09, 5.40859579345e-10, 3.33982952405e-10, 2.56580673375e-10, 1.412984868e-10, 1.40945741189e-10, 1.16480977641e-10, 1.90757368235e-10, 6.55667409255e-10, 6.15405712501e-11, 7.0327854651e-11, 1.39900355189e-10, 5.37532796052e-11, 1.3946887048e-11, 9.60238225739e-12, 6.70763661628e-12, 3.91354917223e-12]
    },
    "mfcc": {
        "mean": [-639.077697754, 100.137397766, -10.6619882584, 36.4415206909, 16.6830806732, 17.7383708954, -4.81298732758, 5.97328281403, 3.3081278801, 3.58835625648, -1.99412953854, 1.24089705944, 2.62769722939],
        "cov": [[10205.5214844, 669.720703125, -319.171966553, 328.547058105, 41.3090248108, 183.341842651, -154.543579102, 35.2041549683, -37.3258209229, -31.783826828, -30.452003479, -107.456192017, -26.7250919342], [669.720703125, 1065.08435059, -179.537475586, 132.178512573, 112.577125549, 27.8342247009, -0.668102681637, 15.1066913605, 28.2855052948, 34.6723594666, -22.9712371826, 42.8597946167, -14.8128013611], [-319.171966553, -179.537475586, 751.60546875, -12.2159738541, 23.704328537, 38.8428497314, -42.1735877991, 45.503692627, -42.7292175293, 2.93661189079, 53.7803192139, -19.0752067566, 34.3167266846], [328.547058105, 132.178512573, -12.2159738541, 280.866760254, 92.4067382812, 52.467918396, 35.1905021667, -10.7510051727, 25.8622779846, 7.63298034668, -8.64423561096, 18.4974765778, 22.758638382], [41.3090248108, 112.577125549, 23.704328537, 92.4067382812, 235.010620117, 74.6865921021, 11.0667896271, 24.9532432556, 31.7137336731, 7.68800830841, -21.4666213989, 14.6296415329, 19.4606781006], [183.341842651, 27.8342247009, 38.8428497314, 52.467918396, 74.6865921021, 122.301208496, 34.3220481873, 15.1112003326, 6.65040254593, -10.5254812241, -1.00387895107, 4.0445561409, 17.9701328278], [-154.543579102, -0.668102681637, -42.1735877991, 35.1905021667, 11.0667896271, 34.3220481873, 128.641082764, 39.5420913696, 13.7727117538, 10.6435060501, 8.35863780975, 17.4983310699, 5.72742700577], [35.2041549683, 15.1066913605, 45.503692627, -10.7510051727, 24.9532432556, 15.1112003326, 39.5420913696, 95.7745285034, 35.7190132141, 17.7492523193, 10.4969472885, 7.37585401535, 11.6271600723], [-37.3258209229, 28.2855052948, -42.7292175293, 25.8622779846, 31.7137336731, 6.65040254593, 13.7727117538, 35.7190132141, 86.2746505737, 35.6726913452, -1.58950304985, 10.4829492569, 10.4459447861], [-31.783826828, 34.6723594666, 2.93661189079, 7.63298034668, 7.68800830841, -10.5254812241, 10.6435060501, 17.7492523193, 35.6726913452, 74.0456008911, 26.3081130981, 7.91649246216, -0.512388586998], [-30.452003479, -22.9712371826, 53.7803192139, -8.64423561096, -21.4666213989, -1.00387895107, 8.35863780975, 10.4969472885, -1.58950304985, 26.3081130981, 68.738609314, 21.2631473541, -1.42395591736], [-107.456192017, 42.8597946167, -19.0752067566, 18.4974765778, 14.6296415329, 4.0445561409, 17.4983310699, 7.37585401535, 10.4829492569, 7.91649246216, 21.2631473541, 67.3122024536, 23.374464035], [-26.7250919342, -14.8128013611, 34.3167266846, 22.758638382, 19.4606781006, 17.9701328278, 5.72742700577, 11.6271600723, 10.4459447861, -0.512388586998, -1.42395591736, 23.374464035, 61.8639068604]],
