{
"lowlevel": {
    "average_loudness": 0.896576046944,
    "barkbands_crest": {
        "dmean": 2.56101512909,
        "dmean2": 4.08035373688,
        "dvar": 5.48050069809,
        "dvar2": 13.856959343,
        "max": 24.20262146,
        "mean": 10.3601007462,
        "median": 9.69001674652,
        "min": 2.17293858528,
        "var": 12.89544487
    },
    "barkbands_flatness_db": {
        "dmean": 0.0263647157699,
        "dmean2": 0.0388246960938,
        "dvar": 0.000870030838996,
        "dvar2": 0.00173375487793,
        "max": 0.51547563076,
        "mean": 0.193934068084,
        "median": 0.181623518467,
        "min": 0.0243621300906,
        "var": 0.00581210432574
    },
    "barkbands_kurtosis": {
        "dmean": 4.12769985199,
        "dmean2": 6.35983657837,
        "dvar": 27.0118122101,
        "dvar2": 65.6756896973,
        "max": 93.0523681641,
        "mean": 8.65860748291,
        "median": 6.59920215607,
        "min": -1.90912425518,
        "var": 69.9549407959
    },
    "barkbands_skewness": {
        "dmean": 0.564898490906,
        "dmean2": 0.839989304543,
        "dvar": 0.290120571852,
        "dvar2": 0.673228442669,
        "max": 7.79364490509,
        "mean": 2.10979771614,
        "median": 2.08154082298,
        "min": -4.87785053253,
        "var": 1.18896627426
    },
    "barkbands_spread": {
        "dmean": 3.80293130875,
        "dmean2": 5.60249471664,
        "dvar": 32.214881897,
        "dvar2": 61.1366729736,
        "max": 115.218811035,
        "mean": 12.3094215393,
        "median": 8.80787944794,
        "min": 0.691152274609,
        "var": 129.181732178
    },
    "dissonance": {
        "dmean": 0.0258270073682,
        "dmean2": 0.042475041002,
        "dvar": 0.000607092340942,
        "dvar2": 0.0015495022526,
        "max": 0.500000059605,
        "mean": 0.442397534847,
        "median": 0.452329754829,
        "min": 0.167205601931,
        "var": 0.0017954914365
    },
    "dynamic_complexity": 4.84272575378,
    "erbbands_crest": {
        "dmean": 2.47083353996,
        "dmean2": 3.82010483742,
        "dvar": 5.63162994385,
        "dvar2": 12.5201463699,
        "max": 28.8910427094,
        "mean": 9.25526046753,
        "median": 8.19294452667,
        "min": 2.34207010269,
        "var": 19.7031345367
    },
    "erbbands_flatness_db": {
        "dmean": 0.018529817462,
        "dmean2": 0.0254349987954,
        "dvar": 0.000433670298662,
        "dvar2": 0.000749085447751,
        "max": 0.432594865561,
        "mean": 0.178876906633,
        "median": 0.171168103814,
        "min": 0.0402497276664,
        "var": 0.00345286214724
    },
    "erbbands_kurtosis": {
        "dmean": 1.39863801003,
        "dmean2": 2.15205597878,
        "dvar": 4.46463632584,
        "dvar2": 9.99626636505,
        "max": 46.319732666,
        "mean": 1.55144262314,
        "median": 0.520765781403,
        "min": -1.83033490181,
        "var": 12.4011316299
    },
    "erbbands_skewness": {
        "dmean": 0.396899372339,
        "dmean2": 0.59470230341,
        "dvar": 0.142694652081,
        "dvar2": 0.309040904045,
        "max": 5.20050859451,
        "mean": 0.918267011642,
        "median": 0.877546548843,
        "min": -3.74782276154,
        "var": 0.643131196499
    },
    "erbbands_spread": {
        "dmean": 7.7044968605,
        "dmean2": 11.2489175797,
        "dvar": 75.9962539673,
        "dvar2": 146.961746216,
        "max": 141.140335083,
        "mean": 35.1353378296,
        "median": 31.3955173492,
        "min": 1.70836651325,
        "var": 388.169006348
    },
    "hfc": {
        "dmean": 5.60331583023,
        "dmean2": 7.96997070312,
        "dvar": 135.722854614,
        "dvar2": 295.897216797,
        "max": 166.806472778,
        "mean": 12.2692651749,
        "median": 6.20460939407,
        "min": 1.15786201046e-16,
        "var": 280.422821045
    },
    "melbands_crest": {
        "dmean": 3.04922413826,
        "dmean2": 4.78977870941,
        "dvar": 7.01603031158,
        "dvar2": 16.8393573761,
        "max": 30.3686676025,
        "mean": 14.1726083755,
        "median": 13.6260757446,
        "min": 2.5583999157,
        "var": 19.6730232239
    },
    "melbands_flatness_db": {
        "dmean": 0.0310870632529,
        "dmean2": 0.0444713048637,
        "dvar": 0.00124393089209,
        "dvar2": 0.0023671714589,
        "max": 0.659139037132,
        "mean": 0.271804004908,
        "median": 0.259348452091,
        "min": 0.00473999092355,
        "var": 0.00959079526365
    },
    "melbands_kurtosis": {
        "dmean": 7.76331996918,
        "dmean2": 11.9323701859,
        "dvar": 101.567695618,
        "dvar2": 245.553649902,
        "max": 226.146850586,
        "mean": 17.6797103882,
        "median": 13.8410072327,
        "min": -1.86635184288,
        "var": 240.904754639
    },
    "melbands_skewness": {
        "dmean": 0.722838759422,
        "dmean2": 1.07072949409,
        "dvar": 0.493846237659,
        "dvar2": 1.1333963871,
        "max": 10.8866157532,
        "mean": 2.91158699989,
        "median": 2.82068657875,
        "min": -0.885837554932,
        "var": 1.86585366726
    },
    "melbands_spread": {
        "dmean": 3.99627161026,
        "dmean2": 5.94761991501,
        "dvar": 47.2454147339,
        "dvar2": 91.6808776855,
        "max": 249.253768921,
        "mean": 12.0997657776,
        "median": 8.34496307373,
        "min": 0.605009615421,
        "var": 190.720535278
    },
    "pitch_salience": {
        "dmean": 0.0709825754166,
        "dmean2": 0.112907022238,
        "dvar": 0.00402096332982,
        "dvar2": 0.0101734129712,
        "max": 0.878590285778,
        "mean": 0.591816663742,
        "median": 0.60050201416,
        "min": 0.193016529083,
        "var": 0.0102484608069
    },
    "silence_rate_20dB": {
        "dmean": 0,
        "dmean2": 0,
        "dvar": 0,
        "dvar2": 0,
        "max": 1,
        "mean": 1,
        "median": 1,
        "min": 1,
        "var": 0
    },
    "silence_rate_30dB": {
        "dmean": 0.0383491590619,
        "dmean2": 0.0767053216696,
        "dvar": 0.0368745960295,
        "dvar2": 0.100760132074,
        "max": 1,
        "mean": 0.976444780827,
        "median": 1,
        "min": 0,
        "var": 0.0229974128306
    },
    "silence_rate_60dB": {
        "dmean": 0.0252008773386,
        "dmean2": 0.0504063554108,
        "dvar": 0.0245691407472,
        "dvar2": 0.0542563535273,
        "max": 1,
        "mean": 0.108189538121,
        "median": 0,
        "min": 0,
        "var": 0.0964870676398
    },
    "spectral_centroid": {
        "dmean": 170.396560669,
        "dmean2": 252.233123779,
        "dvar": 63923.8632812,
        "dvar2": 119876.601562,
        "max": 11165.9541016,
        "mean": 728.852661133,
        "median": 570.617675781,
        "min": 143.841705322,
        "var": 279202.71875
    },
    "spectral_complexity": {
        "dmean": 3.56610655785,
        "dmean2": 5.20628261566,
        "dvar": 31.4458751678,
        "dvar2": 57.5778694153,
        "max": 63,
        "mean": 12.4766731262,
        "median": 10,
        "min": 0,
        "var": 90.0197067261
    },
    "spectral_decrease": {
        "dmean": 3.71844111058e-09,
        "dmean2": 5.46521095046e-09,
        "dvar": 4.22783227645e-17,
        "dvar2": 9.55612711099e-17,
        "max": 1.50356884642e-17,
        "mean": -6.8707879386e-09,
        "median": -4.63714755483e-09,
        "min": -6.33470094158e-08,
        "var": 5.86082345587e-17
    },
    "spectral_energy": {
        "dmean": 0.0144666638225,
        "dmean2": 0.0212265159935,
        "dvar": 0.000633571937215,
        "dvar2": 0.00142851180863,
        "max": 0.241902887821,
        "mean": 0.0270447600633,
        "median": 0.0182659719139,
        "min": 1.06921034783e-20,
        "var": 0.000893847609404
    },
    "spectral_energyband_high": {
        "dmean": 0.000281278946204,
        "dmean2": 0.000389009626815,
        "dvar": 7.01293743077e-07,
        "dvar2": 1.41725104186e-06,
        "max": 0.020815435797,
        "mean": 0.000471287989058,
        "median": 5.23605085618e-05,
        "min": 7.09248729451e-21,
        "var": 1.4512221469e-06
    },
    "spectral_energyband_low": {
        "dmean": 0.0086462078616,
        "dmean2": 0.0133693553507,
        "dvar": 0.000373648683308,
        "dvar2": 0.00091297714971,
        "max": 0.211790442467,
        "mean": 0.0110885612667,
        "median": 0.00518581084907,
        "min": 3.87311140713e-23,
        "var": 0.000364448613254
    },
    "spectral_energyband_middle_high": {
        "dmean": 0.00127010722645,
        "dmean2": 0.0019609562587,
        "dvar": 8.62454817252e-06,
        "dvar2": 2.07782104553e-05,
        "max": 0.0567033216357,
        "mean": 0.00250271265395,
        "median": 0.000779603724368,
        "min": 1.31091951023e-21,
        "var": 2.18051609409e-05
    },
    "spectral_energyband_middle_low": {
        "dmean": 0.00725061492994,
        "dmean2": 0.0106495851651,
        "dvar": 0.000131062959554,
        "dvar2": 0.000295615551295,
        "max": 0.134206607938,
        "mean": 0.0156769808382,
        "median": 0.0114030446857,
        "min": 3.14293594724e-22,
        "var": 0.000238225897192
    },
    "spectral_entropy": {
        "dmean": 0.218357056379,
        "dmean2": 0.308595836163,
        "dvar": 0.0678198933601,
        "dvar2": 0.121084220707,
        "max": 9.80050468445,
        "mean": 7.0541882515,
        "median": 7.12139797211,
        "min": 4.35916566849,
        "var": 0.492236256599
    },
    "spectral_flux": {
        "dmean": 0.0344168916345,
        "dmean2": 0.051644641906,
        "dvar": 0.00209928606637,
        "dvar2": 0.00414450839162,
        "max": 0.44748160243,
        "mean": 0.0778622180223,
        "median": 0.0563132502139,
        "min": 6.79865816422e-11,
        "var": 0.004310304299
    },
    "spectral_kurtosis": {
        "dmean": 4.67878770828,
        "dmean2": 7.53929567337,
        "dvar": 106.350402832,
        "dvar2": 242.712310791,
        "max": 225.672637939,
        "mean": 11.1582288742,
        "median": 5.63837432861,
        "min": -1.30305147171,
        "var": 366.769104004
    },
    "spectral_rms": {
        "dmean": 0.00114449847024,
        "dmean2": 0.00157063128427,
        "dvar": 2.45336286753e-06,
        "dvar2": 4.85164355268e-06,
        "max": 0.0153623828664,
        "mean": 0.00446692295372,
        "median": 0.00422142865136,
        "min": 3.22975543879e-12,
        "var": 6.43174689685e-06
    },
    "spectral_rolloff": {
        "dmean": 268.99899292,
        "dmean2": 437.621643066,
        "dvar": 458288,
        "dvar2": 945434.5625,
        "max": 19509.0820312,
        "mean": 779.321289062,
        "median": 473.73046875,
        "min": 64.599609375,
        "var": 1594309.75
    },
    "spectral_skewness": {
        "dmean": 0.417688280344,
        "dmean2": 0.655449986458,
        "dvar": 0.394259333611,
        "dvar2": 0.890626788139,
        "max": 11.6607208252,
        "mean": 2.25204515457,
        "median": 1.93537807465,
        "min": -0.00889168959111,
        "var": 1.77563548088
    },
    "spectral_spread": {
        "dmean": 515948.875,
        "dmean2": 768029.4375,
        "dvar": 606334025728,
        "dvar2": 1.23216042394e+12,
        "max": 48060096,
        "mean": 4010426.75,
        "median": 3993189.25,
        "min": 328178.625,
        "var": 3.24666156646e+12
    },
    "spectral_strongpeak": {
        "dmean": 0.327086508274,
        "dmean2": 0.534373581409,
        "dvar": 0.294112712145,
        "dvar2": 0.68786251545,
        "max": 9.38981056213,
        "mean": 0.695345938206,
        "median": 0.452214002609,
        "min": 0,
        "var": 0.713863968849
    },
    "zerocrossingrate": {
        "dmean": 0.00771285546944,
        "dmean2": 0.00902181118727,
        "dvar": 0.000115461487439,
        "dvar2": 0.0001222063147,
        "max": 0.556640625,
        "mean": 0.0377370119095,
        "median": 0.029296875,
        "min": 0.00390625,
        "var": 0.00143259996548
    },
    "barkbands": {
        "dmean": [5.82107750233e-05, 0.0054911156185, 0.00267336494289, 0.00320345163345, 0.003205885645, 0.00110318197403, 0.000793301966041, 0.000604835629929, 0.000516049156431, 0.000371414440451, 0.000178364658495, 0.000248374708463, 0.0002221200848, 0.000200540263904, 0.000133968074806, 0.000131005755975, 0.000127593651996, 9.66895822785e-05, 9.89151740214e-05, 7.42856718716e-05, 7.67771343817e-05, 7.57725647418e-05, 6.37767589069e-05, 3.57138742402e-05, 2.21593145397e-05, 5.50031882085e-06, 1.83736517556e-07],
        "dmean2": [9.1963353043e-05, 0.00907827261835, 0.00456175487489, 0.00472674518824, 0.00507290288806, 0.00169424724299, 0.00121704558842, 0.000939328514505, 0.000789269455709, 0.00057323492365, 0.000273015321, 0.000406481063692, 0.000346665387042, 0.000325361237628, 0.000218052286073, 0.000215722393477, 0.000208755067433, 0.000158155409736, 0.000159816729138, 0.000115144299343, 0.000118596748507, 0.000110697590571, 9.0118002845e-05, 5.07585900777e-05, 3.10721370624e-05, 7.72709154262e-06, 3.04189768485e-07],
        "dvar": [1.61617990102e-08, 0.000208026045584, 4.80208218505e-05, 2.68481562671e-05, 4.55367735412e-05, 3.76438720195e-06, 2.4566591037e-06, 2.10782263821e-06, 1.89277966456e-06, 2.00321983357e-06, 3.3035053093e-07, 1.19156902656e-06, 4.32838021425e-07, 5.24979043348e-07, 1.68994503724e-07, 1.02178283612e-07, 9.67142739228e-08, 7.89916256849e-08, 1.0318872512e-07, 4.95434733239e-08, 6.03189960202e-08, 5.35030189042e-08, 5.17153324608e-08, 2.74056279892e-08, 7.48272199758e-09, 2.52457305061e-10, 6.44548271093e-13],
        "dvar2": [3.97308461686e-08, 0.000529004901182, 0.00013407318329, 6.10377610428e-05, 0.00011011109018, 8.85410918272e-06, 5.37079858987e-06, 4.72035253551e-06, 4.07232209909e-06, 4.68857615488e-06, 6.94075936281e-07, 3.16781165566e-06, 9.56936673902e-07, 1.2338207398e-06, 4.2583289428e-07, 2.52171446391e-07, 2.38301211652e-07, 1.97943876401e-07, 2.5722653163e-07, 1.19760812822e-07, 1.45748131786e-07, 1.17195575911e-07, 1.04253054189e-07, 5.13959257376e-08, 1.4403528148e-08, 5.11117481672e-10, 1.58429736344e-12],
        "max": [0.00178089004476, 0.143589705229, 0.0809731036425, 0.0548302531242, 0.0933606848121, 0.0397118292749, 0.0526574552059, 0.0330017656088, 0.04124969244, 0.0529609434307, 0.0234480313957, 0.0384470298886, 0.026735862717, 0.0285315476358, 0.0118312891573, 0.00666207633913, 0.00608218554407, 0.00429284619167, 0.00502408342436, 0.00347521039657, 0.00410510925576, 0.00620916672051, 0.00953110959381, 0.00990727357566, 0.00423858966678, 0.000581834698096, 3.35938311764e-05],
        "mean": [7.49513710616e-05, 0.00548021448776, 0.00294003984891, 0.00524977222085, 0.00489445589483, 0.00201024767011, 0.0014796104515, 0.000982291763648, 0.00083836808335, 0.00058957724832, 0.000273260113318, 0.000356449367246, 0.000325514643919, 0.000280175358057, 0.000164471726748, 0.000175583729288, 0.000176188492333, 0.000121383629448, 0.000110674634925, 0.000100609890069, 0.000109839653305, 0.000115797418403, 9.75556758931e-05, 5.58220526727e-05, 3.36831508321e-05, 8.06669322628e-06, 1.69439118736e-07],
        "median": [2.93731973215e-05, 0.00172978418414, 0.00109657307621, 0.00229490781203, 0.00250643934123, 0.000975046539679, 0.000586462207139, 0.000257835316006, 0.000214567699004, 0.000120078337204, 6.65003608447e-05, 5.32779522473e-05, 7.95977466623e-05, 4.98883600812e-05, 3.12011034111e-05, 3.75642885047e-05, 3.39712423738e-05, 2.07559933187e-05, 1.82311177923e-05, 1.27187840917e-05, 1.00593933894e-05, 9.95436766971e-06, 7.61529554438e-06, 4.45846808361e-06, 3.7199874896e-06, 9.55954078563e-07, 1.21658849661e-09],
        "min": [1.12579030037e-24, 1.58425957408e-23, 7.03395714749e-24, 3.07640330805e-24, 2.850790588e-23, 1.74050467818e-23, 6.97275858064e-23, 4.7768528638e-23, 7.21048907195e-23, 5.89446839583e-23, 1.2905108866e-23, 5.3179347675e-23, 8.29667165235e-23, 5.92746297651e-23, 9.93184336262e-23, 7.82794375533e-23, 1.72541954353e-22, 1.35876027644e-22, 2.50680002788e-22, 3.47418255409e-22, 3.17329081e-22, 5.19311248605e-22, 5.50366266442e-22, 6.45581399048e-22, 9.73478489876e-22, 1.55340005491e-21, 2.28773237001e-21],
        "var": [1.86843855943e-08, 0.000169525999809, 3.47045133822e-05, 4.69472215627e-05, 5.5578941101e-05, 9.68704534898e-06, 8.32802015793e-06, 5.40316796105e-06, 5.1841543609e-06, 4.9332643357e-06, 7.30839360585e-07, 2.43475301431e-06, 8.65019103458e-07, 1.01116620499e-06, 2.32427609603e-07, 1.81561219392e-07, 1.56974067522e-07, 9.03709533873e-08, 1.02499043919e-07, 6.49338360859e-08, 8.69796892289e-08, 8.83754651682e-08, 1.10428992173e-07, 6.14405735178e-08, 1.39193536697e-08, 5.35748667652e-10, 8.59508644813e-13]
    },
    "erbbands": {
        "dmean": [0.109353333712, 1.4194098711, 3.18885207176, 6.96256732941, 11.4913387299, 10.188668251, 10.3721113205, 8.51066684723, 10.8108739853, 12.2037811279, 11.3548526764, 10.4606351852, 12.9596290588, 7.76663780212, 7.85480451584, 9.49938392639, 8.59930515289, 10.3384714127, 7.5345492363, 6.49583911896, 7.05421876907, 7.2135181427, 5.16229391098, 5.13796186447, 4.6661658287, 3.39414167404, 3.37611675262, 2.73766446114, 2.74590563774, 2.48374295235, 1.67046773434, 0.974759101868, 0.504198253155, 0.301193058491, 0.131178677082, 0.0365674942732, 0.00825917813927, 0.00111479847692, 2.93631055683e-05, 1.69659488165e-05],
        "dmean2": [0.178835988045, 2.36680746078, 5.39876937866, 10.384680748, 17.5750236511, 16.550491333, 16.3013381958, 13.1713914871, 16.4137229919, 18.9739589691, 17.5089225769, 16.1605529785, 19.9234580994, 11.8544845581, 12.1872577667, 15.3667640686, 13.2197856903, 16.4493579865, 12.2347841263, 10.4434051514, 11.5513877869, 11.7470312119, 8.38795375824, 8.35021877289, 7.44687747955, 5.2689781189, 5.2672624588, 4.16832542419, 4.06206703186, 3.57929611206, 2.35017967224, 1.38600790501, 0.717383623123, 0.423535257578, 0.183592483401, 0.0514172278345, 0.0116208866239, 0.00163482199423, 4.12731969845e-05, 2.453007437e-05],
        "dvar": [0.0808666422963, 14.1361541748, 71.2918167114, 135.815795898, 481.305023193, 514.195007324, 345.139465332, 290.700073242, 499.495666504, 630.397949219, 776.782348633, 882.050964355, 1912.64355469, 767.342102051, 598.206054688, 1781.24743652, 607.994689941, 1424.32922363, 1031.15527344, 330.413726807, 294.746795654, 289.829925537, 208.810653687, 287.38973999, 204.899719238, 108.834732056, 120.879226685, 74.5605163574, 71.8707962036, 60.3198623657, 39.6995849609, 21.0776615143, 5.20271253586, 1.40697193146, 0.236833617091, 0.0140127651393, 0.000552902929485, 1.15103221106e-05, 6.33664898331e-09, 8.36417490824e-10],
        "dvar2": [0.20254714787, 36.4816207886, 196.756912231, 318.3878479, 1146.01428223, 1325.90600586, 861.846252441, 685.62677002, 1082.42382812, 1412.19628906, 1759.68164062, 1922.67541504, 4143.18701172, 1772.0670166, 1340.62817383, 4588.77392578, 1326.47290039, 3186.26025391, 2828.12109375, 777.942077637, 720.178466797, 733.20324707, 520.161132812, 728.4375, 501.880249023, 263.220336914, 294.887176514, 176.192169189, 160.197967529, 123.858413696, 81.0426177979, 40.8313102722, 10.092798233, 2.68259310722, 0.462133467197, 0.0295190233737, 0.00109656970017, 2.19955327339e-05, 1.26505828035e-08, 1.85567861077e-09],
        "max": [3.5277967453, 36.967010498, 97.7668609619, 137.451553345, 347.67678833, 464.235717773, 325.908782959, 481.228881836, 837.804016113, 654.081115723, 763.34588623, 896.172180176, 1626.40612793, 1208.69311523, 1010.73614502, 1636.99023438, 888.905700684, 1493.93444824, 2281.47192383, 609.28302002, 454.879394531, 326.519165039, 300.218566895, 315.092529297, 200.18057251, 169.418029785, 211.614013672, 161.849960327, 166.335861206, 293.535705566, 272.854064941, 214.749053955, 143.567733765, 59.8145523071, 22.1125278473, 4.81004238129, 0.786395072937, 0.174330726266, 0.00342722819187, 0.000273156183539],
        "mean": [0.112593539059, 1.3825622797, 3.45553088188, 11.3353004456, 17.4267673492, 14.4958000183, 18.3477249146, 15.814825058, 21.2951049805, 21.810464859, 18.3907928467, 17.0681056976, 21.8406009674, 13.0013933182, 12.5331115723, 14.3980426788, 13.8473434448, 15.322350502, 9.68569564819, 8.64958763123, 10.1596393585, 10.3813896179, 6.90192127228, 5.97129917145, 5.5133357048, 4.63263368607, 4.85041856766, 3.91255140305, 4.10871934891, 3.83065772057, 2.56536102295, 1.53054702282, 0.748784065247, 0.44421723485, 0.198744505644, 0.0549946539104, 0.0115971630439, 0.0014325028751, 4.62127609353e-05, 3.26689441863e-05],
        "median": [0.0328993164003, 0.41382932663, 1.49309766293, 5.22356987, 8.40726947784, 7.25955629349, 9.75760936737, 7.31112957001, 8.23383140564, 8.38201522827, 6.63522005081, 5.02642440796, 3.97534656525, 3.63159179688, 2.86303114891, 2.65877318382, 3.33798909187, 2.45528626442, 2.27046442032, 1.92457985878, 2.27710556984, 2.09489798546, 1.37297844887, 1.00376820564, 0.899202883244, 0.575052499771, 0.43643066287, 0.374647885561, 0.359825700521, 0.301404386759, 0.197641566396, 0.119642809033, 0.0605978928506, 0.0385434143245, 0.0249074231833, 0.00670598074794, 0.00126196362544, 0.000136719609145, 1.48999142766e-05, 2.19386110984e-05],
        "min": [3.36741142964e-22, 2.69467877614e-21, 8.96634945777e-21, 1.77807141715e-20, 3.63946544826e-20, 9.43857927622e-20, 1.75303055975e-19, 2.24638188583e-19, 8.66740111758e-19, 8.62105315388e-19, 9.67259823579e-19, 1.3100827605e-18, 1.39405379359e-18, 1.37299129365e-18, 8.72468647693e-19, 2.84568225294e-18, 3.30851234634e-18, 3.78030473487e-18, 3.88797428572e-18, 5.08160873093e-18, 6.26310264629e-18, 9.35689007255e-18, 8.67424769151e-18, 1.19114082654e-17, 1.16422403853e-17, 1.66878642781e-17, 1.43507481754e-17, 1.51162260773e-17, 1.86943959946e-17, 1.59615815023e-17, 1.60486654228e-17, 1.32943285181e-17, 1.07901765256e-17, 8.97987355706e-18, 7.91306120259e-18, 5.63609188376e-18, 2.87054585459e-18, 1.28868535581e-18, 2.79294173407e-19, 3.45221082151e-20],
        "var": [0.0693036317825, 11.1447219849, 50.8863830566, 210.069137573, 629.016357422, 554.697509766, 670.706726074, 843.000549316, 2016.12487793, 1733.69519043, 1502.81103516, 2185.92553711, 5363.55029297, 1928.75341797, 1375.37255859, 3554.41796875, 1519.47497559, 3128.81958008, 1070.87121582, 525.611206055, 650.051330566, 488.356536865, 254.178619385, 277.496887207, 222.941818237, 138.688217163, 183.131744385, 105.409828186, 112.321281433, 116.871780396, 84.9008865356, 47.4085845947, 10.0292472839, 2.59010791779, 0.46144258976, 0.0264221094549, 0.00123679137323, 2.93709981634e-05, 1.50312882141e-08, 1.28849131364e-09]
    },
    "gfcc": {
        "mean": [-75.1656265259, 135.225891113, -99.4348602295, 33.8279724121, -57.8814811707, 6.62296009064, -40.0211105347, 1.0681552887, -19.568397522, -3.23142385483, -14.5132236481, -3.84189724922, -9.94276332855],
        "cov": [[19479.1035156, -1571.73425293, -900.032775879, 878.098144531, -877.204589844, 870.26751709, -367.422241211, 224.754959106, -318.556365967, 100.636550903, -363.278289795, 128.778457642, -191.255477905], [-1571.73425293, 2447.10595703, 129.320175171, -362.53616333, 657.445922852, -503.458312988, 399.485473633, -290.357727051, 250.768554688, -296.44128418, 244.159942627, -272.843139648, 153.833328247], [-900.032775879, 129.320175171, 735.881408691, -59.9949150085, 68.4033432007, -4.82435321808, -25.1377010345, 42.481136322, -23.0623645782, 0.706507563591, -17.3501167297, -14.961063385, -31.59025383], [878.098144531, -362.53616333, -59.9949150085, 430.308532715, -78.5119934082, 67.8236846924, -45.3361854553, 14.0691585541, 36.4571533203, 6.82446050644, -23.9982051849, 16.1204452515, -1.67910063267], [-877.204589844, 657.445922852, 68.4033432007, -78.5119934082, 392.700408936, -134.546813965, 134.124145508, -62.1825675964, 62.4290924072, -76.4280548096, 64.3089370728, -78.7253875732, 26.7302093506], [870.26751709, -503.458312988, -4.82435321808, 67.8236846924, -134.546813965, 285.732757568, -27.9524993896, 69.7952728271, -71.9219284058, 55.0823860168, -54.2733001709, 41.2892875671, -42.0034713745], [-367.422241211, 399.485473633, -25.1377010345, -45.3361854553, 134.124145508, -27.9524993896, 214.216537476, -52.7216720581, 51.2584877014, -64.3459625244, 43.5382537842, -49.9490623474, 32.1565666199], [224.754959106, -290.357727051, 42.481136322, 14.0691585541, -62.1825675964, 69.7952728271, -52.7216720581, 132.852005005, -24.2020969391, 49.4017372131, -40.1979827881, 28.4129524231, -30.1010665894], [-318.556365967, 250.768554688, -23.0623645782, 36.4571533203, 62.4290924072, -71.9219284058, 51.2584877014, -24.2020969391, 129.599487305, -21.8434581757, 33.7818145752, -33.8273735046, 27.7112884521], [100.636550903, -296.44128418, 0.706507563591, 6.82446050644, -76.4280548096, 55.0823860168, -64.3459625244, 49.4017372131, -21.8434581757, 110.230026245, -13.4938850403, 39.9969062805, -28.108505249], [-363.278289795, 244.159942627, -17.3501167297, -23.9982051849, 64.3089370728, -54.2733001709, 43.5382537842, -40.1979827881, 33.7818145752, -13.4938850403, 99.4005432129, -9.78100204468, 25.0740699768], [128.778457642, -272.843139648, -14.961063385, 16.1204452515, -78.7253875732, 41.2892875671, -49.9490623474, 28.4129524231, -33.8273735046, 39.9969062805, -9.78100204468, 110.961204529, 4.33102226257], [-191.255477905, 153.833328247, -31.59025383, -1.67910063267, 26.7302093506, -42.0034713745, 32.1565666199, -30.1010665894, 27.7112884521, -28.108505249, 25.0740699768, 4.33102226257, 78.4251480103]],
        "icov": [[9.11585520953e-05, -0.000247302639764, 0.000147053753608, -0.000264269445324, 0.000202069917577, -0.000309338327497, 0.000159192713909, -0.000142760691233, 0.000267710478511, -8.46203911351e-05, 0.000309214316076, -0.00015707348939, 0.000191246916074], [-0.000247302639764, 0.00333854719065, -0.000831633340567, 0.00215592235327, -0.00193245708942, 0.00228649540804, -0.00145328766666, 0.00174193514977, -0.00237899110653, 0.00265050167218, -0.00301032746211, 0.00286901672371, -0.00169824110344], [0.000147053753608, -0.000831633340567, 0.00178565143142, -0.00049351376947, 0.000133468347485, -0.000726515601855, 0.000736156885978, -0.000963468453847, 0.000851499207783, -0.000325998757035, 0.000965721788816, -0.000532716163434, 0.00089529849356], [-0.000264269445324, 0.00215592235327, -0.00049351376947, 0.00434533599764, -0.00111135817133, 0.00068407895742, -0.000123094971059, 0.0013712849468, -0.00345391314477, 0.00224010902457, -0.00167412590235, 0.00149861664977, -0.00118136336096], [0.000202069917577, -0.00193245708942, 0.000133468347485, -0.00111135817133, 0.00546157546341, -0.000150062522152, -0.000931358605158, -0.00115105207078, 0.00134005583823, -0.000642275728751, 0.000629319052678, -0.000360720674507, 0.00142654892989], [-0.000309338327497, 0.00228649540804, -0.000726515601855, 0.00068407895742, -0.000150062522152, 0.00771261425689, -0.00326684000902, -0.000341350765666, 0.000822972273454, 0.000124866492115, -0.00120146456175, 0.00152724748477, -7.32631451683e-05], [0.000159192713909, -0.00145328766666, 0.000736156885978, -0.000123094971059, -0.000931358605158, -0.00326684000902, 0.00869948975742, 0.000190502221812, -0.00106825027615, 0.00165696046315, 1.77098645509e-05, -0.00012394443911, -0.000420851516537], [-0.000142760691233, 0.00174193514977, -0.000963468453847, 0.0013712849468, -0.00115105207078, -0.000341350765666, 0.000190502221812, 0.0119692459702, -0.00232178950682, -0.00146056839731, 0.00117642525584, 0.000353789160727, 0.000502916867845], [0.000267710478511, -0.00237899110653, 0.000851499207783, -0.00345391314477, 0.00134005583823, 0.000822972273454, -0.00106825027615, -0.00232178950682, 0.0136062940583, -0.00322796148248, 0.000508638331667, 0.000611377763562, -0.00104179827031], [-8.46203911351e-05, 0.00265050167218, -0.000325998757035, 0.00224010902457, -0.000642275728751, 0.000124866492115, 0.00165696046315, -0.00146056839731, -0.00322796148248, 0.0168817900121, -0.00439957575873, -0.000678769254591, 0.00219237618148], [0.000309214316076, -0.00301032746211, 0.000965721788816, -0.00167412590235, 0.000629319052678, -0.00120146456175, 1.77098645509e-05, 0.00117642525584, 0.000508638331667, -0.00439957575873, 0.0167100839317, -0.00356149650179, -0.00030407027225], [-0.00015707348939, 0.00286901672371, -0.000532716163434, 0.00149861664977, -0.000360720674507, 0.00152724748477, -0.00012394443911, 0.000353789160727, 0.000611377763562, -0.000678769254591, -0.00356149650179, 0.0153102613986, -0.00523181818426], [0.000191246916074, -0.00169824110344, 0.00089529849356, -0.00118136336096, 0.00142654892989, -7.32631451683e-05, -0.000420851516537, 0.000502916867845, -0.00104179827031, 0.00219237618148, -0.00030407027225, -0.00523181818426, 0.0182640627027]]
    },
    "melbands": {
        "dmean": [0.00128507020418, 0.00174149288796, 0.00133349141106, 0.000780737085734, 0.000369905959815, 0.000194641877897, 0.000160459574545, 0.000135360620334, 9.19476078707e-05, 6.81957608322e-05, 6.65179104544e-05, 3.4157808841e-05, 2.5103065127e-05, 3.10841496685e-05, 2.3431955924e-05, 2.00550312002e-05, 1.95438205992e-05, 1.3149336155e-05, 1.02467711258e-05, 8.63441800902e-06, 8.38983578433e-06, 7.82416191214e-06, 5.69158646613e-06, 4.74737316836e-06, 4.21829690822e-06, 3.83756560041e-06, 2.94311189464e-06, 2.19016601477e-06, 2.14079977923e-06, 2.02803357752e-06, 1.51178721808e-06, 1.57801264322e-06, 1.6038194417e-06, 1.3673977719e-06, 1.04451430616e-06, 8.0591820506e-07, 5.55810686365e-07, 3.77077810754e-07, 3.00105824635e-07, 2.5107542001e-07],
        "dmean2": [0.00211203680374, 0.00288312928751, 0.00197886605747, 0.00122756964993, 0.000586622976698, 0.000299214676488, 0.00024340179516, 0.000211081816815, 0.000141474942211, 0.000104618513433, 0.000102364800114, 5.24392053194e-05, 3.8263919123e-05, 5.09254496137e-05, 3.64590341633e-05, 3.08335838781e-05, 3.12976299028e-05, 2.15063864744e-05, 1.6643480194e-05, 1.42202361531e-05, 1.38692212204e-05, 1.28753626996e-05, 9.277890058e-06, 7.87542285252e-06, 6.91425248078e-06, 6.24115818937e-06, 4.64969662062e-06, 3.45422881765e-06, 3.35150116371e-06, 3.18727825288e-06, 2.30574096349e-06, 2.39628616328e-06, 2.35170364249e-06, 1.99387318389e-06, 1.50433663748e-06, 1.16580406484e-06, 8.03389752946e-07, 5.48810078271e-07, 4.31254989053e-07, 3.60501957175e-07],
        "dvar": [1.13013220471e-05, 2.04442912946e-05, 4.62885191155e-06, 2.82762903225e-06, 4.51375626653e-07, 1.32842842504e-07, 1.02036203486e-07, 7.90123735328e-08, 4.87323710274e-08, 3.92092580626e-08, 5.04249904054e-08, 1.83563777512e-08, 7.12271619463e-09, 2.2256239518e-08, 4.97746110995e-09, 4.00044397608e-09, 5.47684830821e-09, 4.06261735364e-09, 1.00040742357e-09, 4.72623051806e-10, 4.88811380261e-10, 3.59368368397e-10, 2.14468304227e-10, 1.89849663768e-10, 2.06171496542e-10, 1.54006141173e-10, 7.71661692878e-11, 4.78241717061e-11, 4.85569813524e-11, 4.61887125769e-11, 2.19199866591e-11, 2.50602611579e-11, 2.31084405083e-11, 1.91278555495e-11, 1.50852039194e-11, 1.65337622066e-11, 7.4718287113e-12, 3.33678831094e-12, 1.44583672292e-12, 1.0985841143e-12],
        "dvar2": [2.8319123885e-05, 5.41798726772e-05, 1.06866591523e-05, 6.85687064106e-06, 1.15117893529e-06, 3.11888129545e-07, 2.19600778451e-07, 1.77250100819e-07, 1.10339314574e-07, 8.42364471509e-08, 1.10514285723e-07, 4.29725446338e-08, 1.46670346979e-08, 6.00630514214e-08, 1.03049266897e-08, 8.921319683e-09, 1.23262537954e-08, 1.12121769646e-08, 2.39615949305e-09, 1.16579024212e-09, 1.21014931409e-09, 9.04164576543e-10, 5.32985267032e-10, 4.84800588563e-10, 5.27082100188e-10, 3.87118587186e-10, 1.86571993965e-10, 1.17473197836e-10, 1.18536763738e-10, 1.1553346474e-10, 5.12630979332e-11, 5.79469527917e-11, 4.99000563092e-11, 3.93185310699e-11, 3.09348172078e-11, 3.84241041762e-11, 1.45971429388e-11, 6.79287529004e-12, 2.88588380623e-12, 2.15996946891e-12],
        "max": [0.0346666760743, 0.0532286949456, 0.0219055600464, 0.0233816746622, 0.0110306413844, 0.00947234965861, 0.011525218375, 0.00611139601097, 0.00594492862001, 0.0056671355851, 0.00785618647933, 0.00616818014532, 0.00390277826227, 0.0058673559688, 0.00544555392116, 0.00203324086033, 0.0031998786144, 0.00477818306535, 0.000952718488406, 0.00059365562629, 0.000737530179322, 0.000412503693951, 0.000240431763814, 0.000240665191086, 0.000294562807539, 0.000231404075748, 0.000157796705025, 0.000121599849081, 0.000129395964905, 0.000145307320054, 7.1104914241e-05, 0.000100830802694, 0.000153714296175, 0.00014968762116, 0.000136251706863, 0.000210431229789, 0.000155233734404, 0.000122314726468, 5.23705020896e-05, 6.30672002444e-05],
        "mean": [0.00129943375941, 0.00186802365351, 0.00219498970546, 0.00115396978799, 0.000649328285363, 0.000367228436517, 0.000312232936267, 0.000240568260779, 0.0001444836671, 0.000110793720523, 0.000111260902486, 5.51805642317e-05, 3.90614695789e-05, 4.49797516922e-05, 3.46214801539e-05, 2.92694039672e-05, 2.76744613075e-05, 1.56902242452e-05, 1.28737028717e-05, 1.10394494186e-05, 1.17732270155e-05, 1.07145015136e-05, 7.68469908508e-06, 5.8539053498e-06, 4.68752386951e-06, 4.17254204876e-06, 3.70702650798e-06, 2.89137346954e-06, 2.98685199596e-06, 2.73069849754e-06, 2.0894822228e-06, 2.25210214921e-06, 2.37903532252e-06, 2.02937621907e-06, 1.5397918105e-06, 1.16906062431e-06, 8.42408439894e-07, 5.36437255505e-07, 4.23578427444e-07, 3.57799706308e-07],
        "median": [0.000404459715355, 0.000748829799704, 0.00106442568358, 0.000595707213506, 0.000350476126187, 0.000177445588633, 0.000123720936244, 8.1839505583e-05, 5.18955348525e-05, 2.66278257186e-05, 1.98036759684e-05, 1.4446757632e-05, 9.22205890674e-06, 5.65976006328e-06, 9.27551263885e-06, 4.72155488751e-06, 4.14750093114e-06, 3.64769380212e-06, 2.4054354526e-06, 2.53968869401e-06, 2.3735499326e-06, 2.05363494388e-06, 1.42991348184e-06, 1.0212130519e-06, 7.02972101863e-07, 6.50297806715e-07, 5.52484891614e-07, 3.0303448284e-07, 2.6118959795e-07, 2.30266223866e-07, 2.01580604653e-07, 1.99099247311e-07, 1.74559602328e-07, 1.52002385789e-07, 1.14971086873e-07, 8.64916458454e-08, 6.20253004513e-08, 4.08428952881e-08, 3.02817895204e-08, 2.96170448166e-08],
        "min": [4.18504515286e-24, 4.94054315824e-24, 3.17726173859e-24, 5.14902844587e-24, 6.36635875733e-24, 5.37013590241e-24, 1.36897848641e-23, 9.88254334258e-24, 6.89732722757e-24, 8.46463607406e-24, 6.81262486559e-24, 6.15223548081e-24, 2.17476941162e-24, 5.18317507901e-24, 8.82315363396e-24, 8.07405447381e-24, 5.94897994656e-24, 5.58535806217e-24, 6.53381933358e-24, 4.19970534392e-24, 8.27554532622e-24, 9.26783137079e-24, 9.65911900156e-24, 6.36715511242e-24, 9.79584121821e-24, 9.02359687909e-24, 8.77188635259e-24, 1.023724676e-23, 1.02290907271e-23, 6.93856729797e-24, 9.5291383902e-24, 9.82166379108e-24, 8.10324784933e-24, 7.76975453506e-24, 9.13559619497e-24, 9.23214488116e-24, 8.06043400142e-24, 7.01236286907e-24, 7.58497491207e-24, 6.48044934347e-24],
        "var": [9.50295270741e-06, 1.57788635988e-05, 7.30905821911e-06, 3.22703340316e-06, 8.065453585e-07, 3.84671352549e-07, 3.94146383087e-07, 2.37369718548e-07, 9.21633329654e-08, 1.08286549505e-07, 1.40504909041e-07, 4.51737669493e-08, 1.52912615903e-08, 4.60599522967e-08, 1.62107074431e-08, 7.91226906216e-09, 1.15169855874e-08, 4.04698496936e-09, 1.67789171446e-09, 6.67258248654e-10, 1.1590887139e-09, 5.64512048218e-10, 3.13416403941e-10, 2.10349626606e-10, 1.91264393212e-10, 1.51455611941e-10, 9.39184910398e-11, 5.99896937681e-11, 7.42855499336e-11, 5.93920121417e-11, 3.10749377619e-11, 3.58256480038e-11, 4.02582758796e-11, 3.69824865176e-11, 3.02652243545e-11, 2.88445534818e-11, 1.65540966351e-11, 6.0364365416e-12, 2.53450645887e-12, 1.85604786748e-12]
    },
    "mfcc": {
        "mean": [-714.053344727, 154.436248779, 18.2488365173, 27.3374996185, 6.24831962585, 4.93984699249, -6.80928325653, 1.8136960268, -4.01093292236, -1.48694074154, -1.52700603008, -1.69779968262, -1.91146922112],
        "cov": [[13933.65625, -1016.34924316, -478.026947021, 117.129356384, -339.107421875, 390.95690918, -127.649505615, 226.306045532, 23.3577632904, -26.4165725708, -27.2706489563, 38.2142181396, -56.6808815002], [-1016.34924316, 2537.64013672, -25.486240387, 73.3573455811, 216.825073242, -85.3507843018, 127.202636719, 4.15040826797, -3.87903141975, 17.8760051727, 27.868314743, -30.6663398743, -29.9269218445], [-478.026947021, -25.486240387, 570.579711914, 3.67419195175, 39.3882904053, -1.13496661186, -8.13135814667, 4.79518079758, 1.52895390987, 7.35651445389, -2.96580433846, 0.531063973904, 5.84488391876], [117.129356384, 73.3573455811, 3.67419195175, 303.648223877, 70.2934646606, 18.5334682465, -44.492805481, 19.1061553955, 11.8723421097, 18.9172153473, -13.129034996, 0.410363018513, 18.2915744781], [-339.107421875, 216.825073242, 39.3882904053, 70.2934646606, 189.72052002, -11.2385292053, 22.7392635345, -0.615910291672, 0.436469703913, 27.0172080994, -0.0629962086678, -2.79005599022, 4.90406513214], [390.95690918, -85.3507843018, -1.13496661186, 18.5334682465, -11.2385292053, 143.320037842, 35.724822998, 29.0261573792, 15.5732955933, 0.175911262631, 8.83626747131, 6.65342950821, -11.4874277115], [-127.649505615, 127.202636719, -8.13135814667, -44.492805481, 22.7392635345, 35.724822998, 154.07901001, 22.5359306335, 9.20836925507, 2.66693687439, 11.5636758804, -2.54536795616, -11.7998065948], [226.306045532, 4.15040826797, 4.79518079758, 19.1061553955, -0.615910291672, 29.0261573792, 22.5359306335, 94.0353164673, 26.2954711914, 0.874011218548, -3.99901461601, 6.34783506393, 0.0433658584952], [23.3577632904, -3.87903141975, 1.52895390987, 11.8723421097, 0.436469703913, 15.5732955933, 9.20836925507, 26.2954711914, 82.0712051392, 16.0557022095, 2.86218237877, -0.319912910461, -8.85248279572], [-26.4165725708, 17.8760051727, 7.35651445389, 18.9172153473, 27.0172080994, 0.175911262631, 2.66693687439, 0.874011218548, 16.0557022095, 90.8915481567, 18.4465675354, -1.99589431286, -11.3637475967], [-27.2706489563, 27.868314743, -2.96580433846, -13.129034996, -0.0629962086678, 8.83626747131, 11.5636758804, -3.99901461601, 2.86218237877, 18.4465675354, 63.9632606506, 15.5319032669, -1.59945082664], [38.2142181396, -30.6663398743, 0.531063973904, 0.410363018513, -2.79005599022, 6.65342950821, -2.54536795616, 6.34783506393, -0.319912910461, -1.99589431286, 15.5319032669, 66.7026672363, 20.5926647186], [-56.6808815002, -29.9269218445, 5.84488391876, 18.2915744781, 4.90406513214, -11.4874277115, -11.7998065948, 0.0433658584952, -8.85248279572, -11.3637475967, -1.59945082664, 20.5926647186, 59.9089622498]],
