{
"lowlevel": {
    "average_loudness": 0.848316431046,
    "barkbands_crest": {
        "dmean": 2.09931015968,
        "dmean2": 3.32769775391,
        "dvar": 3.952064991,
        "dvar2": 9.5487947464,
        "max": 26.5223503113,
        "mean": 8.96643447876,
        "median": 8.07247257233,
        "min": 2.72350549698,
        "var": 14.2697324753
    },
    "barkbands_flatness_db": {
        "dmean": 0.0203557293862,
        "dmean2": 0.0294336248189,
        "dvar": 0.00036852696212,
        "dvar2": 0.00075207313057,
        "max": 0.504613339901,
        "mean": 0.159947261214,
        "median": 0.153503701091,
        "min": 0.0471793077886,
        "var": 0.00211951578967
    },
    "barkbands_kurtosis": {
        "dmean": 2.4089307785,
        "dmean2": 3.69920921326,
        "dvar": 24.9506435394,
        "dvar2": 56.3886756897,
        "max": 168.753967285,
        "mean": 3.8142414093,
        "median": 1.73301935196,
        "min": -1.89277899265,
        "var": 52.317615509
    },
    "barkbands_skewness": {
        "dmean": 0.453469395638,
        "dmean2": 0.689363121986,
        "dvar": 0.23816549778,
        "dvar2": 0.526742815971,
        "max": 11.0505161285,
        "mean": 1.5260848999,
        "median": 1.39355373383,
        "min": -2.11374640465,
        "var": 1.06831693649
    },
    "barkbands_spread": {
        "dmean": 4.0601143837,
        "dmean2": 6.05400705338,
        "dvar": 20.0051383972,
        "dvar2": 44.1363754272,
        "max": 122.644439697,
        "mean": 17.6659793854,
        "median": 16.5488967896,
        "min": 0.484524577856,
        "var": 89.5905456543
    },
    "dissonance": {
        "dmean": 0.0203865207732,
        "dmean2": 0.0337613224983,
        "dvar": 0.000382335681934,
        "dvar2": 0.00100821303204,
        "max": 0.500000059605,
        "mean": 0.458996653557,
        "median": 0.466508209705,
        "min": 0.195410475135,
        "var": 0.000931045797188
    },
    "dynamic_complexity": 2.8148329258,
    "erbbands_crest": {
        "dmean": 2.50089383125,
        "dmean2": 3.90718960762,
        "dvar": 5.90867328644,
        "dvar2": 13.2699794769,
        "max": 32.087348938,
        "mean": 9.19696044922,
        "median": 7.88733243942,
        "min": 2.50070476532,
        "var": 22.3066616058
    },
    "erbbands_flatness_db": {
        "dmean": 0.0158815272152,
        "dmean2": 0.0219837501645,
        "dvar": 0.000221321577555,
        "dvar2": 0.000418820331106,
        "max": 0.427207201719,
        "mean": 0.17872312665,
        "median": 0.172152757645,
        "min": 0.0622154399753,
        "var": 0.00178787624463
    },
    "erbbands_kurtosis": {
        "dmean": 0.844945311546,
        "dmean2": 1.33009064198,
        "dvar": 3.99331331253,
        "dvar2": 9.15160560608,
        "max": 71.9183807373,
        "mean": 0.279097795486,
        "median": -0.267204999924,
        "min": -1.8501611948,
        "var": 6.07489347458
    },
    "erbbands_skewness": {
        "dmean": 0.328457653522,
        "dmean2": 0.492250114679,
        "dvar": 0.125042513013,
        "dvar2": 0.269057154655,
        "max": 7.7036948204,
        "mean": 0.330339759588,
        "median": 0.284514814615,
        "min": -3.08769440651,
        "var": 0.590675234795
    },
    "erbbands_spread": {
        "dmean": 6.88930177689,
        "dmean2": 10.4428443909,
        "dvar": 55.2048377991,
        "dvar2": 122.701187134,
        "max": 151.724258423,
        "mean": 34.7033157349,
        "median": 32.6565475464,
        "min": 2.27744793892,
        "var": 221.018295288
    },
    "hfc": {
        "dmean": 5.00019836426,
        "dmean2": 6.86470270157,
        "dvar": 39.5097732544,
        "dvar2": 72.4591827393,
        "max": 207.824554443,
        "mean": 19.5211448669,
        "median": 17.2938652039,
        "min": 1.09503572388e-16,
        "var": 187.031478882
    },
    "melbands_crest": {
        "dmean": 2.89207363129,
        "dmean2": 4.64797449112,
        "dvar": 6.73918247223,
        "dvar2": 16.4848308563,
        "max": 34.7803268433,
        "mean": 13.1862154007,
        "median": 12.4695587158,
        "min": 1.72818601131,
        "var": 23.934551239
    },
    "melbands_flatness_db": {
        "dmean": 0.0258213188499,
        "dmean2": 0.0361286066473,
        "dvar": 0.000629934074823,
        "dvar2": 0.00120212079491,
        "max": 0.627329707146,
        "mean": 0.213255301118,
        "median": 0.207351654768,
        "min": 0.00365539360791,
        "var": 0.00378357130103
    },
    "melbands_kurtosis": {
        "dmean": 5.04242753983,
        "dmean2": 7.77281761169,
        "dvar": 90.4225234985,
        "dvar2": 198.497299194,
        "max": 394.178466797,
        "mean": 10.2581987381,
        "median": 6.37803554535,
        "min": -1.831204772,
        "var": 208.488067627
    },
    "melbands_skewness": {
        "dmean": 0.588562190533,
        "dmean2": 0.898948788643,
        "dvar": 0.386774241924,
        "dvar2": 0.872285306454,
        "max": 15.6898069382,
        "mean": 2.38116002083,
        "median": 2.2196559906,
        "min": -0.723049402237,
        "var": 1.55201292038
    },
    "melbands_spread": {
        "dmean": 4.98426151276,
        "dmean2": 7.59711790085,
        "dvar": 32.2403182983,
        "dvar2": 73.3934020996,
        "max": 183.903747559,
        "mean": 19.9643592834,
        "median": 17.6730632782,
        "min": 0.385852098465,
        "var": 213.50227356
    },
    "pitch_salience": {
        "dmean": 0.0646896213293,
        "dmean2": 0.102473206818,
        "dvar": 0.00334912026301,
        "dvar2": 0.00825428124517,
        "max": 0.86506909132,
        "mean": 0.56145709753,
        "median": 0.568438708782,
        "min": 0.0697934627533,
        "var": 0.011570064351
    },
    "silence_rate_20dB": {
        "dmean": 0,
        "dmean2": 0,
        "dvar": 0,
        "dvar2": 0,
        "max": 1,
        "mean": 1,
        "median": 1,
        "min": 1,
        "var": 0
    },
    "silence_rate_30dB": {
        "dmean": 0.000511160353199,
        "dmean2": 0.00102240778506,
        "dvar": 0.000510931189638,
        "dvar2": 0.00153269525617,
        "max": 1,
        "mean": 0.999744415283,
        "median": 1,
        "min": 0,
        "var": 0.000255490798736
    },
    "silence_rate_60dB": {
        "dmean": 0.00511160353199,
        "dmean2": 0.0102240778506,
        "dvar": 0.0050860256888,
        "dvar2": 0.011825713329,
        "max": 1,
        "mean": 0.0652525797486,
        "median": 0,
        "min": 0,
        "var": 0.0610087029636
    },
    "spectral_centroid": {
        "dmean": 197.905548096,
        "dmean2": 291.136688232,
        "dvar": 50499.4882812,
        "dvar2": 105360.398438,
        "max": 11934.4443359,
        "mean": 1096.7097168,
        "median": 971.24407959,
        "min": 124.462348938,
        "var": 878948.9375
    },
    "spectral_complexity": {
        "dmean": 3.71102404594,
        "dmean2": 5.23012685776,
        "dvar": 16.2375926971,
        "dvar2": 28.0887470245,
        "max": 59,
        "mean": 20.0725784302,
        "median": 20,
        "min": 0,
        "var": 92.3876037598
    },
    "spectral_decrease": {
        "dmean": 2.04589301056e-09,
        "dmean2": 3.07248249065e-09,
        "dvar": 5.9077305523e-18,
        "dvar2": 1.34929254842e-17,
        "max": 1.56831316118e-28,
        "mean": -7.90033016784e-09,
        "median": -7.74400099601e-09,
        "min": -3.17479980083e-08,
        "var": 1.99933772675e-17
    },
    "spectral_energy": {
        "dmean": 0.00803666375577,
        "dmean2": 0.012002539821,
        "dvar": 9.00796876522e-05,
        "dvar2": 0.000203380142921,
        "max": 0.125688895583,
        "mean": 0.0315883569419,
        "median": 0.0310239195824,
        "min": 1.02124388894e-20,
        "var": 0.00031441412284
    },
    "spectral_energyband_high": {
        "dmean": 0.000291591451969,
        "dmean2": 0.000427159160608,
        "dvar": 3.11485223392e-07,
        "dvar2": 6.62196953272e-07,
        "max": 0.0201978031546,
        "mean": 0.000564306916203,
        "median": 0.000214977291762,
        "min": 6.96176529275e-21,
        "var": 1.01029263533e-06
    },
    "spectral_energyband_low": {
        "dmean": 0.00440575508401,
        "dmean2": 0.00708309933543,
        "dvar": 4.40000549133e-05,
        "dvar2": 0.000112537316454,
        "max": 0.0897083282471,
        "mean": 0.010160593316,
        "median": 0.00823274627328,
        "min": 1.37275034594e-23,
        "var": 8.56253536767e-05
    },
    "spectral_energyband_middle_high": {
        "dmean": 0.001842444879,
        "dmean2": 0.00268765515648,
        "dvar": 5.41380404684e-06,
        "dvar2": 1.1981534044e-05,
        "max": 0.042640529573,
        "mean": 0.00586073705927,
        "median": 0.004581279587,
        "min": 1.26164410265e-21,
        "var": 2.59499520325e-05
    },
    "spectral_energyband_middle_low": {
        "dmean": 0.0057121636346,
        "dmean2": 0.00868142861873,
        "dvar": 4.56755296909e-05,
        "dvar2": 0.000105800594611,
        "max": 0.109566651285,
        "mean": 0.0181134305894,
        "median": 0.0162185933441,
        "min": 1.56020051554e-22,
        "var": 0.000152735665324
    },
    "spectral_entropy": {
        "dmean": 0.181847661734,
        "dmean2": 0.246080085635,
        "dvar": 0.0329711325467,
        "dvar2": 0.0577455088496,
        "max": 9.82186412811,
        "mean": 7.36629772186,
        "median": 7.41762113571,
        "min": 4.86070251465,
        "var": 0.230555668473
    },
    "spectral_flux": {
        "dmean": 0.0206211861223,
        "dmean2": 0.0318884029984,
        "dvar": 0.000455938716186,
        "dvar2": 0.000989746185951,
        "max": 0.292341172695,
        "mean": 0.0803851783276,
        "median": 0.0763664469123,
        "min": 6.40910380323e-11,
        "var": 0.00158160924911
    },
    "spectral_kurtosis": {
        "dmean": 2.55320811272,
        "dmean2": 4.14046239853,
        "dvar": 10.1862382889,
        "dvar2": 25.4380493164,
        "max": 84.2902526855,
        "mean": 5.94834375381,
        "median": 4.31929111481,
        "min": -1.46549165249,
        "var": 39.2515640259
    },
    "spectral_rms": {
        "dmean": 0.0006892788806,
        "dmean2": 0.00101156986784,
        "dvar": 5.05408536355e-07,
        "dvar2": 1.09069526388e-06,
        "max": 0.0110735408962,
        "mean": 0.00523309921846,
        "median": 0.00550156692043,
        "min": 3.15647833392e-12,
        "var": 3.43257875102e-06
    },
    "spectral_rolloff": {
        "dmean": 310.004058838,
        "dmean2": 509.992462158,
        "dvar": 254458.5,
        "dvar2": 554826.6875,
        "max": 19401.4160156,
        "mean": 1235.85180664,
        "median": 968.994140625,
        "min": 21.533203125,
        "var": 2739108
    },
    "spectral_skewness": {
        "dmean": 0.297131747007,
        "dmean2": 0.455471664667,
        "dvar": 0.0905288755894,
        "dvar2": 0.202923610806,
        "max": 7.59632635117,
        "mean": 1.68385565281,
        "median": 1.58202135563,
        "min": -0.0731336399913,
        "var": 0.494187325239
    },
    "spectral_spread": {
        "dmean": 502423.5625,
        "dmean2": 723859.75,
        "dvar": 423620411392,
        "dvar2": 849381228544,
        "max": 41965304,
        "mean": 3984140.75,
        "median": 3600951.5,
        "min": 960070.6875,
        "var": 1.06590487183e+13
    },
    "spectral_strongpeak": {
        "dmean": 0.493389904499,
        "dmean2": 0.835467636585,
        "dvar": 0.660382807255,
        "dvar2": 1.63668513298,
        "max": 11.2399568558,
        "mean": 0.999938428402,
        "median": 0.684903383255,
        "min": 0,
        "var": 1.11908233166
    },
    "zerocrossingrate": {
        "dmean": 0.00719892466441,
        "dmean2": 0.00863567646593,
        "dvar": 5.59393956792e-05,
        "dvar2": 6.95734270266e-05,
        "max": 0.52392578125,
        "mean": 0.0481834895909,
        "median": 0.04248046875,
        "min": 0.00634765625,
        "var": 0.00183763168752
    },
    "barkbands": {
        "dmean": [3.98279917135e-05, 0.00114520417992, 0.00267190090381, 0.00237499410287, 0.00255863252096, 0.00129410682712, 0.00114712840877, 0.0010862306226, 0.000781962298788, 0.000577862549108, 0.000431078515248, 0.00060960277915, 0.000251799996477, 0.000346535787685, 0.000291337666567, 0.000300104351481, 0.000202424096642, 0.000171530264197, 0.000118815798487, 0.000111384346383, 9.29610541789e-05, 7.83571231295e-05, 4.91896862513e-05, 3.13598175126e-05, 1.63362801686e-05, 3.90813556805e-06, 4.49463257723e-08],
        "dmean2": [6.70563604217e-05, 0.00181816611439, 0.00429717637599, 0.0039613856934, 0.00391689408571, 0.00206904206425, 0.00178790476639, 0.00161253556143, 0.00119661574718, 0.000916482647881, 0.000676595722325, 0.000949902576394, 0.000398816657253, 0.000539172149729, 0.00046227851999, 0.000456285430118, 0.000304584624246, 0.000255457503954, 0.000182979609235, 0.000168622209458, 0.000139504802064, 0.000123947043903, 7.9186327639e-05, 4.87061624881e-05, 2.23591232498e-05, 5.29742737854e-06, 6.17250250912e-08],
        "dvar": [4.81293627175e-09, 3.02487819681e-06, 1.67780235643e-05, 1.36600019687e-05, 1.32641471282e-05, 6.36627282802e-06, 4.59178545498e-06, 4.99103134644e-06, 2.25084932026e-06, 8.23898574254e-07, 9.92546006273e-07, 1.7796468228e-06, 2.45122777187e-07, 3.19423264727e-07, 2.85959259827e-07, 3.3097251162e-07, 1.93687114347e-07, 1.22416494719e-07, 5.43632516781e-08, 6.43387636501e-08, 4.09841618421e-08, 2.48912161993e-08, 1.12871463287e-08, 1.67237352855e-08, 1.69753668899e-08, 1.03472452828e-09, 5.38091652399e-13],
        "dvar2": [1.26010233359e-08, 7.00471809978e-06, 4.41942465841e-05, 3.64620100299e-05, 3.1473380659e-05, 1.61820244102e-05, 1.11330491563e-05, 1.03611382656e-05, 5.33015690962e-06, 1.96773453354e-06, 2.41052202909e-06, 4.2519627641e-06, 6.00873136136e-07, 7.43196608255e-07, 6.89518174113e-07, 6.61314629724e-07, 4.44740493322e-07, 2.70961180604e-07, 1.3455962744e-07, 1.50040904145e-07, 9.96257654151e-08, 6.38660466734e-08, 3.0812241647e-08, 3.79285474139e-08, 1.88620319364e-08, 1.71077763067e-09, 1.12885449686e-12],
        "max": [0.00194396579172, 0.0312180053443, 0.0567961335182, 0.0527848675847, 0.0690837204456, 0.0685845762491, 0.0386892966926, 0.0414776019752, 0.0325475409627, 0.0200657136738, 0.0328005477786, 0.0385789573193, 0.0175132714212, 0.0123394494876, 0.0123883048072, 0.0210238266736, 0.0110802268609, 0.0118680503219, 0.00471617048606, 0.00976671651006, 0.00809911545366, 0.0031863860786, 0.00196960847825, 0.0108122611418, 0.0139310723171, 0.00197433168069, 5.59052678e-05],
        "mean": [4.74667795061e-05, 0.00223190151155, 0.0048908139579, 0.00404514325783, 0.00613870332018, 0.00230309879407, 0.00191068451386, 0.00192666845396, 0.00151920330245, 0.0010488240514, 0.000715649977792, 0.00108997547068, 0.000429767766036, 0.000585137517191, 0.000518471875694, 0.000592894677538, 0.000387891137507, 0.000333849020535, 0.000228955846978, 0.000209523743251, 0.000166736150277, 0.000118940428365, 7.04030244378e-05, 4.46756093879e-05, 2.68329768005e-05, 6.05669220022e-06, 4.74117847205e-08],
        "median": [2.19084286073e-05, 0.0015752306208, 0.00348180881701, 0.00267841271125, 0.00383668206632, 0.00137081742287, 0.000861092412379, 0.000580793130212, 0.000713325571269, 0.000590128474869, 0.000244117283728, 0.000394775503082, 0.000210487880395, 0.000301935127936, 0.000279681931715, 0.00025939050829, 0.000169595616171, 0.00015648479166, 8.92949537956e-05, 7.47191297705e-05, 5.96960599069e-05, 4.12441877415e-05, 2.806696466e-05, 1.39334306368e-05, 5.14695375387e-06, 1.06251457055e-06, 1.13823506176e-09],
        "min": [3.6124005447e-26, 2.03744864676e-24, 1.42986896364e-24, 1.97911376333e-24, 7.28092109793e-24, 9.92340791519e-24, 1.05944035348e-23, 8.58736310939e-24, 2.08385465169e-23, 1.53533110752e-23, 1.21956649547e-23, 2.74501349139e-23, 2.99861965065e-23, 3.8244822344e-23, 4.42353626385e-23, 4.50916522184e-23, 7.31948945422e-23, 1.16861437981e-22, 1.52368875118e-22, 1.41841797706e-22, 1.84526392334e-22, 2.98616946919e-22, 4.22113512906e-22, 5.59876016208e-22, 9.20495713716e-22, 1.3354093878e-21, 2.0223681443e-21],
        "var": [5.68885472063e-09, 6.09218614045e-06, 2.79891792161e-05, 2.0995759769e-05, 5.099577902e-05, 9.58144755714e-06, 1.01140694824e-05, 1.42779999805e-05, 6.59170609651e-06, 1.89848049104e-06, 2.43492127083e-06, 5.25068981005e-06, 7.03906664512e-07, 7.28658562821e-07, 6.15642591129e-07, 1.08109418306e-06, 4.54744593981e-07, 3.19582142083e-07, 1.36454616495e-07, 1.64063337138e-07, 1.01854027434e-07, 4.53048549787e-08, 1.32974964373e-08, 2.33329267019e-08, 5.71170559738e-08, 2.24710849928e-09, 7.53300796307e-13]
    },
    "erbbands": {
        "dmean": [0.0349964722991, 0.268627136946, 1.92894685268, 7.03439617157, 5.45897626877, 9.20633220673, 14.7698631287, 9.8449306488, 15.8700094223, 17.2905635834, 21.1317062378, 17.1857337952, 18.7300682068, 13.588344574, 20.9684047699, 19.6436901093, 11.7821350098, 12.4227790833, 15.3954544067, 17.5922317505, 15.0996656418, 10.4912137985, 9.82267570496, 6.40047168732, 4.8067073822, 4.9325094223, 4.96105289459, 3.13959002495, 2.9956111908, 2.08806443214, 1.27757155895, 0.786388337612, 0.461447715759, 0.231165736914, 0.0968382209539, 0.0280779991299, 0.00517974467948, 0.000455864239484, 1.33927160277e-05, 9.49718742049e-06],
        "dmean2": [0.054352145642, 0.431959420443, 3.09821128845, 11.5516271591, 8.87057209015, 14.4997377396, 22.5724906921, 15.8310871124, 24.8238525391, 26.8844738007, 31.1882209778, 26.3922214508, 29.1250247955, 21.0232124329, 32.1203842163, 30.177110672, 18.4502849579, 19.1396541595, 23.9585571289, 27.5983448029, 22.7440948486, 15.3833856583, 14.5814504623, 9.52265834808, 7.31886720657, 7.4542517662, 7.40409135818, 4.74605560303, 4.7422246933, 3.34386825562, 2.0571167469, 1.2444524765, 0.700648128986, 0.319716513157, 0.131634607911, 0.038827419281, 0.00717418920249, 0.0006011245423, 1.77310266736e-05, 1.39217381729e-05],
        "dvar": [0.00316721992567, 0.155135676265, 8.35772609711, 125.80569458, 102.709915161, 180.236297607, 695.769470215, 316.146453857, 913.931945801, 1114.6217041, 1940.8536377, 1222.68212891, 1038.07849121, 474.986724854, 2101.62695312, 1876.07836914, 524.17376709, 474.62399292, 682.069091797, 996.25592041, 1006.81665039, 473.787902832, 454.616638184, 153.756362915, 86.5480651855, 92.4572219849, 177.946151733, 39.2601547241, 37.7088088989, 18.910736084, 8.06582546234, 3.89966773987, 7.86119747162, 3.71253347397, 0.715988516808, 0.0510741733015, 0.00215488648973, 2.06299046113e-05, 9.70505986686e-09, 1.35796332512e-10],
        "dvar2": [0.00697736954316, 0.369714766741, 22.1878547668, 330.294403076, 274.978912354, 454.019775391, 1586.99255371, 789.918518066, 2173.27319336, 2737.54882812, 3976.32739258, 2810.83129883, 2538.43066406, 1074.65820312, 5201.00390625, 4266.77099609, 1271.15515137, 1132.54931641, 1622.83398438, 2391.36791992, 1976.87231445, 1025.14074707, 1011.2633667, 356.69152832, 213.864486694, 213.069793701, 414.71182251, 92.6972579956, 97.3368911743, 50.6419067383, 22.064956665, 9.54578495026, 16.9474544525, 4.55515956879, 0.946097195148, 0.0781875252724, 0.00399662647396, 4.08720370615e-05, 1.83228205941e-08, 2.82574713628e-10],
        "max": [0.961871504784, 7.00331163406, 40.3839187622, 148.485702515, 287.373901367, 249.33114624, 702.98626709, 342.735656738, 585.78515625, 865.708862305, 958.692382812, 864.648193359, 874.514831543, 562.707458496, 1596.38977051, 1195.68823242, 946.448913574, 659.425415039, 629.451049805, 965.346191406, 1388.56237793, 569.349182129, 761.22088623, 323.781097412, 183.201690674, 334.839935303, 573.797607422, 177.924850464, 119.428451538, 90.2839050293, 64.2631072998, 112.090042114, 254.563964844, 219.664932251, 87.3917312622, 15.6342906952, 2.1108789444, 0.209814995527, 0.00490219052881, 0.000376680283807],
        "mean": [0.0631759241223, 0.563307106495, 3.70887041092, 13.2624330521, 10.1567497253, 18.7874469757, 35.4910011292, 17.3246250153, 26.8191738129, 31.032333374, 39.8487319946, 34.137298584, 36.8869857788, 27.3193302155, 39.3866004944, 36.6517295837, 21.7984104156, 22.345413208, 28.7358188629, 34.5165519714, 31.6278743744, 22.5463829041, 20.1176681519, 13.5144548416, 9.34585189819, 9.58675765991, 8.865442276, 5.55776834488, 4.54955482483, 2.9856467247, 1.82145917416, 1.08586633205, 0.676891505718, 0.369834452868, 0.152402758598, 0.0441424511373, 0.0079472148791, 0.000672497611959, 3.2967513107e-05, 3.79570919904e-05],
        "median": [0.0401120707393, 0.420231729746, 2.81825733185, 8.71885871887, 7.79572057724, 11.9446201324, 12.6043348312, 10.735033989, 12.7721538544, 14.0153884888, 14.52110672, 16.8495388031, 21.3890571594, 17.1251277924, 16.8665428162, 15.0144195557, 11.739323616, 12.9287338257, 17.1286182404, 18.0981712341, 14.9381113052, 11.5785856247, 9.80353069305, 5.96528434753, 3.91358041763, 3.64163351059, 2.80645561218, 2.01154327393, 1.58942389488, 1.11834478378, 0.735457420349, 0.369545012712, 0.18799225986, 0.0781014859676, 0.0254723448306, 0.00733528845012, 0.00150302459951, 0.000117466923257, 2.09615263884e-05, 3.70515808754e-05],
        "min": [3.89905230914e-23, 3.2504759902e-22, 1.57902912336e-21, 6.63607625515e-21, 1.35810745807e-20, 2.8401097698e-20, 4.51949514714e-20, 1.06217558062e-19, 1.94464630241e-19, 1.34525261899e-19, 2.4506414719e-19, 3.45381070514e-19, 3.99910600101e-19, 4.63372051793e-19, 9.56482073787e-19, 1.24693413818e-18, 1.82392456528e-18, 1.79057140221e-18, 2.32787566808e-18, 2.92890758271e-18, 4.11350466614e-18, 4.6766777649e-18, 7.10363933061e-18, 7.23213935722e-18, 8.15423398198e-18, 7.5863687012e-18, 9.28238426041e-18, 8.44871028005e-18, 1.15981640664e-17, 1.11997252274e-17, 1.1219778567e-17, 8.66599987362e-18, 9.41837854338e-18, 8.26437969799e-18, 6.53349392647e-18, 4.49335386164e-18, 2.43744173728e-18, 1.00260256282e-18, 2.53933539609e-19, 2.79319182696e-20],
        "var": [0.00601576501504, 0.327438652515, 14.2502527237, 215.16557312, 131.174346924, 455.112182617, 3443.63378906, 493.66986084, 2146.19140625, 2307.01074219, 5564.44824219, 3682.8347168, 2594.6862793, 1230.00366211, 5450.70751953, 5776.42382812, 1642.23156738, 893.015563965, 1497.83630371, 2701.52880859, 3207.12353516, 1268.51416016, 1219.4621582, 437.547241211, 200.573348999, 260.296112061, 448.029571533, 97.7670669556, 67.7503738403, 25.5204792023, 9.04060554504, 5.46777391434, 11.3340787888, 10.2865037918, 2.11313128471, 0.124373488128, 0.00403168937191, 3.35183467541e-05, 1.78476700086e-08, 5.05390784777e-10]
    },
    "gfcc": {
        "mean": [-22.064573288, 126.282409668, -129.938873291, 33.5058860779, -60.0758323669, 11.6083898544, -38.0635986328, -0.23390057683, -18.7862758636, -6.61618518829, -16.7312469482, -4.71889734268, -6.31735277176],
        "cov": [[21679.5957031, 545.934631348, -1893.42272949, 1541.84924316, -919.124694824, 218.603042603, -379.275299072, 255.002975464, -394.970947266, -224.125579834, -236.427078247, -277.278533936, -128.095718384], [545.934631348, 775.684387207, -113.053627014, -193.952438354, 193.881622314, -84.2732009888, 37.0391311646, -77.1449356079, 73.7084655762, -54.6506843567, 8.24914646149, 6.40181970596, 21.1225700378], [-1893.42272949, -113.053627014, 654.706359863, 9.35221481323, 44.641166687, 58.7141914368, 57.1992263794, -10.1541204453, -34.1278800964, -11.3806848526, -33.9601173401, -18.7206783295, -9.5679101944], [1541.84924316, -193.952438354, 9.35221481323, 476.41519165, -124.472129822, 70.6606140137, 38.6942481995, 33.7479476929, -64.0843963623, -53.8545913696, -38.6648368835, -68.0473556519, -9.65581417084], [-919.124694824, 193.881622314, 44.641166687, -124.472129822, 345.19720459, -25.1133289337, 25.889623642, 30.5079975128, 17.0994987488, -13.5163249969, 3.6393764019, 35.3630447388, 1.37810969353], [218.603042603, -84.2732009888, 58.7141914368, 70.6606140137, -25.1133289337, 147.027664185, 15.5956668854, 9.63319396973, -31.435716629, -6.02427482605, -11.9011001587, -9.48532962799, -9.48346328735], [-379.275299072, 37.0391311646, 57.1992263794, 38.6942481995, 25.889623642, 15.5956668854, 138.730148315, 8.24936676025, 6.39609193802, -8.26033115387, 12.1759748459, -20.4661026001, -8.21565246582], [255.002975464, -77.1449356079, -10.1541204453, 33.7479476929, 30.5079975128, 9.63319396973, 8.24936676025, 129.505111694, -0.711376368999, 10.1877613068, -3.95281457901, -5.39337444305, -20.8301677704], [-394.970947266, 73.7084655762, -34.1278800964, -64.0843963623, 17.0994987488, -31.435716629, 6.39609193802, -0.711376368999, 158.539428711, 42.2548980713, 22.8843364716, 21.9046096802, 15.551202774], [-224.125579834, -54.6506843567, -11.3806848526, -53.8545913696, -13.5163249969, -6.02427482605, -8.26033115387, 10.1877613068, 42.2548980713, 109.391387939, 41.4306983948, 15.099937439, -1.94871306419], [-236.427078247, 8.24914646149, -33.9601173401, -38.6648368835, 3.6393764019, -11.9011001587, 12.1759748459, -3.95281457901, 22.8843364716, 41.4306983948, 86.3509521484, 32.67212677, 12.1003246307], [-277.278533936, 6.40181970596, -18.7206783295, -68.0473556519, 35.3630447388, -9.48532962799, -20.4661026001, -5.39337444305, 21.9046096802, 15.099937439, 32.67212677, 97.8750228882, 42.1732368469], [-128.095718384, 21.1225700378, -9.5679101944, -9.65581417084, 1.37810969353, -9.48346328735, -8.21565246582, -20.8301677704, 15.551202774, -1.94871306419, 12.1003246307, 42.1732368469, 83.6081008911]],
        "icov": [[0.000195201704628, -0.000551328179426, 0.000447386235464, -0.000661625468638, 0.000499333662447, -0.000285208690912, 0.000570084899664, -0.000571221113205, 0.000465934252134, -0.000297757535009, 0.000356025528163, -0.000183579424629, 0.000233734579524], [-0.000551328179426, 0.00374652235769, -0.000799939327408, 0.0025218159426, -0.0024967091158, 0.00124598806724, -0.00220908783376, 0.00289729912765, -0.00219445023686, 0.0023374974262, -0.00130352238193, 0.00151856371667, -0.00101893977262], [0.000447386235464, -0.000799939327408, 0.002845936222, -0.00127367419191, 0.000675567542203, -0.00115519051906, 0.000416432856582, -0.000730186875444, 0.00121424347162, -0.000743937271181, 0.00162652845029, -0.000206597542274, 0.00040857490967], [-0.000661625468638, 0.0025218159426, -0.00127367419191, 0.0054987850599, -0.000985553138889, 0.000117697643873, -0.00282340985723, 0.00122904439922, -0.00130764150526, 0.00260329456069, -0.00115295464639, 0.00247016642243, -0.00187835469842], [0.000499333662447, -0.0024967091158, 0.000675567542203, -0.000985553138889, 0.00549912592396, -0.000554695143364, 0.000785959127825, -0.00330093177035, 0.00151276623365, -0.0003850653884, 0.00133547198493, -0.00223761098459, 0.00110561272595], [-0.000285208690912, 0.00124598806724, -0.00115519051906, 0.000117697643873, -0.000554695143364, 0.00844440143555, -0.00166751560755, 0.000828714517411, 0.000317811558489, 4.98367226101e-05, 0.000237053143792, -0.000627396104392, 0.000363433995517], [0.000570084899664, -0.00220908783376, 0.000416432856582, -0.00282340985723, 0.000785959127825, -0.00166751560755, 0.0106359841302, -0.00228876853362, 0.00049695931375, 0.000137210634421, -0.00218013557605, 0.0018041288713, 0.000742173695471], [-0.000571221113205, 0.00289729912765, -0.000730186875444, 0.00122904439922, -0.00330093177035, 0.000828714517411, -0.00228876853362, 0.0112785482779, -0.00191700307187, 7.20588723198e-05, -0.000295409408864, 0.0001995783241, 0.00148502283264], [0.000465934252134, -0.00219445023686, 0.00121424347162, -0.00130764150526, 0.00151276623365, 0.000317811558489, 0.00049695931375, -0.00191700307187, 0.00923974532634, -0.00412390381098, 0.00132644141559, -0.00140796136111, -0.00045795753249], [-0.000297757535009, 0.0023374974262, -0.000743937271181, 0.00260329456069, -0.0003850653884, 4.98367226101e-05, 0.000137210634421, 7.20588723198e-05, -0.00412390381098, 0.0148455779999, -0.00684368889779, 0.00153069396038, 0.000543644884601], [0.000356025528163, -0.00130352238193, 0.00162652845029, -0.00115295464639, 0.00133547198493, 0.000237053143792, -0.00218013557605, -0.000295409408864, 0.00132644141559, -0.00684368889779, 0.0181481167674, -0.00587554136291, 0.000575783837121], [-0.000183579424629, 0.00151856371667, -0.000206597542274, 0.00247016642243, -0.00223761098459, -0.000627396104392, 0.0018041288713, 0.0001995783241, -0.00140796136111, 0.00153069396038, -0.00587554136291, 0.017949052155, -0.008116427809], [0.000233734579524, -0.00101893977262, 0.00040857490967, -0.00187835469842, 0.00110561272595, 0.000363433995517, 0.000742173695471, 0.00148502283264, -0.00045795753249, 0.000543644884601, 0.000575783837121, -0.008116427809, 0.0169803984463]]
    },
    "melbands": {
        "dmean": [0.000317785452353, 0.000760192109738, 0.0010727585759, 0.000468114216346, 0.000517295848113, 0.000226521340664, 0.00023645645706, 0.00021037053375, 0.000155998073751, 0.000112932451884, 9.70173496171e-05, 6.0507813032e-05, 6.76606068737e-05, 7.91802231106e-05, 3.47232635249e-05, 2.42628429987e-05, 2.54674978351e-05, 2.97968963423e-05, 2.20175461436e-05, 2.2281841666e-05, 1.9083985535e-05, 1.20182612591e-05, 1.15044658742e-05, 7.75504759076e-06, 5.55364158572e-06, 4.66249957753e-06, 3.15255670102e-06, 3.631449772e-06, 3.97847770728e-06, 2.17202932618e-06, 1.81863015314e-06, 1.74510637407e-06, 1.55854274908e-06, 1.1100669326e-06, 7.99070505764e-07, 5.94821074174e-07, 4.47380358537e-07, 3.57095643722e-07, 2.54132800137e-07, 1.80186617627e-07],
        "dmean2": [0.00049936195137, 0.00122189661488, 0.00176010385621, 0.000737193680834, 0.000788169912994, 0.000363453174941, 0.000369729299564, 0.00032350778929, 0.000231896265177, 0.000173267908394, 0.000151580330567, 9.39250094234e-05, 0.000104185121018, 0.000123312333017, 5.39512839168e-05, 3.8174315705e-05, 3.94584531023e-05, 4.68507751066e-05, 3.46595552401e-05, 3.4311608033e-05, 2.90773205052e-05, 1.81538634934e-05, 1.75717414095e-05, 1.16209430416e-05, 8.47372666613e-06, 7.3625569712e-06, 4.85958298668e-06, 5.59875434192e-06, 6.06827688898e-06, 3.30118268721e-06, 2.81563666249e-06, 2.76676064459e-06, 2.51798587669e-06, 1.80375195669e-06, 1.3035523807e-06, 9.5715279258e-07, 7.10042627361e-07, 5.5807430499e-07, 3.8295536342e-07, 2.60033033328e-07],
        "dvar": [2.50998056117e-07, 1.25113933791e-06, 2.74515150522e-06, 4.88125010634e-07, 7.37321272481e-07, 1.70035690417e-07, 2.00202322276e-07, 1.5401801079e-07, 9.83287762324e-08, 4.84551456736e-08, 2.68113264923e-08, 9.34381372275e-09, 2.15772821832e-08, 3.5150215183e-08, 5.33632560362e-09, 1.81156711854e-09, 2.17766138455e-09, 2.67178235092e-09, 1.78384107485e-09, 1.81116444065e-09, 1.64737334885e-09, 8.17355794158e-10, 5.48488754415e-10, 2.79937767411e-10, 1.28269964095e-10, 1.03675699969e-10, 4.56515172886e-11, 5.34923876028e-11, 1.71108918701e-10, 1.83981059554e-11, 1.45610658947e-11, 1.22124133722e-11, 1.12463467358e-11, 5.56568636664e-12, 3.40119403995e-12, 1.55022013022e-12, 1.6663419776e-12, 4.17446806289e-12, 4.41686054051e-12, 3.01830565749e-12],
        "dvar2": [5.68408495383e-07, 3.2683713016e-06, 7.18242426956e-06, 1.24178041006e-06, 1.65415190168e-06, 4.25672908477e-07, 4.78630511225e-07, 3.58269090839e-07, 2.04492977218e-07, 1.13724873074e-07, 6.55901217783e-08, 2.12195629956e-08, 5.15011748803e-08, 8.62507079091e-08, 1.21578045409e-08, 4.29458379969e-09, 5.2198401157e-09, 6.34101970931e-09, 4.1496370784e-09, 3.82188769521e-09, 3.40758066208e-09, 1.92322668902e-09, 1.24881482932e-09, 6.057962465e-10, 3.04631708747e-10, 2.73957939667e-10, 1.0762676167e-10, 1.26353663643e-10, 4.10428635522e-10, 4.16477338727e-11, 3.59685857487e-11, 3.14081920194e-11, 2.98854933856e-11, 1.50900125728e-11, 9.42684472149e-12, 4.09479568309e-12, 3.97888753195e-12, 1.00805501099e-11, 7.81317545384e-12, 3.76849853406e-12],
        "max": [0.00925639737397, 0.015639513731, 0.0213182810694, 0.0160766262561, 0.0219823308289, 0.00905448384583, 0.00893588270992, 0.00852914433926, 0.0063076573424, 0.00505158025771, 0.00429733749479, 0.00226392806508, 0.00479834107682, 0.00548252556473, 0.00252819224261, 0.00136202562135, 0.00136133038905, 0.00117413490079, 0.00131148879882, 0.0012586634839, 0.00151002872735, 0.000773509556893, 0.000628278590739, 0.000491518643685, 0.000269855954684, 0.000261201494141, 0.000190685634152, 0.000243304195465, 0.000579985266086, 0.000162590542459, 0.000108724634629, 6.44328465569e-05, 7.1829672379e-05, 4.72860883747e-05, 4.46662197646e-05, 2.8663136618e-05, 8.12063444755e-05, 0.000179821276106, 0.000196550914552, 0.000179565453436],
        "mean": [0.000605222419836, 0.00160116120242, 0.00209613866173, 0.000924578052945, 0.00125606241636, 0.000394853792386, 0.000398331816541, 0.000382613419788, 0.000294150551781, 0.000217214299482, 0.000185961165698, 0.000114600479719, 0.000119697026093, 0.000138760369737, 5.87017348153e-05, 4.06529761676e-05, 4.27249215136e-05, 5.08960692969e-05, 3.9717528125e-05, 4.32382221334e-05, 3.57398457709e-05, 2.25514377235e-05, 2.20187848754e-05, 1.42989611049e-05, 1.07050518636e-05, 8.35142782307e-06, 5.46205637875e-06, 6.58276212562e-06, 6.62966886011e-06, 3.57015483132e-06, 3.03495176013e-06, 2.60641081695e-06, 2.12764075513e-06, 1.52278153109e-06, 1.09523500669e-06, 8.09078130715e-07, 6.01100225595e-07, 4.90717809498e-07, 3.9384400452e-07, 2.81921984424e-07],
        "median": [0.000411842192989, 0.00127610494383, 0.00152724271175, 0.000708709820174, 0.000493203988299, 0.000246057461482, 0.000187232581084, 0.000156953101396, 0.000111703731818, 0.000102092453744, 0.000105912673462, 6.8248147727e-05, 4.69430378871e-05, 4.56666748505e-05, 2.46813706326e-05, 2.15576619667e-05, 2.23323968385e-05, 2.58390537056e-05, 2.05022970476e-05, 1.97639365069e-05, 1.50279156514e-05, 9.99205076369e-06, 9.68964104686e-06, 6.47773549645e-06, 4.27034910899e-06, 3.18628281093e-06, 2.23721963266e-06, 2.25604503612e-06, 1.76910020855e-06, 1.33114497203e-06, 1.03726847556e-06, 9.08986351078e-07, 7.12229279998e-07, 5.66659252854e-07, 4.37654392726e-07, 3.03225647258e-07, 1.87875869528e-07, 1.35731895057e-07, 8.93303422345e-08, 5.37240900655e-08],
        "min": [6.31842677987e-25, 1.86459285356e-24, 1.53943237565e-24, 1.34153231947e-24, 1.36350475808e-24, 2.68865214073e-24, 2.8703980019e-24, 1.55401190568e-24, 2.15145916352e-24, 2.50954797752e-24, 1.73680586717e-24, 1.7578471541e-24, 3.24750408295e-24, 2.16770378171e-24, 2.63490191966e-24, 3.76480396029e-24, 2.42323910031e-24, 2.77165352138e-24, 4.51312767017e-24, 3.34087523742e-24, 3.6891809929e-24, 3.61542880915e-24, 5.00543682846e-24, 5.06480176702e-24, 4.2979855798e-24, 5.23569349378e-24, 5.53638912705e-24, 4.45836494613e-24, 4.65706283651e-24, 3.2901331402e-24, 3.78174119835e-24, 5.12027643803e-24, 5.56403751849e-24, 5.79199938743e-24, 5.17451654172e-24, 5.80543644966e-24, 4.77371248742e-24, 5.97960865449e-24, 6.06957192985e-24, 7.01415042789e-24],
        "var": [4.91488890475e-07, 2.26006386583e-06, 4.64479990114e-06, 8.68068184445e-07, 3.91921503251e-06, 2.58933482655e-07, 4.60855829942e-07, 3.69886549834e-07, 2.85831220026e-07, 1.38194437227e-07, 6.60242704953e-08, 2.26008012305e-08, 5.58463071343e-08, 9.77875487251e-08, 1.38782487724e-08, 4.44363346119e-09, 4.0062011486e-09, 5.98207039459e-09, 4.21490220504e-09, 5.49011947015e-09, 4.58146720561e-09, 1.66524138923e-09, 1.49504431057e-09, 6.54918397291e-10, 3.18298470914e-10, 2.03703998114e-10, 9.18457254695e-11, 1.44513706557e-10, 3.74587805219e-10, 4.11975419057e-11, 3.13702050447e-11, 2.17039615447e-11, 1.64878718317e-11, 6.80805325309e-12, 3.47860542455e-12, 1.97839357743e-12, 2.3158213628e-12, 4.88941265947e-12, 8.1622200318e-12, 7.68785209104e-12]
    },
    "mfcc": {
        "mean": [-648.075622559, 142.499084473, -6.66509723663, 21.538269043, -0.0589380934834, 8.2963809967, -7.59339857101, 4.08664226532, -1.0194132328, -0.725657582283, -6.552983284, -3.07083797455, -3.78717470169],
        "cov": [[10596.8095703, 166.847915649, -175.063705444, 705.329711914, -159.430892944, 4.8431687355, 59.5563659668, 199.428878784, 1.57444393635, 59.5559387207, -69.793800354, -50.6795501709, -147.906112671], [166.847915649, 1219.38879395, -242.958404541, -48.4574356079, 105.152610779, 22.1603507996, -61.5585746765, 26.9710884094, 5.25115537643, -9.29848861694, -7.82284450531, -10.87059021, 17.5091609955], [-175.063705444, -242.958404541, 506.400787354, 44.119556427, -51.3339576721, 67.7534332275, 41.6295166016, -0.968411028385, 6.75041484833, 14.3135671616, -8.08862876892, -30.7885322571, -64.34765625], [705.329711914, -48.4574356079, 44.119556427, 278.490875244, 6.24559545517, 9.45996570587, 53.2945365906, 49.9544143677, 25.2109470367, 15.619187355, -11.6606483459, -8.18797302246, -22.7972202301], [-159.430892944, 105.152610779, -51.3339576721, 6.24559545517, 186.935745239, -2.95867729187, 15.2220020294, 31.4748363495, 17.5494499207, -7.61299991608, -4.89676904678, -14.9689321518, 10.6729640961], [4.8431687355, 22.1603507996, 67.7534332275, 9.45996570587, -2.95867729187, 129.966110229, 12.8519153595, 5.08911037445, 4.30108451843, -0.0893638581038, -10.9323568344, -5.69287109375, -12.9489889145], [59.5563659668, -61.5585746765, 41.6295166016, 53.2945365906, 15.2220020294, 12.8519153595, 170.009429932, 36.5545921326, -9.41228675842, 6.5728764534, 11.7240762711, -22.5861110687, -27.7384109497], [199.428878784, 26.9710884094, -0.968411028385, 49.9544143677, 31.4748363495, 5.08911037445, 36.5545921326, 108.931411743, 26.8918495178, -2.00735425949, -5.97286701202, -9.33842372894, -7.33944702148], [1.57444393635, 5.25115537643, 6.75041484833, 25.2109470367, 17.5494499207, 4.30108451843, -9.41228675842, 26.8918495178, 79.6749038696, 18.5335216522, -9.47269439697, 7.0956287384, 6.01607751846], [59.5559387207, -9.29848861694, 14.3135671616, 15.619187355, -7.61299991608, -0.0893638581038, 6.5728764534, -2.00735425949, 18.5335216522, 82.3081665039, 38.5406227112, 2.78825759888, -6.01579523087], [-69.793800354, -7.82284450531, -8.08862876892, -11.6606483459, -4.89676904678, -10.9323568344, 11.7240762711, -5.97286701202, -9.47269439697, 38.5406227112, 85.4017486572, 25.5114459991, -0.937608718872], [-50.6795501709, -10.87059021, -30.7885322571, -8.18797302246, -14.9689321518, -5.69287109375, -22.5861110687, -9.33842372894, 7.0956287384, 2.78825759888, 25.5114459991, 82.1666030884, 45.8399391174], [-147.906112671, 17.5091609955, -64.34765625, -22.7972202301, 10.6729640961, -12.9489889145, -27.7384109497, -7.33944702148, 6.01607751846, -6.01579523087, -0.937608718872, 45.8399391174, 93.260017395]],
