{
"lowlevel": {
    "average_loudness": 0.0830901488662,
    "barkbands_crest": {
        "dmean": 2.09263157845,
        "dmean2": 3.31811714172,
        "dvar": 5.09796094894,
        "dvar2": 12.7848110199,
        "max": 26.9057273865,
        "mean": 14.1978387833,
        "median": 13.2086486816,
        "min": 2.58469510078,
        "var": 43.4076728821
    },
    "barkbands_flatness_db": {
        "dmean": 0.0173066090792,
        "dmean2": 0.0260232761502,
        "dvar": 0.000351756782038,
        "dvar2": 0.000731795735192,
        "max": 0.532550752163,
        "mean": 0.197359636426,
        "median": 0.188028395176,
        "min": 0.0173640642315,
        "var": 0.00726444507018
    },
    "barkbands_kurtosis": {
        "dmean": 9.61468982697,
        "dmean2": 14.7628917694,
        "dvar": 1583.84863281,
        "dvar2": 3732.1081543,
        "max": 1773.05297852,
        "mean": 24.3860721588,
        "median": 4.8411359787,
        "min": -1.94713830948,
        "var": 7660.39550781
    },
    "barkbands_skewness": {
        "dmean": 0.628545939922,
        "dmean2": 0.944761753082,
        "dvar": 1.04722452164,
        "dvar2": 2.3633890152,
        "max": 39.2033348083,
        "mean": 2.22302174568,
        "median": 1.41424918175,
        "min": -9.50364494324,
        "var": 12.7473506927
    },
    "barkbands_spread": {
        "dmean": 3.31119418144,
        "dmean2": 5.1200838089,
        "dvar": 37.9581375122,
        "dvar2": 86.9130172729,
        "max": 151.358322144,
        "mean": 15.9248151779,
        "median": 8.82845115662,
        "min": 0.157446935773,
        "var": 399.133514404
    },
    "dissonance": {
        "dmean": 0.0274836607277,
        "dmean2": 0.0462057255208,
        "dvar": 0.000786172458902,
        "dvar2": 0.00213665771298,
        "max": 0.499999850988,
        "mean": 0.421868890524,
        "median": 0.436358571053,
        "min": 0.105717480183,
        "var": 0.00367414276116
    },
    "dynamic_complexity": 10.0472450256,
    "erbbands_crest": {
        "dmean": 2.65336799622,
        "dmean2": 4.08825206757,
        "dvar": 6.72272539139,
        "dvar2": 15.8710899353,
        "max": 33.4681243896,
        "mean": 14.9675350189,
        "median": 13.6053905487,
        "min": 2.04258728027,
        "var": 56.5452537537
    },
    "erbbands_flatness_db": {
        "dmean": 0.0161176994443,
        "dmean2": 0.0231906007975,
        "dvar": 0.000311170326313,
        "dvar2": 0.000573397264816,
        "max": 0.517648279667,
        "mean": 0.224534124136,
        "median": 0.226196601987,
        "min": 0.0172120016068,
        "var": 0.00564794288948
    },
    "erbbands_kurtosis": {
        "dmean": 3.04368019104,
        "dmean2": 4.58928203583,
        "dvar": 56.0854034424,
        "dvar2": 126.278106689,
        "max": 226.771179199,
        "mean": 7.89680099487,
        "median": 1.89032840729,
        "min": -1.87124061584,
        "var": 373.529266357
    },
    "erbbands_skewness": {
        "dmean": 0.43061169982,
        "dmean2": 0.639670968056,
        "dvar": 0.236990690231,
        "dvar2": 0.50235670805,
        "max": 13.1694049835,
        "mean": 1.37984108925,
        "median": 1.07135486603,
        "min": -3.58056735992,
        "var": 4.13867950439
    },
    "erbbands_spread": {
        "dmean": 4.66107225418,
        "dmean2": 7.10225296021,
        "dvar": 44.4410324097,
        "dvar2": 103.28302002,
        "max": 116.80897522,
        "mean": 23.7318344116,
        "median": 19.3404159546,
        "min": 0.830262362957,
        "var": 324.456787109
    },
    "hfc": {
        "dmean": 2.66064810753,
        "dmean2": 3.76733231544,
        "dvar": 30.1439666748,
        "dvar2": 60.7484397888,
        "max": 121.907974243,
        "mean": 12.9748868942,
        "median": 2.92780017853,
        "min": 1.09293316311e-16,
        "var": 363.656158447
    },
    "melbands_crest": {
        "dmean": 2.72285532951,
        "dmean2": 4.18438911438,
        "dvar": 7.23277997971,
        "dvar2": 17.4748191833,
        "max": 35.0171356201,
        "mean": 17.0638237,
        "median": 15.8839817047,
        "min": 1.76864433289,
        "var": 55.5627746582
    },
    "melbands_flatness_db": {
        "dmean": 0.0187793206424,
        "dmean2": 0.0283052623272,
        "dvar": 0.000473459775094,
        "dvar2": 0.00101018277928,
        "max": 0.610902905464,
        "mean": 0.263562768698,
        "median": 0.253021478653,
        "min": 0.00387003645301,
        "var": 0.00909971352667
    },
    "melbands_kurtosis": {
        "dmean": 10.6082849503,
        "dmean2": 16.0930213928,
        "dvar": 827.583251953,
        "dvar2": 1771.38452148,
        "max": 985.750549316,
        "mean": 31.1435623169,
        "median": 7.50523996353,
        "min": -1.78066170216,
        "var": 6097.25097656
    },
    "melbands_skewness": {
        "dmean": 0.651495635509,
        "dmean2": 0.981522202492,
        "dvar": 0.814751029015,
        "dvar2": 1.80754685402,
        "max": 22.1598243713,
        "mean": 2.59431886673,
        "median": 1.88727152348,
        "min": -4.63781929016,
        "var": 9.03040313721
    },
    "melbands_spread": {
        "dmean": 4.45141553879,
        "dmean2": 6.72634601593,
        "dvar": 70.9088134766,
        "dvar2": 159.45072937,
        "max": 189.493041992,
        "mean": 19.0315189362,
        "median": 11.795381546,
        "min": 0.214484155178,
        "var": 433.282012939
    },
    "pitch_salience": {
        "dmean": 0.0545859709382,
        "dmean2": 0.0856325775385,
        "dvar": 0.0030361644458,
        "dvar2": 0.00750646507367,
        "max": 0.910785615444,
        "mean": 0.460915118456,
        "median": 0.488397121429,
        "min": 0.0311225932091,
        "var": 0.0288698188961
    },
    "silence_rate_20dB": {
        "dmean": 0,
        "dmean2": 0,
        "dvar": 0,
        "dvar2": 0,
        "max": 1,
        "mean": 1,
        "median": 1,
        "min": 1,
        "var": 0
    },
    "silence_rate_30dB": {
        "dmean": 0,
        "dmean2": 0,
        "dvar": 0,
        "dvar2": 0,
        "max": 1,
        "mean": 1,
        "median": 1,
        "min": 1,
        "var": 0
    },
    "silence_rate_60dB": {
        "dmean": 0.0332600101829,
        "dmean2": 0.0665258690715,
        "dvar": 0.032149028033,
        "dvar2": 0.073551222682,
        "max": 1,
        "mean": 0.401812434196,
        "median": 0,
        "min": 0,
        "var": 0.240367144346
    },
    "spectral_centroid": {
        "dmean": 140.051681519,
        "dmean2": 212.034423828,
        "dvar": 61796.734375,
        "dvar2": 123366.78125,
        "max": 11708.6542969,
        "mean": 1137.28271484,
        "median": 856.001098633,
        "min": 206.133743286,
        "var": 811910.8125
    },
    "spectral_complexity": {
        "dmean": 1.35503745079,
        "dmean2": 2.21330523491,
        "dvar": 4.41715574265,
        "dvar2": 10.4884548187,
        "max": 48,
        "mean": 8.45011425018,
        "median": 7,
        "min": 0,
        "var": 44.6743507385
    },
    "spectral_decrease": {
        "dmean": 6.60141608044e-10,
        "dmean2": 9.88070736341e-10,
        "dvar": 1.59928909089e-18,
        "dvar2": 3.66736025326e-18,
        "max": 8.88564497317e-15,
        "mean": -3.14822390379e-09,
        "median": -1.26249688481e-09,
        "min": -2.44720350651e-08,
        "var": 1.70248477335e-17
    },
    "spectral_energy": {
        "dmean": 0.00270905834623,
        "dmean2": 0.00403462536633,
        "dvar": 2.67488212558e-05,
        "dvar2": 6.06382163824e-05,
        "max": 0.1023953408,
        "mean": 0.0130590153858,
        "median": 0.00513598648831,
        "min": 1.01894894742e-20,
        "var": 0.000295068894047
    },
    "spectral_energyband_high": {
        "dmean": 5.63923822483e-05,
        "dmean2": 8.3830091171e-05,
        "dvar": 3.9796852036e-08,
        "dvar2": 7.53129398845e-08,
        "max": 0.010535042733,
        "mean": 0.000125633348944,
        "median": 1.92197876459e-05,
        "min": 7.39250505645e-21,
        "var": 1.24536654766e-07
    },
    "spectral_energyband_low": {
        "dmean": 0.000504241441377,
        "dmean2": 0.000848114490509,
        "dvar": 4.32428669228e-06,
        "dvar2": 1.21611165014e-05,
        "max": 0.0367452166975,
        "mean": 0.00105373479892,
        "median": 0.000522338843439,
        "min": 2.02983440353e-23,
        "var": 3.95352708438e-06
    },
    "spectral_energyband_middle_high": {
        "dmean": 0.00148902845103,
        "dmean2": 0.00214533833787,
        "dvar": 1.49364805111e-05,
        "dvar2": 3.13140044454e-05,
        "max": 0.0993409231305,
        "mean": 0.00672360183671,
        "median": 0.000500406255014,
        "min": 1.25012930828e-21,
        "var": 0.000191834275029
    },
    "spectral_energyband_middle_low": {
        "dmean": 0.00132626388222,
        "dmean2": 0.00196857308038,
        "dvar": 9.15196142159e-06,
        "dvar2": 2.02942010219e-05,
        "max": 0.083695627749,
        "mean": 0.00528140878305,
        "median": 0.00221199449152,
        "min": 1.50442855441e-22,
        "var": 8.43274683575e-05
    },
    "spectral_entropy": {
        "dmean": 0.161836504936,
        "dmean2": 0.241455763578,
        "dvar": 0.0312463324517,
        "dvar2": 0.0593849793077,
        "max": 9.82061958313,
        "mean": 6.77993249893,
        "median": 6.80588245392,
        "min": 3.43044543266,
        "var": 0.565335810184
    },
    "spectral_flux": {
        "dmean": 0.0155004123226,
        "dmean2": 0.024663195014,
        "dvar": 0.000549872405827,
        "dvar2": 0.00131196912844,
        "max": 0.272122889757,
        "mean": 0.041362054646,
        "median": 0.0267549268901,
        "min": 6.47563114242e-11,
        "var": 0.00195055932272
    },
    "spectral_kurtosis": {
        "dmean": 2.63343238831,
        "dmean2": 4.54342985153,
        "dvar": 8.49376964569,
        "dvar2": 25.0116539001,
        "max": 57.1621742249,
        "mean": 8.78021812439,
        "median": 7.44585180283,
        "min": -1.2308152914,
        "var": 33.4613113403
    },
    "spectral_rms": {
        "dmean": 0.000315022742143,
        "dmean2": 0.000461134652141,
        "dvar": 2.14512866137e-07,
        "dvar2": 4.59373467265e-07,
        "max": 0.00999489333481,
        "mean": 0.00279900291935,
        "median": 0.00223846361041,
        "min": 3.15292974021e-12,
        "var": 4.90609409098e-06
    },
    "spectral_rolloff": {
        "dmean": 291.078674316,
        "dmean2": 501.148284912,
        "dvar": 1292067.125,
        "dvar2": 3152416,
        "max": 19207.6171875,
        "mean": 1728.49902344,
        "median": 753.662109375,
        "min": 107.666015625,
        "var": 10644380
    },
    "spectral_skewness": {
        "dmean": 0.270885616541,
        "dmean2": 0.452160209417,
        "dvar": 0.0680895969272,
        "dvar2": 0.186311006546,
        "max": 6.36854314804,
        "mean": 2.09305620193,
        "median": 1.98891961575,
        "min": -0.411561250687,
        "var": 0.61120891571
    },
    "spectral_spread": {
        "dmean": 368409.71875,
        "dmean2": 567952.6875,
        "dvar": 432838115328,
        "dvar2": 849871175680,
        "max": 41731396,
        "mean": 3864095.5,
        "median": 3274639,
        "min": 1318814.125,
        "var": 6.00932561715e+12
    },
    "spectral_strongpeak": {
        "dmean": 0.487279593945,
        "dmean2": 0.780610620975,
        "dvar": 0.947866141796,
        "dvar2": 2.2381978035,
        "max": 16.034154892,
        "mean": 1.72337329388,
        "median": 0.517269134521,
        "min": 0,
        "var": 6.04360246658
    },
    "zerocrossingrate": {
        "dmean": 0.00683795660734,
        "dmean2": 0.00825888849795,
        "dvar": 0.000192580366274,
        "dvar2": 0.000244016919169,
        "max": 0.765625,
        "mean": 0.0599337518215,
        "median": 0.0380859375,
        "min": 0.0068359375,
        "var": 0.00759712839499
    },
    "barkbands": {
        "dmean": [6.72706664773e-06, 0.000286739377771, 0.000222542352276, 9.94153160718e-05, 0.000359390338417, 0.000293625547783, 0.00040728066233, 0.000280484498944, 0.000476414570585, 0.000403711106628, 0.00073582411278, 0.00013273685181, 0.000263724738033, 0.000321811530739, 0.00025676455698, 0.000128702522488, 8.31886718515e-05, 0.000162429947522, 7.90734120528e-05, 5.53583668079e-05, 1.37561819429e-05, 8.58857856656e-06, 9.4105662356e-06, 7.00026839695e-06, 3.35992854161e-06, 2.10668486034e-06, 2.34554613598e-06],
        "dmean2": [1.13796049845e-05, 0.00049237330677, 0.000371648813598, 0.000166409023223, 0.000576035527047, 0.000441199546913, 0.00060783844674, 0.000402320874855, 0.000661798054352, 0.000568711140659, 0.0010766480118, 0.00018825706502, 0.000402563804528, 0.000469120655907, 0.000367712491425, 0.00019440620963, 0.000120451979456, 0.000241532921791, 0.000118525305879, 8.4076076746e-05, 2.18271597987e-05, 1.31740280267e-05, 1.38975328809e-05, 1.01692776298e-05, 4.82478117192e-06, 3.20197682413e-06, 3.66451763512e-06],
        "dvar": [2.01857322524e-10, 1.60368631441e-06, 7.6745214983e-07, 1.2374080427e-07, 1.33228797949e-06, 6.42794816486e-07, 1.71145813965e-06, 2.55639179159e-06, 4.31985972682e-06, 3.06481979351e-06, 1.05905082819e-05, 1.0144310636e-06, 1.97584290618e-06, 2.51808273788e-06, 1.49158245222e-06, 4.50767345228e-07, 8.94487115488e-08, 2.08609264973e-07, 4.63187426192e-08, 2.23453344717e-08, 3.29441185443e-09, 1.76987846601e-09, 3.22430460109e-09, 1.67561187148e-09, 2.96409813361e-10, 1.00756326893e-10, 1.66401184498e-10],
        "dvar2": [5.30373245322e-10, 4.60596493213e-06, 2.09900122172e-06, 3.48789313875e-07, 3.31651222041e-06, 1.44105911204e-06, 3.96424638893e-06, 5.07957383888e-06, 7.87857698015e-06, 6.21973094894e-06, 2.18221084651e-05, 1.41990005886e-06, 4.50227389592e-06, 5.10093423145e-06, 3.09603001369e-06, 9.18750856727e-07, 1.72297916379e-07, 4.60149323089e-07, 9.59955457347e-08, 5.11032034467e-08, 8.10119882289e-09, 4.05956956939e-09, 5.37136823908e-09, 3.04432168363e-09, 5.57681734126e-10, 2.25250762487e-10, 3.82968351476e-10],
        "max": [0.000369542452972, 0.0211335010827, 0.0219052247703, 0.0150228813291, 0.0283636059612, 0.0379896238446, 0.0486502349377, 0.0779730081558, 0.0681348592043, 0.0612265430391, 0.0910950601101, 0.061643153429, 0.0580350346863, 0.0594040714204, 0.0472792722285, 0.0300986580551, 0.0131650846452, 0.0160037856549, 0.00743730273098, 0.00470748497173, 0.00190913293045, 0.00146604934707, 0.00493066431955, 0.00268486421555, 0.000993209891021, 0.000204272379051, 0.00023862379021],
        "mean": [1.36345588544e-05, 0.000526597199496, 0.000428200321039, 0.000184563046787, 0.000805611489341, 0.000756746623665, 0.00121557060629, 0.000629795133136, 0.00153007218614, 0.00128478719853, 0.00260991184041, 0.000286390073597, 0.000515194842592, 0.000535293191206, 0.000513331207912, 0.000208538011066, 0.000196156121092, 0.000405657599913, 0.000185104931006, 0.000139603595017, 2.7489484637e-05, 1.69134436874e-05, 1.89108286577e-05, 1.40531974466e-05, 6.07620813753e-06, 2.59869193542e-06, 2.13475368582e-06],
        "median": [4.94100459036e-06, 0.000258653599303, 0.000139057869092, 4.72319370601e-05, 0.0003284951963, 0.000218089757254, 0.000201970760827, 4.98695662827e-05, 6.21457293164e-05, 3.85046296287e-05, 1.50500036398e-05, 1.4882771211e-05, 1.93119158212e-05, 1.95473694475e-05, 1.88824851648e-05, 1.51310878209e-05, 1.24958651213e-05, 1.78365589818e-05, 1.34582878673e-05, 1.16726096167e-05, 1.98818293029e-06, 1.04421428659e-06, 1.590260581e-06, 1.72958675648e-06, 8.74263491824e-07, 2.47595153269e-07, 1.07209388034e-07],
        "min": [1.25127756001e-24, 4.82131748204e-24, 4.61112470498e-25, 4.95834380457e-25, 6.68429297353e-24, 1.00823491881e-23, 1.11263781972e-23, 7.70626069852e-24, 8.56409013497e-24, 1.99126020967e-23, 1.39166344392e-23, 2.28678848847e-23, 4.74063531301e-23, 3.89419418814e-23, 5.04277093298e-23, 5.69129064326e-23, 9.0724961578e-23, 9.10468610035e-23, 1.53354837654e-22, 1.92152405368e-22, 2.32197685977e-22, 3.21235797882e-22, 4.21798044275e-22, 6.20409794196e-22, 1.00256107777e-21, 1.23658452867e-21, 1.98522943116e-21],
        "var": [4.40319503081e-10, 1.22350525089e-06, 7.91524314536e-07, 1.51476768906e-07, 2.51032383858e-06, 3.49172091774e-06, 1.326520578e-05, 1.12690731839e-05, 4.05148821301e-05, 2.74785488728e-05, 9.81236589723e-05, 5.11353800903e-06, 5.93158438278e-06, 4.68602183901e-06, 4.59597595182e-06, 9.3878708185e-07, 4.38694115701e-07, 1.0629909184e-06, 1.8364747234e-07, 9.36760997661e-08, 8.77102834806e-09, 3.71703001711e-09, 9.74834435397e-09, 5.10664888154e-09, 6.5126237736e-10, 1.19602341919e-10, 1.62135638249e-10]
    },
    "erbbands": {
        "dmean": [0.00486021628603, 0.0775534510612, 0.255605429411, 0.275950938463, 0.783437907696, 1.38505673409, 1.95683014393, 2.69149255753, 5.26850986481, 5.39401006699, 6.8153719902, 9.15950298309, 11.2532463074, 24.4423065186, 26.4999923706, 5.37473106384, 9.25554084778, 15.479388237, 10.9325780869, 10.8228693008, 5.19412469864, 4.39462137222, 6.53694248199, 6.16371488571, 3.31024837494, 2.7448143959, 0.762103378773, 0.451340675354, 0.306066274643, 0.262103945017, 0.26770696044, 0.187059089541, 0.0963917672634, 0.0460313223302, 0.0200727786869, 0.00770501047373, 0.00434529501945, 0.00195190159138, 0.000399178155931, 2.20265155804e-05],
        "dmean2": [0.00812433939427, 0.133817285299, 0.429379582405, 0.461611539125, 1.27731847763, 2.19497585297, 2.92952227592, 3.95702409744, 7.99017238617, 7.44314479828, 9.52162075043, 12.4418287277, 14.4195680618, 31.290687561, 34.5790138245, 6.96823501587, 13.549249649, 22.0837841034, 15.3693199158, 15.2264184952, 7.52832841873, 6.2736120224, 9.81060695648, 8.98210525513, 4.84119176865, 4.14344453812, 1.201166749, 0.704435825348, 0.469738930464, 0.39426574111, 0.389652490616, 0.274648189545, 0.141594722867, 0.0664644390345, 0.0289581399411, 0.0114344479516, 0.00675294920802, 0.00304651982151, 0.000625340733677, 3.42511302733e-05],
        "dvar": [0.000375615811208, 0.118368409574, 1.07670521736, 1.31115162373, 9.06499099731, 16.9332866669, 31.5080337524, 62.1888160706, 331.420837402, 341.15625, 1568.39660645, 1692.91418457, 2267.45825195, 8025.57324219, 13692.9931641, 750.491149902, 3303.55151367, 5652.35644531, 3014.73193359, 3193.43139648, 522.934509277, 194.475204468, 403.960632324, 252.077911377, 68.9247817993, 62.7830467224, 6.29306125641, 4.8386964798, 2.49391651154, 1.87021660805, 2.80883622169, 1.34904563427, 0.32701459527, 0.0594639889896, 0.0111535657197, 0.00122536742128, 0.000470975763164, 0.000114230082545, 4.76073137179e-06, 1.16650609172e-08],
        "dvar2": [0.00105774437543, 0.340826779604, 3.01395177841, 3.61540937424, 22.751657486, 42.7405395508, 63.2332687378, 135.996002197, 808.573547363, 647.98638916, 3202.79125977, 3147.07470703, 3593.07250977, 13615.1132812, 23251.6738281, 1062.48852539, 7131.52832031, 11284.8212891, 6583.01806641, 5572.58837891, 925.809570312, 340.187683105, 866.347229004, 534.712524414, 129.86958313, 145.038986206, 15.4775238037, 11.6753072739, 5.77639722824, 3.53809118271, 4.84061765671, 2.50300073624, 0.656043112278, 0.115685552359, 0.0217710565776, 0.00249180267565, 0.00107366393786, 0.000267444818746, 1.10415739982e-05, 2.66183644015e-08],
        "max": [0.40645840764, 5.32627344131, 20.1707248688, 56.0591850281, 79.5080413818, 96.0825500488, 193.849029541, 372.519073486, 739.883972168, 834.112854004, 2097.30541992, 1781.85461426, 1781.17175293, 2645.1796875, 2995.77319336, 1553.70666504, 2814.5769043, 3505.57592773, 1921.76464844, 2569.88525391, 1317.92956543, 605.442871094, 742.608581543, 372.364532471, 387.364746094, 268.652038574, 79.9031906128, 73.9078445435, 58.3748435974, 75.0634613037, 152.366500854, 82.9277648926, 33.0401039124, 14.5325469971, 5.16263580322, 1.4069750309, 0.66199272871, 0.231173351407, 0.0398499034345, 0.00177938432898],
        "mean": [0.0110102677718, 0.134752035141, 0.484942674637, 0.56237578392, 1.41481661797, 2.93888306618, 4.47466135025, 7.01998233795, 16.1781730652, 14.6226139069, 16.9292621613, 25.077960968, 39.6211051941, 75.1945877075, 77.7897338867, 12.6041460037, 21.1100578308, 31.9343242645, 24.6413669586, 22.9163284302, 10.7467365265, 11.5688838959, 17.4540920258, 16.6151638031, 9.35162734985, 6.88719320297, 1.66973316669, 0.893677651882, 0.623181641102, 0.553936183453, 0.528353750706, 0.368287473917, 0.186562299728, 0.0860036760569, 0.0341771654785, 0.0114628169686, 0.00499123474583, 0.00183862238191, 0.000361667131074, 3.48604698956e-05],
        "median": [0.00472989864647, 0.062121629715, 0.176559194922, 0.212669476867, 0.51370370388, 1.10118246078, 1.45462930202, 2.20463657379, 2.85946178436, 2.59947156906, 1.70079863071, 1.74833059311, 1.69410932064, 1.98938560486, 1.17949450016, 0.850348711014, 1.10632562637, 1.10493731499, 1.40052342415, 1.07171630859, 0.974482417107, 0.801257014275, 0.973330497742, 0.895833909512, 0.718893408775, 0.602293848991, 0.208038076758, 0.0654770433903, 0.0366787090898, 0.0433601513505, 0.0426780059934, 0.0369272455573, 0.0261878594756, 0.0131493201479, 0.00449253246188, 0.00124934711494, 0.000428199651651, 9.29479792831e-05, 1.22265528262e-05, 9.23917104956e-06],
        "min": [6.98337033754e-23, 2.82908921382e-22, 7.62147070988e-22, 4.54410134698e-21, 2.43684629648e-20, 1.62898132058e-20, 6.80947358716e-20, 1.1150768181e-19, 1.19649387934e-19, 2.59239386251e-19, 3.48334570589e-19, 3.73996556624e-19, 4.30744946506e-19, 8.07099407316e-19, 9.96132149269e-19, 1.35801663623e-18, 2.3087477368e-18, 2.69474019592e-18, 3.41301338184e-18, 2.84824423809e-18, 4.18458801849e-18, 4.90353122071e-18, 6.22036470558e-18, 7.54432228349e-18, 8.59100602493e-18, 1.03188059992e-17, 1.03011051612e-17, 9.70510415911e-18, 1.05254051105e-17, 1.28779721199e-17, 1.09315855329e-17, 1.28964050126e-17, 1.03983625761e-17, 9.63106322248e-18, 7.23454976153e-18, 4.33448389883e-18, 2.29025570062e-18, 9.68727241985e-19, 2.44143882909e-19, 2.59496623266e-20],
        "var": [0.000365011510439, 0.0880526378751, 0.996512532234, 1.39018452168, 10.9346485138, 34.8626976013, 128.027511597, 314.944946289, 2621.73071289, 1930.79272461, 7934.69287109, 9994.30957031, 23484.6308594, 56865.40625, 91168.0703125, 3908.13208008, 9976.96679688, 14812.9199219, 9242.34765625, 13900.0039062, 1708.7911377, 1189.60534668, 2126.64233398, 1230.32275391, 343.327545166, 237.076980591, 18.3981113434, 10.2008552551, 5.10302019119, 4.97779464722, 8.4938621521, 4.02604103088, 0.815028429031, 0.131710380316, 0.0224937591702, 0.00204408657737, 0.000516914413311, 0.000109439264634, 4.60552973891e-06, 1.23918084682e-08]
    },
    "gfcc": {
        "mean": [-156.400360107, 101.102638245, -117.838737488, 11.8762197495, -55.1758804321, -8.74609184265, -39.7110176086, 7.64250278473, -21.4647846222, -4.85033226013, -1.88635087013, -6.67913675308, -5.36438417435],
        "cov": [[31196.7617188, 2260.92944336, -4753.7578125, 1424.09912109, 692.334106445, 1460.44775391, 709.255432129, 864.112609863, -635.145874023, -110.419487, -155.282943726, 59.1851959229, -675.721313477], [2260.92944336, 1873.625, -102.721588135, 70.1398010254, 264.729675293, 56.5231208801, 135.896850586, 27.1091365814, 22.8196182251, -46.5475196838, 35.5949249268, -87.9218902588, -43.9282836914], [-4753.7578125, -102.721588135, 1552.74768066, 52.6990852356, -20.2370758057, -172.145996094, -105.003967285, -206.99029541, 100.150733948, -27.2623519897, -90.0792694092, 40.5126800537, 89.1887969971], [1424.09912109, 70.1398010254, 52.6990852356, 883.729797363, 309.981170654, 37.1726570129, 84.6441955566, -14.490278244, 34.2134666443, -89.3629150391, -172.599304199, 76.6156539917, -34.8814659119], [692.334106445, 264.729675293, -20.2370758057, 309.981170654, 607.352355957, 213.469848633, 235.762557983, -1.19464051723, 7.83302307129, -42.7657051086, -57.6060752869, 30.3941440582, -63.7828407288], [1460.44775391, 56.5231208801, -172.145996094, 37.1726570129, 213.469848633, 481.588653564, 251.509460449, 9.50506305695, -88.2509765625, -12.8219861984, 3.15662455559, 8.59364032745, -65.0990066528], [709.255432129, 135.896850586, -105.003967285, 84.6441955566, 235.762557983, 251.509460449, 395.084564209, 33.8094215393, -4.20734024048, 8.06945705414, -44.3911781311, 7.54826688766, -74.6366653442], [864.112609863, 27.1091365814, -206.99029541, -14.490278244, -1.19464051723, 9.50506305695, 33.8094215393, 202.537216187, 56.8489341736, 33.8042564392, 47.4212150574, -10.6319122314, -7.47763776779], [-635.145874023, 22.8196182251, 100.150733948, 34.2134666443, 7.83302307129, -88.2509765625, -4.20734024048, 56.8489341736, 237.285568237, 76.0395202637, 23.6813774109, -8.87736988068, -16.0568885803], [-110.419487, -46.5475196838, -27.2623519897, -89.3629150391, -42.7657051086, -12.8219861984, 8.06945705414, 33.8042564392, 76.0395202637, 166.056732178, 67.6785736084, -10.7803277969, -32.836555481], [-155.282943726, 35.5949249268, -90.0792694092, -172.599304199, -57.6060752869, 3.15662455559, -44.3911781311, 47.4212150574, 23.6813774109, 67.6785736084, 200.335906982, -4.55465555191, 9.68345737457], [59.1851959229, -87.9218902588, 40.5126800537, 76.6156539917, 30.3941440582, 8.59364032745, 7.54826688766, -10.6319122314, -8.87736988068, -10.7803277969, -4.55465555191, 153.698532104, 45.4893760681], [-675.721313477, -43.9282836914, 89.1887969971, -34.8814659119, -63.7828407288, -65.0990066528, -74.6366653442, -7.47763776779, -16.0568885803, -32.836555481, 9.68345737457, 45.4893760681, 149.008575439]],
        "icov": [[0.000140394811751, -0.000178883303306, 0.000331580318743, -0.000226677104365, 0.00014512045891, -0.000334522221237, 0.000225650219363, -0.000395160750486, 0.000283869041596, -0.000117261610285, 0.000264350150246, -0.000286499707727, 0.000416594470153], [-0.000178883303306, 0.000844433845486, -0.000395412527723, 0.000278795167105, -0.000456896988908, 0.000569333380554, -0.000479389593238, 0.000536664156243, -0.000429976760643, 0.000445927988039, -0.000654293398838, 0.000791381113231, -0.000567489129025], [0.000331580318743, -0.000395412527723, 0.00165749923326, -0.000491240527481, 0.00027649034746, -0.000667718239129, 0.000556707265787, 3.93836962758e-05, 2.86384383799e-05, -0.000217740263906, 0.000882576277945, -0.000725253717974, 0.000506603857502], [-0.000226677104365, 0.000278795167105, -0.000491240527481, 0.00215419591404, -0.00102935871109, 0.00061193970032, -5.47876079509e-05, 0.000470635801321, -0.0009296106291, 0.000707662664354, 0.000851648976095, -0.000413213740103, -0.000197955698241], [0.00014512045891, -0.000456896988908, 0.00027649034746, -0.00102935871109, 0.00302482838742, -0.00101036194246, -0.000793251674622, -0.00020106730517, -7.12118780939e-05, 0.000392687943531, 1.0372390534e-05, -0.000615217897575, 0.000828884134535], [-0.000334522221237, 0.000569333380554, -0.000667718239129, 0.00061193970032, -0.00101036194246, 0.00459413509816, -0.00256643118337, 0.00101924105547, 0.00070775533095, 0.000418679614086, -0.00149909278844, 0.000604581844527, -0.00038459134521], [0.000225650219363, -0.000479389593238, 0.000556707265787, -5.47876079509e-05, -0.000793251674622, -0.00256643118337, 0.00524584110826, -0.00142329139635, 8.44599344418e-05, -0.000869426876307, 0.00195653620176, -0.00101749005262, 0.0016322695883], [-0.000395160750486, 0.000536664156243, 3.93836962758e-05, 0.000470635801321, -0.00020106730517, 0.00101924105547, -0.00142329139635, 0.00796901341528, -0.00275236251764, 0.000357387150871, -0.00192712305579, 0.0012078465661, -0.00196227151901], [0.000283869041596, -0.000429976760643, 2.86384383799e-05, -0.0009296106291, -7.12118780939e-05, 0.00070775533095, 8.44599344418e-05, -0.00275236251764, 0.00705391354859, -0.0029208236374, 0.000230338933761, -0.000294890021905, 0.00130019721109], [-0.000117261610285, 0.000445927988039, -0.000217740263906, 0.000707662664354, 0.000392687943531, 0.000418679614086, -0.000869426876307, 0.000357387150871, -0.0029208236374, 0.0093059623614, -0.00271778530441, -0.000154766283231, 0.00178898999002], [0.000264350150246, -0.000654293398838, 0.000882576277945, 0.000851648976095, 1.0372390534e-05, -0.00149909278844, 0.00195653620176, -0.00192712305579, 0.000230338933761, -0.00271778530441, 0.0082124825567, -0.00127106730361, 0.000190040780581], [-0.000286499707727, 0.000791381113231, -0.000725253717974, -0.000413213740103, -0.000615217897575, 0.000604581844527, -0.00101749005262, 0.0012078465661, -0.000294890021905, -0.000154766283231, -0.00127106730361, 0.00875677261502, -0.00383334048092], [0.000416594470153, -0.000567489129025, 0.000506603857502, -0.000197955698241, 0.000828884134535, -0.00038459134521, 0.0016322695883, -0.00196227151901, 0.00130019721109, 0.00178898999002, 0.000190040780581, -0.00383334048092, 0.0106814522296]]
    },
    "melbands": {
        "dmean": [6.09592716501e-05, 0.000124845944811, 5.60900043638e-05, 8.2322228991e-05, 6.29360147286e-05, 5.8831898059e-05, 8.11017962405e-05, 5.69669027755e-05, 5.92248943576e-05, 6.16285615251e-05, 5.87755239394e-05, 0.000100198405562, 0.000110183245852, 2.12618197111e-05, 1.37062634167e-05, 2.83385834337e-05, 2.94925794151e-05, 1.81282903213e-05, 1.7435351765e-05, 1.13126334327e-05, 6.00326166023e-06, 5.2269333537e-06, 4.29059718954e-06, 9.75615694188e-06, 5.04806666868e-06, 3.35033064403e-06, 2.37378912971e-06, 1.8141114424e-06, 5.84789347613e-07, 2.87295677026e-07, 2.76015583722e-07, 1.94938891696e-07, 1.49458017518e-07, 1.6635299005e-07, 1.74697191824e-07, 1.41064845138e-07, 1.10701968481e-07, 7.36194252227e-08, 5.66456890283e-08, 3.47566988523e-08],
        "dmean2": [0.000104017424746, 0.000210844329558, 9.28275112528e-05, 0.000132109518745, 9.51823894866e-05, 8.72133750818e-05, 0.000122524957987, 7.91482598288e-05, 8.17101754365e-05, 8.31641373225e-05, 7.52619525883e-05, 0.000128748491989, 0.000150455292896, 2.82842156594e-05, 2.00957074412e-05, 4.09022250096e-05, 4.17234296037e-05, 2.547832446e-05, 2.4899649361e-05, 1.57458616741e-05, 8.94659024198e-06, 7.57924544814e-06, 6.33516037851e-06, 1.45254180097e-05, 7.41010080674e-06, 4.87895749757e-06, 3.57520775651e-06, 2.77902586276e-06, 9.38100470194e-07, 4.67800731485e-07, 4.29636429544e-07, 3.01224616805e-07, 2.32879514783e-07, 2.51408096119e-07, 2.59563307736e-07, 2.08830826409e-07, 1.64105173894e-07, 1.10280417687e-07, 8.46180014946e-08, 5.09267863436e-08],
        "dvar": [7.03372293742e-08, 2.71617977887e-07, 3.69932280364e-08, 8.65682991957e-08, 2.67043080981e-08, 2.64937245475e-08, 7.49772013364e-08, 4.24750936645e-08, 1.11085178389e-07, 7.2934057016e-08, 6.13945800865e-08, 1.3393729148e-07, 2.3743294264e-07, 1.65229891991e-08, 9.44823863591e-09, 2.23094005491e-08, 2.17819291493e-08, 9.07522768046e-09, 8.19683965148e-09, 3.76904640831e-09, 8.9131890757e-10, 3.52469220477e-10, 2.09657208261e-10, 1.02343988839e-09, 1.88253135303e-10, 8.9453812413e-11, 4.22053572646e-11, 3.15771922499e-11, 3.42823360845e-12, 1.93262181432e-12, 1.7898420376e-12, 1.02272433144e-12, 6.01257975699e-13, 7.83098033034e-13, 1.30234397485e-12, 9.44398313892e-13, 4.62600389852e-13, 1.92375344712e-13, 1.26328892551e-13, 2.90170414552e-14],
        "dvar2": [2.01095886609e-07, 7.6903131685e-07, 9.83576384783e-08, 2.21852872073e-07, 5.54695382959e-08, 5.87677746466e-08, 1.82043464747e-07, 8.17990297719e-08, 2.28425051318e-07, 1.35761155207e-07, 9.49831004959e-08, 2.28421427551e-07, 4.52946522955e-07, 2.0950691848e-08, 1.97655491974e-08, 4.78074966281e-08, 4.3450491205e-08, 1.93962232942e-08, 1.68450728921e-08, 6.55633947133e-09, 1.67877167723e-09, 6.27108587281e-10, 4.13676676247e-10, 2.27021845767e-09, 4.02563093971e-10, 1.58238463999e-10, 9.5923637089e-11, 7.52025941519e-11, 8.5124607016e-12, 4.87438301527e-12, 4.29027516638e-12, 2.44294948853e-12, 1.42012367577e-12, 1.46828664678e-12, 2.57068910429e-12, 1.77654299691e-12, 9.32610325771e-13, 3.95172311757e-13, 2.9289857215e-13, 5.42061716151e-14],
        "max": [0.00488972757012, 0.00970521103591, 0.00801827386022, 0.00756350485608, 0.00587573135272, 0.00785433780402, 0.0112925926223, 0.00771822081879, 0.0175082292408, 0.0103067606688, 0.00884890463203, 0.0112206423655, 0.0133709637448, 0.00870676990598, 0.00690909707919, 0.00536692189053, 0.00673123309389, 0.00369427679107, 0.00383253325708, 0.00282958126627, 0.00136752822436, 0.000874880643096, 0.00070301676169, 0.00122569454834, 0.000355050317012, 0.000525828509126, 0.000218006694922, 0.000175940163899, 5.33251077286e-05, 5.06597170897e-05, 4.72184074169e-05, 3.77791002393e-05, 3.08968737954e-05, 5.86851056141e-05, 0.000108604843263, 8.19766137283e-05, 4.65977682325e-05, 2.68885632977e-05, 2.1884265152e-05, 8.8638107627e-06],
        "mean": [0.000122265439131, 0.000234213570366, 0.000116379793326, 0.000164713594131, 0.00015386857558, 0.000153416665853, 0.000251162884524, 0.00015002519649, 0.000143789628055, 0.000183475887752, 0.000199588001124, 0.000291773001663, 0.000354013202013, 4.1663137381e-05, 2.95088721032e-05, 6.15119497525e-05, 5.47979434486e-05, 3.77828946512e-05, 3.26441586367e-05, 2.14621049963e-05, 1.07456071419e-05, 1.17365589176e-05, 1.02013837022e-05, 2.36405830947e-05, 1.19295227705e-05, 8.08210916148e-06, 5.95129858993e-06, 3.90721561416e-06, 1.11163694783e-06, 4.99916609442e-07, 5.06776700604e-07, 3.63603447795e-07, 2.9230861287e-07, 3.20335885817e-07, 3.28027397245e-07, 2.52130234912e-07, 2.09447222232e-07, 1.37916273957e-07, 9.57229957521e-08, 6.36318020497e-08],
        "median": [6.06309113209e-05, 0.000102537902421, 4.64879049105e-05, 6.3066239818e-05, 5.6895918533e-05, 4.63772958028e-05, 4.58351314592e-05, 2.29486613534e-05, 1.07046098492e-05, 8.28592510516e-06, 6.58176850266e-06, 6.99068550603e-06, 3.17808371619e-06, 1.65039523381e-06, 1.58215675583e-06, 2.03829995371e-06, 1.46213824337e-06, 1.52721395352e-06, 1.34242054628e-06, 9.49419813878e-07, 9.58593773248e-07, 7.01875023879e-07, 7.47067645079e-07, 8.59709757606e-07, 6.14795908405e-07, 4.89278022542e-07, 4.31847183791e-07, 3.28418593654e-07, 1.11308551709e-07, 3.46820101527e-08, 2.46302231943e-08, 1.84759265665e-08, 1.80925407989e-08, 2.33650041537e-08, 2.37993909025e-08, 1.7788124751e-08, 2.08497255016e-08, 1.77417618374e-08, 1.3721523473e-08, 8.37744984494e-09],
        "min": [1.26737416817e-24, 2.75249642873e-25, 1.52474053154e-24, 1.94429186525e-24, 1.68872282285e-24, 2.35251476193e-24, 2.60800945419e-24, 2.1374200032e-24, 3.00333408063e-24, 1.58416788872e-24, 1.87954728974e-24, 3.2554987938e-24, 2.64736730247e-24, 2.84487342123e-24, 4.0733349545e-24, 3.61150974817e-24, 4.46776816812e-24, 5.23165728696e-24, 4.42638689162e-24, 3.10764121383e-24, 3.88393615647e-24, 4.84483224233e-24, 4.75687070153e-24, 4.38070829533e-24, 5.49269254379e-24, 4.61896401023e-24, 4.50489077903e-24, 6.6713816871e-24, 5.33258651775e-24, 4.92672823164e-24, 5.54715550068e-24, 5.50840191985e-24, 6.15700887815e-24, 6.69679641888e-24, 6.11598653336e-24, 5.79065871832e-24, 6.68880683563e-24, 6.81340347131e-24, 7.2424317855e-24, 7.23683402852e-24],
        "var": [5.71982283759e-08, 2.31305222087e-07, 4.8705487643e-08, 1.21711323686e-07, 1.24661497125e-07, 1.44804715774e-07, 6.20317166522e-07, 2.41871731532e-07, 5.91336061007e-07, 5.70922395582e-07, 6.13038309893e-07, 9.40958216233e-07, 1.91495746549e-06, 1.02542337288e-07, 3.4598759413e-08, 6.71435884669e-08, 5.04782100563e-08, 2.66227626611e-08, 2.04333421294e-08, 1.32174253764e-08, 2.43126407895e-09, 1.61869384563e-09, 1.20904053436e-09, 5.14613285318e-09, 7.24469428892e-10, 3.90170618036e-10, 1.7087273263e-10, 9.75386785229e-11, 9.81003125955e-12, 3.64525510471e-12, 3.40202193673e-12, 1.83057562164e-12, 1.27057273123e-12, 1.98581233922e-12, 3.39689691306e-12, 2.30141621906e-12, 1.32948871096e-12, 4.6821357555e-13, 2.1601839241e-13, 6.65491492751e-14]
    },
    "mfcc": {
        "mean": [-794.066772461, 129.661865234, -6.41346645355, 17.7833652496, 2.92529153824, -16.0472545624, -2.23761439323, -2.152302742, -11.8181400299, 4.96659135818, -3.97907352448, -4.77285718918, -1.0232206583],
        "cov": [[22558.7226562, 2828.96166992, -3027.80883789, 943.559082031, 421.57598877, 372.510131836, 1064.06335449, 1174.25793457, -197.754577637, 809.989196777, 115.94078064, -304.658966064, 98.304473877], [2828.96166992, 2248.16625977, -103.224250793, 64.5526885986, 138.505081177, -19.3278083801, 192.607208252, 90.3716125488, -12.5723409653, 154.599319458, 11.957526207, -18.916683197, -5.25646352768], [-3027.80883789, -103.224250793, 1089.15307617, 55.4771957397, -13.0466918945, 97.7083816528, -182.319671631, -146.0884552, 74.6590042114, -155.441146851, -89.6613693237, 54.3098106384, -68.5771560669], [943.559082031, 64.5526885986, 55.4771957397, 707.418273926, 195.374679565, 130.190048218, -42.5838737488, 130.473419189, 95.3981933594, -37.1684799194, -52.9557914734, -4.13953256607, -27.4026565552], [421.57598877, 138.505081177, -13.0466918945, 195.374679565, 323.227508545, 64.0582427979, 42.0765113831, 83.2440567017, 5.9891409874, 33.2942314148, -75.3661499023, -11.3193635941, 12.6563339233], [372.510131836, -19.3278083801, 97.7083816528, 130.190048218, 64.0582427979, 437.259429932, 160.692321777, 145.425811768, 81.2057495117, -21.6480674744, 35.289680481, -31.5544223785, -14.2262487411], [1064.06335449, 192.607208252, -182.319671631, -42.5838737488, 42.0765113831, 160.692321777, 324.41116333, 139.356185913, -8.53585147858, 63.4293327332, 22.27866745, -62.4424705505, 13.9030971527], [1174.25793457, 90.3716125488, -146.0884552, 130.473419189, 83.2440567017, 145.425811768, 139.356185913, 258.432983398, 51.3126831055, 58.2031555176, 16.6723251343, -30.6305103302, 10.144068718], [-197.754577637, -12.5723409653, 74.6590042114, 95.3981933594, 5.9891409874, 81.2057495117, -8.53585147858, 51.3126831055, 170.705032349, -2.95049977303, 35.231803894, 13.2736387253, 7.03450679779], [809.989196777, 154.599319458, -155.441146851, -37.1684799194, 33.2942314148, -21.6480674744, 63.4293327332, 58.2031555176, -2.95049977303, 232.344436646, 70.0517425537, 32.9108161926, 7.14446640015], [115.94078064, 11.957526207, -89.6613693237, -52.9557914734, -75.3661499023, 35.289680481, 22.27866745, 16.6723251343, 35.231803894, 70.0517425537, 228.200134277, 81.8409957886, 20.7608947754], [-304.658966064, -18.916683197, 54.3098106384, -4.13953256607, -11.3193635941, -31.5544223785, -62.4424705505, -30.6305103302, 13.2736387253, 32.9108161926, 81.8409957886, 177.915283203, 56.7799720764], [98.304473877, -5.25646352768, -68.5771560669, -27.4026565552, 12.6563339233, -14.2262487411, 13.9030971527, 10.144068718, 7.03450679779, 7.14446640015, 20.7608947754, 56.7799720764, 150.84072876]],
