{
"lowlevel": {
    "average_loudness": 0.964714765549,
    "barkbands_crest": {
        "dmean": 2.08943963051,
        "dmean2": 3.31115984917,
        "dvar": 3.65499687195,
        "dvar2": 8.69501399994,
        "max": 24.1937484741,
        "mean": 8.11606693268,
        "median": 7.46327924728,
        "min": 1.95624005795,
        "var": 11.4665498734
    },
    "barkbands_flatness_db": {
        "dmean": 0.0149402357638,
        "dmean2": 0.0216454789042,
        "dvar": 0.000246167794103,
        "dvar2": 0.000513755134307,
        "max": 0.55999058485,
        "mean": 0.0910773202777,
        "median": 0.0842115879059,
        "min": 0.0270480755717,
        "var": 0.00122716918122
    },
    "barkbands_kurtosis": {
        "dmean": 1.53266894817,
        "dmean2": 2.4035794735,
        "dvar": 45.9721984863,
        "dvar2": 119.67212677,
        "max": 424.128387451,
        "mean": 1.14469230175,
        "median": -0.205956935883,
        "min": -1.89684975147,
        "var": 47.0285682678
    },
    "barkbands_skewness": {
        "dmean": 0.436301499605,
        "dmean2": 0.638583540916,
        "dvar": 0.29020357132,
        "dvar2": 0.616578280926,
        "max": 10.1559410095,
        "mean": 0.899380683899,
        "median": 0.854860842228,
        "min": -6.33334159851,
        "var": 1.19891536236
    },
    "barkbands_spread": {
        "dmean": 7.37102079391,
        "dmean2": 11.1789894104,
        "dvar": 59.4468154907,
        "dvar2": 135.638427734,
        "max": 104.790779114,
        "mean": 39.4021263123,
        "median": 38.8652915955,
        "min": 0.2831992805,
        "var": 213.063491821
    },
    "dissonance": {
        "dmean": 0.0128343487158,
        "dmean2": 0.021550513804,
        "dvar": 0.000167442369275,
        "dvar2": 0.000441841955762,
        "max": 0.500000238419,
        "mean": 0.476241827011,
        "median": 0.480546474457,
        "min": 0.307440191507,
        "var": 0.000324872409692
    },
    "dynamic_complexity": 2.53933334351,
    "erbbands_crest": {
        "dmean": 2.07355999947,
        "dmean2": 3.31576752663,
        "dvar": 4.73872184753,
        "dvar2": 11.4220123291,
        "max": 27.8605194092,
        "mean": 7.19365501404,
        "median": 5.95553302765,
        "min": 2.26657366753,
        "var": 15.7842693329
    },
    "erbbands_flatness_db": {
        "dmean": 0.0126604624093,
        "dmean2": 0.0180622618645,
        "dvar": 0.000188508871361,
        "dvar2": 0.000343154271832,
        "max": 0.340920776129,
        "mean": 0.13234244287,
        "median": 0.122591018677,
        "min": 0.0257313195616,
        "var": 0.0011244242778
    },
    "erbbands_kurtosis": {
        "dmean": 0.793126285076,
        "dmean2": 1.21659481525,
        "dvar": 3.8243765831,
        "dvar2": 7.73679685593,
        "max": 43.9415512085,
        "mean": 0.0224058423191,
        "median": -0.639120101929,
        "min": -1.85966205597,
        "var": 9.18493175507
    },
    "erbbands_skewness": {
        "dmean": 0.318481624126,
        "dmean2": 0.468907356262,
        "dvar": 0.130236923695,
        "dvar2": 0.254545480013,
        "max": 3.02271103859,
        "mean": -0.148907572031,
        "median": -0.111224807799,
        "min": -5.66325378418,
        "var": 0.550066888332
    },
    "erbbands_spread": {
        "dmean": 9.69913768768,
        "dmean2": 14.5675888062,
        "dvar": 103.595733643,
        "dvar2": 228.59942627,
        "max": 138.360412598,
        "mean": 54.3698616028,
        "median": 53.5314979553,
        "min": 3.08812427521,
        "var": 491.526275635
    },
    "hfc": {
        "dmean": 11.02348423,
        "dmean2": 14.3945131302,
        "dvar": 323.253936768,
        "dvar2": 586.926757812,
        "max": 357.840301514,
        "mean": 36.6604995728,
        "median": 29.3688144684,
        "min": 1.10566420066e-16,
        "var": 1081.79663086
    },
    "melbands_crest": {
        "dmean": 2.96798443794,
        "dmean2": 4.74534988403,
        "dvar": 7.49713802338,
        "dvar2": 18.9177360535,
        "max": 39.5308876038,
        "mean": 12.357416153,
        "median": 11.807765007,
        "min": 1.59216308594,
        "var": 21.4722824097
    },
    "melbands_flatness_db": {
        "dmean": 0.0199832003564,
        "dmean2": 0.0294161476195,
        "dvar": 0.000456944020698,
        "dvar2": 0.000969059707131,
        "max": 0.666382968426,
        "mean": 0.129355713725,
        "median": 0.123892955482,
        "min": 0.00340565596707,
        "var": 0.00242460588925
    },
    "melbands_kurtosis": {
        "dmean": 9.38806819916,
        "dmean2": 16.1761550903,
        "dvar": 62308.4257812,
        "dvar2": 183112.734375,
        "max": 14922.4238281,
        "mean": 12.5875339508,
        "median": 6.003947258,
        "min": -1.91976559162,
        "var": 33433.34375
    },
    "melbands_skewness": {
        "dmean": 0.660887956619,
        "dmean2": 0.986503005028,
        "dvar": 2.06079268456,
        "dvar2": 5.24621915817,
        "max": 88.3951568604,
        "mean": 2.51516485214,
        "median": 2.35980033875,
        "min": -3.40606379509,
        "var": 3.50726771355
    },
    "melbands_spread": {
        "dmean": 11.7891769409,
        "dmean2": 17.712266922,
        "dvar": 269.489898682,
        "dvar2": 579.948425293,
        "max": 243.991149902,
        "mean": 44.8879776001,
        "median": 38.5425605774,
        "min": 0.0284012462944,
        "var": 923.860656738
    },
    "pitch_salience": {
        "dmean": 0.0610139742494,
        "dmean2": 0.09609387815,
        "dvar": 0.00320249982178,
        "dvar2": 0.00778484484181,
        "max": 0.93922328949,
        "mean": 0.605605602264,
        "median": 0.612410366535,
        "min": 0.016664808616,
        "var": 0.0100695090368
    },
    "silence_rate_20dB": {
        "dmean": 0,
        "dmean2": 0,
        "dvar": 0,
        "dvar2": 0,
        "max": 1,
        "mean": 1,
        "median": 1,
        "min": 1,
        "var": 0
    },
    "silence_rate_30dB": {
        "dmean": 0,
        "dmean2": 0,
        "dvar": 0,
        "dvar2": 0,
        "max": 1,
        "mean": 1,
        "median": 1,
        "min": 1,
        "var": 0
    },
    "silence_rate_60dB": {
        "dmean": 0.0137149672955,
        "dmean2": 0.0274340249598,
        "dvar": 0.0135271213949,
        "dvar2": 0.0305573120713,
        "max": 1,
        "mean": 0.0536592639983,
        "median": 0,
        "min": 0,
        "var": 0.0507805347443
    },
    "spectral_centroid": {
        "dmean": 309.149505615,
        "dmean2": 455.765441895,
        "dvar": 143473.203125,
        "dvar2": 270998.59375,
        "max": 11569.9306641,
        "mean": 2072.13183594,
        "median": 1963.69665527,
        "min": 143.382156372,
        "var": 1641885.375
    },
    "spectral_complexity": {
        "dmean": 4.51520586014,
        "dmean2": 6.13239908218,
        "dvar": 28.054233551,
        "dvar2": 39.9285125732,
        "max": 62,
        "mean": 22.0757198334,
        "median": 21,
        "min": 0,
        "var": 156.096954346
    },
    "spectral_decrease": {
        "dmean": 1.28228694329e-09,
        "dmean2": 1.86187909534e-09,
        "dvar": 2.29377576772e-18,
        "dvar2": 4.79576571691e-18,
        "max": 3.01962944357e-17,
        "mean": -5.25022336717e-09,
        "median": -5.21136866993e-09,
        "min": -1.62662807668e-08,
        "var": 8.64408289611e-18
    },
    "spectral_energy": {
        "dmean": 0.00546097382903,
        "dmean2": 0.00770155573264,
        "dvar": 4.08989835705e-05,
        "dvar2": 7.98658802523e-05,
        "max": 0.068589784205,
        "mean": 0.023140732199,
        "median": 0.022802323103,
        "min": 1.0117837377e-20,
        "var": 0.000169150967849
    },
    "spectral_energyband_high": {
        "dmean": 0.00124424183741,
        "dmean2": 0.00167774886359,
        "dvar": 6.0620336626e-06,
        "dvar2": 1.12437928692e-05,
        "max": 0.0518249794841,
        "mean": 0.00319469999522,
        "median": 0.00206494773738,
        "min": 7.12225044849e-21,
        "var": 1.62617598107e-05
    },
    "spectral_energyband_low": {
        "dmean": 0.00239956425503,
        "dmean2": 0.00375221855938,
        "dvar": 8.51940421853e-06,
        "dvar2": 1.99730275199e-05,
        "max": 0.0373155474663,
        "mean": 0.00633081886917,
        "median": 0.00568400230259,
        "min": 1.82974519918e-23,
        "var": 2.53754715231e-05
    },
    "spectral_energyband_middle_high": {
        "dmean": 0.001933921827,
        "dmean2": 0.0026980584953,
        "dvar": 7.39619144952e-06,
        "dvar2": 1.35574919113e-05,
        "max": 0.0630799010396,
        "mean": 0.00625567184761,
        "median": 0.0045112897642,
        "min": 1.20385707523e-21,
        "var": 4.0950220864e-05
    },
    "spectral_energyband_middle_low": {
        "dmean": 0.00328138284385,
        "dmean2": 0.00507140951231,
        "dvar": 1.91005638044e-05,
        "dvar2": 4.74846347061e-05,
        "max": 0.0521071404219,
        "mean": 0.00903471186757,
        "median": 0.00742373475805,
        "min": 1.43689928413e-22,
        "var": 4.53467400803e-05
    },
    "spectral_entropy": {
        "dmean": 0.11157681793,
        "dmean2": 0.160008892417,
        "dvar": 0.014775948599,
        "dvar2": 0.0271916389465,
        "max": 9.8211889267,
        "mean": 8.02582454681,
        "median": 8.04852867126,
        "min": 5.92893600464,
        "var": 0.123475886881
    },
    "spectral_flux": {
        "dmean": 0.0176906641573,
        "dmean2": 0.0271021053195,
        "dvar": 0.000360683625331,
        "dvar2": 0.000829702417832,
        "max": 0.217405542731,
        "mean": 0.0807101726532,
        "median": 0.0763593316078,
        "min": 6.44347145085e-11,
        "var": 0.00128544482868
    },
    "spectral_kurtosis": {
        "dmean": 0.567988574505,
        "dmean2": 0.922824561596,
        "dvar": 0.653926849365,
        "dvar2": 1.55584299564,
        "max": 24.5263557434,
        "mean": 1.30665493011,
        "median": 1.07534217834,
        "min": -1.26240694523,
        "var": 2.11895442009
    },
    "spectral_rms": {
        "dmean": 0.000578026461881,
        "dmean2": 0.000797605782282,
        "dvar": 4.2749786644e-07,
        "dvar2": 7.67704023019e-07,
        "max": 0.00818027276546,
        "mean": 0.00449031824246,
        "median": 0.00471658445895,
        "min": 3.1418244742e-12,
        "var": 2.4133964871e-06
    },
    "spectral_rolloff": {
        "dmean": 885.420227051,
        "dmean2": 1422.33215332,
        "dvar": 1353184.5,
        "dvar2": 2865491.75,
        "max": 22050,
        "mean": 3191.95874023,
        "median": 2648.58398438,
        "min": 43.06640625,
        "var": 7299553.5
    },
    "spectral_skewness": {
        "dmean": 0.131687402725,
        "dmean2": 0.198176950216,
        "dvar": 0.0221286136657,
        "dvar2": 0.0456068255007,
        "max": 3.53444600105,
        "mean": 0.964222729206,
        "median": 0.944599628448,
        "min": -0.268862605095,
        "var": 0.112614430487
    },
    "spectral_spread": {
        "dmean": 474722.65625,
        "dmean2": 708417.9375,
        "dvar": 483777708032,
        "dvar2": 965896634368,
        "max": 42651792,
        "mean": 6497582.5,
        "median": 5974071,
        "min": 1896693.375,
        "var": 1.76864362496e+13
    },
    "spectral_strongpeak": {
        "dmean": 0.679227173328,
        "dmean2": 1.14966416359,
        "dvar": 2.08816599846,
        "dvar2": 5.31899356842,
        "max": 18.7979412079,
        "mean": 1.12672221661,
        "median": 0.48725053668,
        "min": 0,
        "var": 3.45207762718
    },
    "zerocrossingrate": {
        "dmean": 0.0136143704876,
        "dmean2": 0.0163638647646,
        "dvar": 0.000254688842688,
        "dvar2": 0.000333336531185,
        "max": 0.6611328125,
        "mean": 0.109113939106,
        "median": 0.10009765625,
        "min": 0.00146484375,
        "var": 0.00376333948225
    },
    "barkbands": {
        "dmean": [0.000201619812287, 0.000999892945401, 0.00116705766413, 0.00143897393718, 0.00114982831292, 0.00086377968546, 0.000668036518618, 0.000406380306231, 0.000585978501476, 0.000478225614643, 0.000225703057367, 0.000358543504262, 0.000376096140826, 0.000437575974502, 0.000205173011636, 0.000253840989899, 0.000540869543329, 0.000389888562495, 0.000178089132532, 0.000167885213159, 0.000244512048084, 0.000408505788073, 0.000429203355452, 0.000204204407055, 0.000115560898848, 1.12806119432e-05, 3.21407128467e-07],
        "dmean2": [0.000303649751004, 0.00165746174753, 0.00180725066457, 0.00231247069314, 0.00191799632739, 0.00137501943391, 0.00108665192965, 0.000633782707155, 0.000900624261703, 0.000736680580303, 0.000364335923223, 0.000548605865333, 0.000581932603382, 0.000676184601616, 0.000312034331728, 0.000383373204386, 0.000830065691844, 0.000582570966799, 0.000269310519798, 0.000243390924879, 0.000351897993824, 0.000593553821091, 0.000625473447144, 0.00029377831379, 0.000160290597705, 1.57128506544e-05, 4.47977441809e-07],
        "dvar": [1.32747800308e-07, 1.88265528323e-06, 3.22284267895e-06, 5.75670856051e-06, 4.8499764489e-06, 1.87787281902e-06, 1.07798882709e-06, 5.16925524607e-07, 1.45012188568e-06, 9.39662015753e-07, 4.43574890596e-07, 1.50423147716e-06, 1.05649871784e-06, 1.09721463559e-06, 2.48337357789e-07, 2.52921807942e-07, 1.32069658321e-06, 6.37905316125e-07, 6.49201012948e-08, 8.22505654696e-08, 1.44804403135e-07, 8.74635190939e-07, 1.01902446659e-06, 1.52364279415e-07, 5.21689109689e-08, 4.79604134185e-10, 4.25066692998e-13],
        "dvar2": [2.53927652238e-07, 4.89658623337e-06, 7.37503796699e-06, 1.34614747367e-05, 1.38987024911e-05, 4.45330533694e-06, 2.75372417491e-06, 1.20764366329e-06, 3.17413218909e-06, 2.05909600481e-06, 9.49812431372e-07, 3.21354536936e-06, 2.44767534241e-06, 2.40046756517e-06, 5.56897873594e-07, 5.49881576717e-07, 3.12014026349e-06, 1.40903796364e-06, 1.48108753706e-07, 1.65932206642e-07, 2.94082099117e-07, 1.76623939296e-06, 2.0431896246e-06, 3.33781599693e-07, 1.0390782279e-07, 9.20700349294e-10, 8.68347006713e-13],
        "max": [0.0063339448534, 0.0195623226464, 0.025056976825, 0.0322098471224, 0.0276506375521, 0.0193296968937, 0.020717555657, 0.0190425273031, 0.0311554800719, 0.0255620945245, 0.0240202676505, 0.0558155924082, 0.0256264451891, 0.0284761935472, 0.0163881797343, 0.0147056672722, 0.0221536979079, 0.0169306974858, 0.00626970175654, 0.0037346042227, 0.00592172518373, 0.0213023591787, 0.0227477680892, 0.00816325284541, 0.00752903381363, 0.000412969384342, 9.21829450817e-06],
        "mean": [0.000261804554611, 0.00175385153852, 0.0028185157571, 0.002748493338, 0.00168353307527, 0.00149206584319, 0.00112762022763, 0.000645358173642, 0.00107638782356, 0.000804136565421, 0.000387731590308, 0.000616764184088, 0.000613459851593, 0.000761914125178, 0.000359933881555, 0.000498888257425, 0.00108497519977, 0.000675925635733, 0.000398172182031, 0.000340281549143, 0.000552047742531, 0.000871718395501, 0.000889982329682, 0.000426060432801, 0.000231481157243, 1.91717826965e-05, 5.02768898514e-07],
        "median": [9.52686168603e-05, 0.000978520140052, 0.00118200643919, 0.00109550124034, 0.00102660886478, 0.000743750832044, 0.00067642290378, 0.000301710766507, 0.000360568257747, 0.000220888308831, 0.000143744226079, 0.000224806004553, 0.000250057462836, 0.00027056914405, 0.000132399218273, 0.000183125463082, 0.000377877237042, 0.000181147974217, 0.000230761041166, 0.000175265566213, 0.000346210697899, 0.000509485485964, 0.000476968620205, 0.000241039902903, 0.000132160334033, 9.43268150877e-06, 2.30346714147e-07],
        "min": [1.65496374227e-25, 2.60955345219e-24, 2.3012299284e-24, 8.71891079293e-25, 8.4783362214e-24, 5.55265859436e-24, 6.43213752948e-24, 7.24497507306e-24, 1.8370464224e-23, 1.95113180206e-23, 7.318108001e-24, 2.84605332049e-23, 2.05654428715e-23, 3.96354894566e-23, 3.9399926124e-23, 3.73726072401e-23, 5.63000940379e-23, 9.05622858375e-23, 1.20008412391e-22, 1.8611127069e-22, 2.64214962656e-22, 3.05250244768e-22, 3.66841348804e-22, 5.71891945517e-22, 9.10527642074e-22, 1.33683049864e-21, 1.90653155654e-21],
        "var": [2.35237763491e-07, 3.60573517355e-06, 1.32080358526e-05, 1.44694586197e-05, 4.95545737067e-06, 4.84173870063e-06, 2.29994338952e-06, 1.16516571325e-06, 4.52800941275e-06, 3.22485516335e-06, 1.10972996481e-06, 3.86241345041e-06, 1.77886863639e-06, 2.81782445199e-06, 5.67795211737e-07, 7.81397147875e-07, 4.33953391621e-06, 1.45276317198e-06, 2.06585511364e-07, 1.9353485925e-07, 3.57789474492e-07, 1.9193028038e-06, 2.41372185883e-06, 3.63109847967e-07, 1.18941997584e-07, 8.81341777337e-10, 6.79085206037e-13]
    },
    "erbbands": {
        "dmean": [0.0368350744247, 0.221906855702, 0.97205477953, 3.48830366135, 3.33682084084, 5.03658342361, 6.92700862885, 6.45478057861, 8.28721141815, 11.0851020813, 9.11552524567, 13.1451454163, 15.8928766251, 8.46644210815, 8.54551410675, 15.5903749466, 16.5917282104, 17.3298988342, 13.2195491791, 13.4918012619, 13.638086319, 28.3284702301, 23.5753650665, 10.1076545715, 8.81606769562, 7.62087059021, 9.68764019012, 10.5271177292, 13.7447919846, 16.1384162903, 11.1958932877, 5.20054244995, 3.08037281036, 1.70491600037, 0.617710590363, 0.1058402583, 0.0116603234783, 0.00100211496465, 7.4277202657e-05, 1.12964053187e-05],
        "dmean2": [0.0617552399635, 0.366604417562, 1.49126005173, 5.63610267639, 5.47571611404, 8.32951641083, 11.5467205048, 9.90810775757, 13.3374385834, 18.2737255096, 14.1168727875, 20.0997543335, 24.3579902649, 12.9702072144, 13.0538463593, 23.7429256439, 24.9002552032, 26.2804279327, 20.3249874115, 20.4213562012, 20.4656124115, 42.9859352112, 34.6640739441, 14.5751581192, 13.6246004105, 11.0003957748, 13.9697713852, 15.3845424652, 19.889875412, 23.6408538818, 16.3794555664, 7.53541374207, 4.45957756042, 2.40409016609, 0.870429575443, 0.145614504814, 0.0159627366811, 0.00138179585338, 9.97937167995e-05, 1.45159992826e-05],
        "dvar": [0.00294987298548, 0.094270594418, 2.06863808632, 25.0072937012, 32.4472770691, 100.691223145, 126.67628479, 115.205238342, 182.719741821, 423.97833252, 177.98008728, 908.17590332, 1116.94458008, 297.30456543, 784.78137207, 2726.02270508, 1956.48669434, 2272.00561523, 999.512084961, 1022.15814209, 652.865783691, 3818.9296875, 2080.51586914, 260.247528076, 143.104629517, 168.222320557, 257.521942139, 324.318908691, 915.245910645, 1681.42028809, 647.200134277, 133.507766724, 26.1892795563, 11.3105983734, 1.80319488049, 0.040542524308, 0.000565431197174, 4.01619354307e-06, 1.95541733916e-08, 2.63864485817e-10],
        "dvar2": [0.00742652500048, 0.251053988934, 4.71020126343, 61.6516876221, 86.6442642212, 284.651947021, 334.922241211, 257.76171875, 446.725128174, 1122.85827637, 417.748321533, 2049.04663086, 2544.80322266, 640.823791504, 1630.96850586, 5920.98779297, 4348.47851562, 4826.86181641, 2082.81689453, 2332.50463867, 1399.08837891, 9067.13964844, 4534.92626953, 549.606994629, 337.223602295, 339.138244629, 506.880157471, 686.912414551, 1858.75170898, 3411.41381836, 1348.58654785, 293.562225342, 55.2022514343, 22.5750141144, 3.97000217438, 0.0779916271567, 0.00108389405068, 7.87409771874e-06, 3.79233675574e-08, 4.49809384184e-10],
        "max": [0.778277754784, 5.30306005478, 19.4809684753, 62.7104682922, 67.1506500244, 114.245193481, 166.959442139, 198.101837158, 364.945953369, 389.885345459, 344.880828857, 738.199707031, 678.425048828, 617.203186035, 1114.40673828, 2219.36499023, 1247.93994141, 1647.90551758, 1277.84960938, 990.798095703, 501.877227783, 1477.09436035, 1151.77001953, 265.278167725, 231.795516968, 182.471939087, 242.830474854, 425.21987915, 694.605712891, 889.441833496, 511.193847656, 280.193389893, 102.959724426, 124.550666809, 51.3055305481, 3.66700363159, 0.492244303226, 0.0335457064211, 0.00186841620598, 0.000297841645079],
        "mean": [0.0476552322507, 0.437718361616, 2.55013823509, 7.21409225464, 5.6066570282, 6.90850305557, 10.3319454193, 11.7286520004, 13.7753372192, 18.3084831238, 16.434431076, 24.2908630371, 27.871389389, 16.0771484375, 15.8047990799, 28.3763084412, 29.259305954, 31.1269111633, 26.1678504944, 26.8960208893, 29.2027130127, 60.3681678772, 46.5284042358, 21.4477481842, 20.0498008728, 16.38530159, 20.8577537537, 23.5801448822, 28.5234718323, 34.0437965393, 22.8805942535, 10.8274297714, 6.48412179947, 3.4044406414, 1.20315289497, 0.19428755343, 0.0200004838407, 0.00174880272243, 0.000142829478136, 4.14501482737e-05],
        "median": [0.0285154711455, 0.290721029043, 1.59355175495, 4.94667339325, 3.02047801018, 3.79202699661, 5.66913843155, 6.03063440323, 8.16623592377, 9.68971157074, 9.31378746033, 8.50967693329, 9.38051319122, 6.69186306, 7.26637220383, 11.5045127869, 12.8803672791, 13.1871109009, 12.4349622726, 10.1260595322, 13.5317907333, 22.0576076508, 14.1247606277, 11.1875171661, 12.7019577026, 8.95416927338, 12.1588516235, 14.8553638458, 16.3592453003, 19.0296039581, 12.0071554184, 5.87421941757, 3.80422592163, 1.93305897713, 0.695072174072, 0.103024750948, 0.00987251289189, 0.000888385227881, 8.24689122965e-05, 3.65909800166e-05],
        "min": [6.75143387181e-23, 7.73465823961e-22, 2.84517374689e-21, 3.94632239444e-21, 9.91644232388e-21, 1.9622934253e-20, 4.55153224e-20, 7.93170693927e-20, 1.29958669156e-19, 2.37986608923e-19, 1.96080152751e-19, 4.30381865916e-19, 6.6337998121e-19, 5.58054401729e-19, 6.46124528343e-19, 1.59995466109e-18, 1.4556070947e-18, 2.33709480281e-18, 2.53675655714e-18, 3.33933495712e-18, 3.87930501931e-18, 3.61086340384e-18, 5.11965531679e-18, 5.39006975802e-18, 5.84648237743e-18, 8.22806150602e-18, 9.61918987197e-18, 1.10413739068e-17, 9.77516552981e-18, 1.11548490248e-17, 9.35412398058e-18, 1.00737570514e-17, 8.86847797114e-18, 7.84550949786e-18, 6.82508708651e-18, 4.39017962383e-18, 2.18099486107e-18, 8.7889594445e-19, 2.38855381211e-19, 2.77570148065e-20],
        "var": [0.00367814931087, 0.197908654809, 7.76074075699, 57.4258499146, 48.9956016541, 98.613494873, 212.102401733, 304.67300415, 365.626251221, 845.285705566, 478.022583008, 2614.80249023, 3365.56616211, 968.971984863, 1590.76574707, 6795.60058594, 3737.79003906, 4662.45068359, 3348.59472656, 2594.17919922, 1968.73791504, 14041.2607422, 6161.85009766, 744.091003418, 456.109222412, 408.480377197, 597.073730469, 715.937011719, 1981.02807617, 3534.96655273, 1564.63134766, 313.020904541, 66.4925231934, 26.7736148834, 3.16571831703, 0.0773508772254, 0.00105804170016, 7.18952651368e-06, 3.66624099968e-08, 9.08854547177e-10]
    },
    "gfcc": {
        "mean": [13.8499383926, 62.5021133423, -116.859916687, 54.8033790588, -77.334777832, 27.7277488708, -46.2916221619, 8.15036392212, -20.0947532654, -0.230206176639, -15.599366188, -1.59945714474, -12.0767011642],
        "cov": [[24366.5234375, 440.535095215, -2342.27172852, 1124.10095215, -1434.61914062, 608.79296875, -807.077392578, 237.472885132, -372.526062012, 2.95232915878, -378.10345459, -85.3856201172, -326.258728027], [440.535095215, 630.178527832, -83.6957397461, -56.0068206787, 21.8163814545, -1.52296173573, -1.00936770439, -33.2568969727, -39.4682426453, -27.1672954559, 0.994654357433, -36.8975372314, 7.48648691177], [-2342.27172852, -83.6957397461, 714.31463623, 56.3904571533, 29.2553081512, -40.5668373108, 87.424331665, -48.5034408569, -8.08298206329, 55.3250656128, 31.2498645782, -37.9472846985, -9.69631004333], [1124.10095215, -56.0068206787, 56.3904571533, 253.673110962, -70.6539993286, 19.2052879333, -50.0302391052, -2.63383221626, -15.695933342, 12.119096756, -15.6545639038, -23.1612434387, -28.5386657715], [-1434.61914062, 21.8163814545, 29.2553081512, -70.6539993286, 285.847900391, -21.7634773254, 22.2140846252, 13.1162443161, 45.6565818787, -23.5912265778, 5.96885108948, 10.0883026123, 27.9490261078], [608.79296875, -1.52296173573, -40.5668373108, 19.2052879333, -21.7634773254, 127.800704956, 61.0720176697, -8.00240039825, -31.9510917664, -0.888713359833, -16.9382247925, -15.4291410446, -23.048368454], [-807.077392578, -1.00936770439, 87.424331665, -50.0302391052, 22.2140846252, 61.0720176697, 224.666687012, 8.74328804016, -40.1117210388, 8.31140041351, -1.68041360378, -42.7213859558, -16.4705123901], [237.472885132, -33.2568969727, -48.5034408569, -2.63383221626, 13.1162443161, -8.00240039825, 8.74328804016, 90.3986740112, 28.4405097961, -4.81625843048, -19.1533470154, -8.10090065002, 2.41758275032], [-372.526062012, -39.4682426453, -8.08298206329, -15.695933342, 45.6565818787, -31.9510917664, -40.1117210388, 28.4405097961, 92.2785415649, 3.38582658768, 4.00396680832, 18.4360485077, 18.3282375336], [2.95232915878, -27.1672954559, 55.3250656128, 12.119096756, -23.5912265778, -0.888713359833, 8.31140041351, -4.81625843048, 3.38582658768, 77.8941040039, 20.1900405884, -15.4021749496, -4.07231521606], [-378.10345459, 0.994654357433, 31.2498645782, -15.6545639038, 5.96885108948, -16.9382247925, -1.68041360378, -19.1533470154, 4.00396680832, 20.1900405884, 67.7957305908, 36.2317237854, 11.2235469818], [-85.3856201172, -36.8975372314, -37.9472846985, -23.1612434387, 10.0883026123, -15.4291410446, -42.7213859558, -8.10090065002, 18.4360485077, -15.4021749496, 36.2317237854, 96.2079315186, 34.646270752], [-326.258728027, 7.48648691177, -9.69631004333, -28.5386657715, 27.9490261078, -23.048368454, -16.4705123901, 2.41758275032, 18.3282375336, -4.07231521606, 11.2235469818, 34.646270752, 59.118434906]],
        "icov": [[0.000438438990386, -0.000428993545938, 0.00109049933963, -0.00129525794182, 0.00123377633281, -0.00152827368584, 0.00142571923789, -0.00153103959747, 0.00135672849137, -0.00113332900219, 0.00129101471975, -0.000834377598949, 0.00105345086195], [-0.000428993545938, 0.00232881237753, -0.000804153329227, 0.00168019207194, -0.00133125891443, 0.00149636017159, -0.00102319498546, 0.00212188786827, -0.000567749724723, 0.00205005682074, -0.00230716937222, 0.00272368080914, -0.00198325864039], [0.00109049933963, -0.000804153329227, 0.0046296431683, -0.00394313456491, 0.00276910793036, -0.00254817958921, 0.0023676501587, -0.00242755655199, 0.00311518786475, -0.00360208353959, 0.00278669712134, -0.00145414203871, 0.00254139164463], [-0.00129525794182, 0.00168019207194, -0.00394313456491, 0.00907677505165, -0.00284359673969, 0.00309313740581, -0.00197120313533, 0.00381119386293, -0.00315496814437, 0.00334966694936, -0.00369730289094, 0.00361355789937, -0.00198769383132], [0.00123377633281, -0.00133125891443, 0.00276910793036, -0.00284359673969, 0.00789233576506, -0.00429403595626, 0.00343184941448, -0.00428730482236, 0.00151301175356, -0.00138645234983, 0.00296908058226, -0.00155625119805, 0.00156884710304], [-0.00152827368584, 0.00149636017159, -0.00254817958921, 0.00309313740581, -0.00429403595626, 0.0168247446418, -0.00892336480319, 0.00734195904806, -0.00344409537502, 0.00264334538952, -0.000923131185118, 0.000389689899748, -0.000548491312657], [0.00142571923789, -0.00102319498546, 0.0023676501587, -0.00197120313533, 0.00343184941448, -0.00892336480319, 0.0124180894345, -0.00755756674334, 0.00744388066232, -0.00304917083122, 0.00158336700406, 0.000920114165638, 0.00274420389906], [-0.00153103959747, 0.00212188786827, -0.00242755655199, 0.00381119386293, -0.00428730482236, 0.00734195904806, -0.00755756674334, 0.0202300231904, -0.00972295645624, 0.00385341560468, -0.000640034093522, 0.00355094345286, -0.00399972638115], [0.00135672849137, -0.000567749724723, 0.00311518786475, -0.00315496814437, 0.00151301175356, -0.00344409537502, 0.00744388066232, -0.00972295645624, 0.0205411184579, -0.00551049457863, 0.00397339602932, -0.00366110098548, 0.00160406343639], [-0.00113332900219, 0.00205005682074, -0.00360208353959, 0.00334966694936, -0.00138645234983, 0.00264334538952, -0.00304917083122, 0.00385341560468, -0.00551049457863, 0.0208414886147, -0.0122570088133, 0.00947571545839, -0.00489121442661], [0.00129101471975, -0.00230716937222, 0.00278669712134, -0.00369730289094, 0.00296908058226, -0.000923131185118, 0.00158336700406, -0.000640034093522, 0.00397339602932, -0.0122570088133, 0.0299175065011, -0.0155442124233, 0.00614659953862], [-0.000834377598949, 0.00272368080914, -0.00145414203871, 0.00361355789937, -0.00155625119805, 0.000389689899748, 0.000920114165638, 0.00355094345286, -0.00366110098548, 0.00947571545839, -0.0155442124233, 0.0243034251034, -0.011949101463], [0.00105345086195, -0.00198325864039, 0.00254139164463, -0.00198769383132, 0.00156884710304, -0.000548491312657, 0.00274420389906, -0.00399972638115, 0.00160406343639, -0.00489121442661, 0.00614659953862, -0.011949101463, 0.0274115279317]]
    },
    "melbands": {
        "dmean": [0.000299090606859, 0.000414583249949, 0.000581090396736, 0.000274482299574, 0.00022766298207, 0.000150231979205, 0.000124972895719, 0.000113774192869, 8.3241975517e-05, 8.01595160738e-05, 8.18048138171e-05, 3.8478490751e-05, 3.11592048092e-05, 3.28597670887e-05, 5.41769077245e-05, 2.9275617635e-05, 3.71043352061e-05, 2.81543507299e-05, 1.61646985362e-05, 1.81784926099e-05, 1.80026145244e-05, 3.02604566969e-05, 3.16571786243e-05, 1.83959782589e-05, 7.97917164164e-06, 7.22178992874e-06, 5.31551040694e-06, 5.55755377718e-06, 6.33143372397e-06, 6.3412480813e-06, 6.82569270793e-06, 7.86810778663e-06, 9.28926237975e-06, 9.82788787951e-06, 7.60896318752e-06, 4.37930930275e-06, 3.05534035761e-06, 2.4316912004e-06, 1.7759361981e-06, 1.41866121339e-06],
        "dmean2": [0.000494207954034, 0.000641003251076, 0.000929458066821, 0.000455383124063, 0.000376035837689, 0.000232466045418, 0.000201610673685, 0.00018609034305, 0.000128311148728, 0.000122733414173, 0.000125510618091, 5.87557515246e-05, 4.89781632496e-05, 4.93903389724e-05, 8.31411089166e-05, 4.44449979113e-05, 5.67548195249e-05, 4.37070593762e-05, 2.48105006904e-05, 2.72323304671e-05, 2.75966358458e-05, 4.62670395791e-05, 4.82695504616e-05, 2.72349807346e-05, 1.18260632007e-05, 1.12126163003e-05, 8.1583566498e-06, 8.21274807095e-06, 9.2955197033e-06, 9.42445603869e-06, 1.03828233478e-05, 1.16762057587e-05, 1.36409244078e-05, 1.47572218339e-05, 1.14067315735e-05, 6.47307251711e-06, 4.58191925645e-06, 3.60324702342e-06, 2.55722784459e-06, 2.05569949685e-06],
        "dvar": [1.70251965415e-07, 3.25912282051e-07, 7.29944986233e-07, 3.14309971827e-07, 1.12425389887e-07, 5.66689166703e-08, 3.79111533277e-08, 4.28074322656e-08, 1.59710378256e-08, 3.41375105961e-08, 2.92265127655e-08, 6.06283334648e-09, 8.97813201561e-09, 1.26077202012e-08, 2.91525577012e-08, 6.70061517383e-09, 9.93047954978e-09, 5.00374230938e-09, 1.88122872835e-09, 1.55011892211e-09, 1.30126542874e-09, 4.85629003677e-09, 5.36335242884e-09, 1.48806489353e-09, 1.68779087928e-10, 1.099673963e-10, 6.19586673634e-11, 9.6745673972e-11, 1.2564649321e-10, 9.49928191663e-11, 1.5437666423e-10, 2.61584753858e-10, 5.56343970892e-10, 6.22759233071e-10, 3.00260150077e-10, 1.0402066708e-10, 4.45562579887e-11, 1.67877066415e-11, 9.77272429648e-12, 8.5959303911e-12],
        "dvar2": [4.34203911936e-07, 7.57292980325e-07, 1.75706804839e-06, 9.03160639609e-07, 3.07095660901e-07, 1.30370708007e-07, 9.36462001278e-08, 1.11417861604e-07, 3.61776315572e-08, 7.82528530863e-08, 6.63770975962e-08, 1.27623778212e-08, 1.86633144494e-08, 2.17155076143e-08, 6.25058191872e-08, 1.58718957977e-08, 2.13208881661e-08, 1.04813757673e-08, 4.37677893927e-09, 3.15886095059e-09, 2.92937274438e-09, 1.10706661616e-08, 1.22566481409e-08, 3.31637051154e-09, 3.71066483096e-10, 2.60484384063e-10, 1.39933384324e-10, 2.02358754753e-10, 2.55868382038e-10, 2.03995445536e-10, 3.44622969051e-10, 5.61394430942e-10, 1.14185461086e-09, 1.29490784762e-09, 6.4738747696e-10, 2.30298710657e-10, 1.02409282443e-10, 3.72030010964e-11, 2.00265984351e-11, 1.733223981e-11],
        "max": [0.00503821112216, 0.00926996208727, 0.0110486056656, 0.00717949634418, 0.00430190050974, 0.00404746597633, 0.00480190012604, 0.00376677489839, 0.00332961278036, 0.00420723576099, 0.00362195796333, 0.00283317663707, 0.00368208927102, 0.00443378835917, 0.00702697923407, 0.00264434958808, 0.00325380591676, 0.00260833906941, 0.00141218421049, 0.00136568117887, 0.00067665980896, 0.00207253103144, 0.00144759193063, 0.00088990473887, 0.000236937368754, 0.000294709694572, 0.000168015074451, 0.000135985290399, 0.000181841402082, 0.000158419570653, 0.000322288775351, 0.00033519367571, 0.000609456910752, 0.000570813659579, 0.000371686182916, 0.000291026604827, 0.000169577775523, 7.39239694667e-05, 7.56691515562e-05, 0.000115544105938],
        "mean": [0.000473179476103, 0.00109459809028, 0.00123015255667, 0.000406868202845, 0.000356045376975, 0.000274957594229, 0.000212659273529, 0.000190078295418, 0.000148809194798, 0.000144903140608, 0.000140618634759, 6.95190610713e-05, 5.48793650523e-05, 5.57521707378e-05, 9.35235075303e-05, 4.71297062177e-05, 6.3037565269e-05, 5.06270880578e-05, 2.84100333374e-05, 3.60306839866e-05, 3.34067590302e-05, 6.07256370131e-05, 5.87116446695e-05, 3.1517669413e-05, 1.51983394971e-05, 1.5457999325e-05, 1.14254089567e-05, 1.07303440018e-05, 1.25107499116e-05, 1.31227870952e-05, 1.40780148286e-05, 1.51738822751e-05, 1.8337608708e-05, 1.94766798813e-05, 1.46367938214e-05, 8.57097256812e-06, 5.83636438023e-06, 4.82215864395e-06, 3.5030654999e-06, 2.68041435447e-06],
        "median": [0.00028735876549, 0.000860297644977, 0.00086614175234, 0.000240903347731, 0.000224024654017, 0.000146565493196, 0.000130190732307, 0.000101214136521, 7.67922174418e-05, 4.63121832581e-05, 4.13411253248e-05, 2.52795689448e-05, 2.1547133656e-05, 2.23886599997e-05, 3.52021124854e-05, 1.99950154638e-05, 2.36811465584e-05, 1.95898173843e-05, 1.07873893285e-05, 1.1866951354e-05, 1.50517980728e-05, 2.23614642891e-05, 1.45562289617e-05, 8.06511980045e-06, 6.95061953593e-06, 8.9736222435e-06, 6.8283084147e-06, 5.35753542863e-06, 6.65300103719e-06, 7.85506290413e-06, 8.73924545886e-06, 8.60316413309e-06, 9.56629901339e-06, 1.0502947589e-05, 7.53356016503e-06, 4.38696361016e-06, 3.07656478071e-06, 2.78559718936e-06, 1.88788658306e-06, 1.52579946189e-06],
        "min": [1.08554025041e-24, 1.69895750423e-24, 1.06010244444e-24, 9.55786535171e-25, 1.73080776328e-24, 1.82647489741e-24, 1.74162422958e-24, 2.52978344303e-24, 1.58793144549e-24, 2.84798074434e-24, 3.09907359275e-24, 2.17659246917e-24, 1.93777429645e-24, 3.22220649701e-24, 3.05910122182e-24, 2.50451405886e-24, 3.37791659565e-24, 3.44587301833e-24, 3.56560159336e-24, 3.16852569571e-24, 4.81447845242e-24, 3.31925887089e-24, 3.35813551402e-24, 3.72833215963e-24, 3.77337020086e-24, 2.53690804029e-24, 4.32196852904e-24, 5.3755135672e-24, 5.44622193115e-24, 5.27774766864e-24, 4.61386244676e-24, 4.6428929225e-24, 4.75445915374e-24, 5.55558724047e-24, 5.46303807907e-24, 4.58636946092e-24, 5.67592442169e-24, 4.88988645521e-24, 5.49863384969e-24, 5.99283469643e-24],
        "var": [2.71538254992e-07, 1.09513609914e-06, 1.65908613781e-06, 3.15117176797e-07, 1.79388237598e-07, 1.51211196453e-07, 7.93999745952e-08, 8.88781244157e-08, 5.2481954782e-08, 8.79921557839e-08, 9.03981316469e-08, 2.04608543442e-08, 2.13133475313e-08, 2.98375120167e-08, 6.20435827159e-08, 9.73050084951e-09, 2.08677413127e-08, 1.63719917623e-08, 3.80155773527e-09, 5.41582423352e-09, 3.01472669051e-09, 1.71739973354e-08, 1.4255665981e-08, 3.6653540203e-09, 4.38056313445e-10, 3.23265969548e-10, 1.74993408653e-10, 2.03420891243e-10, 2.5882454513e-10, 2.19741655427e-10, 2.93145480112e-10, 5.02637265143e-10, 1.22214582898e-09, 1.24058197049e-09, 6.79074962928e-10, 2.3926646775e-10, 9.21227469308e-11, 3.85068227304e-11, 2.53422404589e-11, 1.92900122958e-11]
    },
    "mfcc": {
        "mean": [-609.055847168, 74.9395980835, 18.5273208618, 20.5821304321, 2.13440012932, 11.1784191132, -8.57200241089, 5.85600280762, -2.53227162361, -2.11026906967, 1.86427974701, 1.94421589375, -1.57070589066],
        "cov": [[8823.31738281, -137.633605957, -110.918174744, 142.724319458, -36.3305702209, 96.2831420898, -52.4012107849, 106.377616882, 24.7806072235, 57.2319488525, 73.5021972656, 1.95313370228, -108.585823059], [-137.633605957, 700.687683105, -54.4111289978, -29.1724433899, 21.0565853119, 11.2735700607, 35.5709075928, -8.36689186096, 3.48048686981, -22.0871067047, -20.2135047913, 1.24992609024, -8.97166442871], [-110.918174744, -54.4111289978, 540.315490723, 107.174324036, -76.7106246948, 59.4258575439, 36.1654586792, -58.3685340881, -44.8382835388, 32.2859649658, -3.50707912445, -21.3207302094, 51.3455543518], [142.724319458, -29.1724433899, 107.174324036, 171.255828857, 46.5672225952, -0.436216831207, -3.46450781822, -19.6787528992, -2.05527901649, 9.51898765564, -1.87276053429, -0.951194882393, 11.8369865417], [-36.3305702209, 21.0565853119, -76.7106246948, 46.5672225952, 218.502410889, -29.6374454498, -91.3832015991, 1.71403408051, 14.912610054, -32.6402511597, -26.796295166, 30.7679347992, -7.25942373276], [96.2831420898, 11.2735700607, 59.4258575439, -0.436216831207, -29.6374454498, 130.192779541, 64.6577606201, 2.97027850151, -12.4086751938, 10.0473184586, 9.19797515869, -25.3948497772, 8.43251419067], [-52.4012107849, 35.5709075928, 36.1654586792, -3.46450781822, -91.3832015991, 64.6577606201, 172.339706421, 12.9038953781, 4.89187860489, 36.3556289673, 21.446187973, -30.9892406464, -7.71487188339], [106.377616882, -8.36689186096, -58.3685340881, -19.6787528992, 1.71403408051, 2.97027850151, 12.9038953781, 101.965385437, 24.2684440613, -19.4658184052, 3.96046447754, 2.71350026131, -21.1514835358], [24.7806072235, 3.48048686981, -44.8382835388, -2.05527901649, 14.912610054, -12.4086751938, 4.89187860489, 24.2684440613, 78.0924530029, 30.2578887939, 4.33599233627, -4.3609457016, -16.3780479431], [57.2319488525, -22.0871067047, 32.2859649658, 9.51898765564, -32.6402511597, 10.0473184586, 36.3556289673, -19.4658184052, 30.2578887939, 98.9615325928, 22.9181079865, -20.0113716125, -8.83999538422], [73.5021972656, -20.2135047913, -3.50707912445, -1.87276053429, -26.796295166, 9.19797515869, 21.446187973, 3.96046447754, 4.33599233627, 22.9181079865, 59.6161193848, 4.76773357391, -12.0279722214], [1.95313370228, 1.24992609024, -21.3207302094, -0.951194882393, 30.7679347992, -25.3948497772, -30.9892406464, 2.71350026131, -4.3609457016, -20.0113716125, 4.76773357391, 65.9591903687, 18.8125286102], [-108.585823059, -8.97166442871, 51.3455543518, 11.8369865417, -7.25942373276, 8.43251419067, -7.71487188339, -21.1514835358, -16.3780479431, -8.83999538422, -12.0279722214, 18.8125286102, 81.412651062]],
