{
"lowlevel": {
    "average_loudness": 0.889570116997,
    "barkbands_crest": {
        "dmean": 2.92371702194,
        "dmean2": 4.50066232681,
        "dvar": 8.58831501007,
        "dvar2": 17.6994915009,
        "max": 26.7658824921,
        "mean": 12.440738678,
        "median": 11.5350513458,
        "min": 2.25222277641,
        "var": 31.5661144257
    },
    "barkbands_flatness_db": {
        "dmean": 0.035219501704,
        "dmean2": 0.042733002454,
        "dvar": 0.00121347373351,
        "dvar2": 0.00188163318671,
        "max": 0.581608176231,
        "mean": 0.165219575167,
        "median": 0.146233633161,
        "min": 0.0221794117242,
        "var": 0.00867439527065
    },
    "barkbands_kurtosis": {
        "dmean": 19.3199443817,
        "dmean2": 27.7703952789,
        "dvar": 7407.53955078,
        "dvar2": 13889.625,
        "max": 2638.99169922,
        "mean": 26.0596237183,
        "median": 4.8406996727,
        "min": -1.97707188129,
        "var": 11228.4570312
    },
    "barkbands_skewness": {
        "dmean": 1.26545834541,
        "dmean2": 1.78289282322,
        "dvar": 4.21743679047,
        "dvar2": 7.70351076126,
        "max": 46.2064170837,
        "mean": 2.81722331047,
        "median": 2.17282748222,
        "min": -29.9819908142,
        "var": 10.3656396866
    },
    "barkbands_spread": {
        "dmean": 13.3276844025,
        "dmean2": 19.4298877716,
        "dvar": 273.328979492,
        "dvar2": 589.982299805,
        "max": 151.745742798,
        "mean": 28.5861358643,
        "median": 21.1415348053,
        "min": 0.106893107295,
        "var": 636.028930664
    },
    "dissonance": {
        "dmean": 0.0218641571701,
        "dmean2": 0.0355110168457,
        "dvar": 0.000485155556817,
        "dvar2": 0.00122324202675,
        "max": 0.500000059605,
        "mean": 0.458430975676,
        "median": 0.4680377841,
        "min": 0.170285463333,
        "var": 0.00119287415873
    },
    "dynamic_complexity": 4.26824426651,
    "erbbands_crest": {
        "dmean": 2.87850236893,
        "dmean2": 4.56793832779,
        "dvar": 8.28823184967,
        "dvar2": 19.5859375,
        "max": 31.477930069,
        "mean": 8.94510650635,
        "median": 7.7132525444,
        "min": 2.10965490341,
        "var": 22.7036743164
    },
    "erbbands_flatness_db": {
        "dmean": 0.0247486419976,
        "dmean2": 0.0318935103714,
        "dvar": 0.000549983640667,
        "dvar2": 0.000867548515089,
        "max": 0.33155721426,
        "mean": 0.12062137574,
        "median": 0.114608101547,
        "min": 0.0172559730709,
        "var": 0.00249711959623
    },
    "erbbands_kurtosis": {
        "dmean": 2.34728574753,
        "dmean2": 3.39864706993,
        "dvar": 31.4968967438,
        "dvar2": 49.8000679016,
        "max": 159.523773193,
        "mean": 2.47404694557,
        "median": 0.0670340061188,
        "min": -1.90240883827,
        "var": 99.0403823853
    },
    "erbbands_skewness": {
        "dmean": 0.626097917557,
        "dmean2": 0.872707188129,
        "dvar": 0.490383028984,
        "dvar2": 0.879207372665,
        "max": 10.3877534866,
        "mean": 0.579673469067,
        "median": 0.469557583332,
        "min": -5.48970842361,
        "var": 1.99612474442
    },
    "erbbands_spread": {
        "dmean": 19.4361133575,
        "dmean2": 28.0446205139,
        "dvar": 481.592895508,
        "dvar2": 940.098815918,
        "max": 211.980895996,
        "mean": 58.2654762268,
        "median": 50.7077560425,
        "min": 2.87344670296,
        "var": 1238.35620117
    },
    "hfc": {
        "dmean": 20.599319458,
        "dmean2": 28.4358310699,
        "dvar": 1711.90368652,
        "dvar2": 3138.21923828,
        "max": 576.718017578,
        "mean": 27.9961490631,
        "median": 8.30922412872,
        "min": 1.19331430977e-16,
        "var": 2651.546875
    },
    "melbands_crest": {
        "dmean": 3.2595911026,
        "dmean2": 5.20847272873,
        "dvar": 10.3420658112,
        "dvar2": 24.6989345551,
        "max": 34.8808288574,
        "mean": 16.5232143402,
        "median": 16.7725448608,
        "min": 2.14132738113,
        "var": 28.5845794678
    },
    "melbands_flatness_db": {
        "dmean": 0.0448726601899,
        "dmean2": 0.0550002939999,
        "dvar": 0.00197429885156,
        "dvar2": 0.00330436881632,
        "max": 0.736568808556,
        "mean": 0.25201690197,
        "median": 0.234912648797,
        "min": 0.00673708599061,
        "var": 0.0139768552035
    },
    "melbands_kurtosis": {
        "dmean": 33.823589325,
        "dmean2": 50.7230758667,
        "dvar": 5978.12988281,
        "dvar2": 13886.3544922,
        "max": 1281.03845215,
        "mean": 51.1132240295,
        "median": 22.5263118744,
        "min": -1.88867652416,
        "var": 8346.0078125
    },
    "melbands_skewness": {
        "dmean": 1.62990987301,
        "dmean2": 2.35841608047,
        "dvar": 4.0109500885,
        "dvar2": 8.77252197266,
        "max": 26.6854572296,
        "mean": 4.51144838333,
        "median": 3.79467511177,
        "min": -2.58759784698,
        "var": 9.79451751709
    },
    "melbands_spread": {
        "dmean": 10.9995965958,
        "dmean2": 16.4031181335,
        "dvar": 395.587280273,
        "dvar2": 857.565246582,
        "max": 271.755218506,
        "mean": 20.8592529297,
        "median": 12.0174026489,
        "min": 0.207180008292,
        "var": 769.426086426
    },
    "pitch_salience": {
        "dmean": 0.0865779593587,
        "dmean2": 0.13307595253,
        "dvar": 0.00715632596985,
        "dvar2": 0.0165509171784,
        "max": 0.979033648968,
        "mean": 0.493992686272,
        "median": 0.495175600052,
        "min": 0.0371474400163,
        "var": 0.0217191632837
    },
    "silence_rate_20dB": {
        "dmean": 0,
        "dmean2": 0,
        "dvar": 0,
        "dvar2": 0,
        "max": 1,
        "mean": 1,
        "median": 1,
        "min": 1,
        "var": 0
    },
    "silence_rate_30dB": {
        "dmean": 0.032329633832,
        "dmean2": 0.0646643936634,
        "dvar": 0.0312781669199,
        "dvar2": 0.0828450545669,
        "max": 1,
        "mean": 0.978686332703,
        "median": 1,
        "min": 0,
        "var": 0.0208625216037
    },
    "silence_rate_60dB": {
        "dmean": 0.0570522993803,
        "dmean2": 0.114113636315,
        "dvar": 0.0537937693298,
        "dvar2": 0.124719470739,
        "max": 1,
        "mean": 0.0950796306133,
        "median": 0,
        "min": 0,
        "var": 0.086034193635
    },
    "spectral_centroid": {
        "dmean": 407.037902832,
        "dmean2": 586.871276855,
        "dvar": 269322.5,
        "dvar2": 547487.625,
        "max": 11052.4306641,
        "mean": 1270.89575195,
        "median": 1082.0513916,
        "min": 86.2122344971,
        "var": 812913.4375
    },
    "spectral_complexity": {
        "dmean": 4.65594291687,
        "dmean2": 6.85093927383,
        "dvar": 54.7649459839,
        "dvar2": 96.8337631226,
        "max": 64,
        "mean": 12.031375885,
        "median": 9,
        "min": 0,
        "var": 126.198806763
    },
    "spectral_decrease": {
        "dmean": 3.43803274738e-09,
        "dmean2": 5.43926104157e-09,
        "dvar": 5.40979197722e-17,
        "dvar2": 1.45244220242e-16,
        "max": 1.43192332991e-10,
        "mean": -6.32283070345e-09,
        "median": -4.36469882459e-09,
        "min": -7.42916839158e-08,
        "var": 5.34271623222e-17
    },
    "spectral_energy": {
        "dmean": 0.0143768927082,
        "dmean2": 0.022177381441,
        "dvar": 0.000898489088286,
        "dvar2": 0.00233921734616,
        "max": 0.295617878437,
        "mean": 0.026403054595,
        "median": 0.0179371535778,
        "min": 1.05564361643e-20,
        "var": 0.000932424503844
    },
    "spectral_energyband_high": {
        "dmean": 0.00178134301677,
        "dmean2": 0.00246252608486,
        "dvar": 1.34645888465e-05,
        "dvar2": 2.59807384282e-05,
        "max": 0.0488868951797,
        "mean": 0.00220684777014,
        "median": 0.000299108127365,
        "min": 7.93231876212e-21,
        "var": 2.16436619667e-05
    },
    "spectral_energyband_low": {
        "dmean": 0.00897177029401,
        "dmean2": 0.0142962886021,
        "dvar": 0.000551650999114,
        "dvar2": 0.00151167775039,
        "max": 0.248924583197,
        "mean": 0.0154319563881,
        "median": 0.00829554628581,
        "min": 4.90577387719e-23,
        "var": 0.0005315815215
    },
    "spectral_energyband_middle_high": {
        "dmean": 0.00172519497573,
        "dmean2": 0.0025974472519,
        "dvar": 1.70908951986e-05,
        "dvar2": 3.40215156029e-05,
        "max": 0.0673471316695,
        "mean": 0.00253881514072,
        "median": 0.000712203036528,
        "min": 1.50463810111e-21,
        "var": 2.60139986494e-05
    },
    "spectral_energyband_middle_low": {
        "dmean": 0.00537998368964,
        "dmean2": 0.00885499548167,
        "dvar": 0.000163779957802,
        "dvar2": 0.000422959012212,
        "max": 0.171179294586,
        "mean": 0.00738627789542,
        "median": 0.0041883289814,
        "min": 2.22260159029e-22,
        "var": 0.000146503982251
    },
    "spectral_entropy": {
        "dmean": 0.30172380805,
        "dmean2": 0.371096223593,
        "dvar": 0.101344496012,
        "dvar2": 0.139142498374,
        "max": 9.77991676331,
        "mean": 7.63363742828,
        "median": 7.76363754272,
        "min": 4.45366430283,
        "var": 0.513154923916
    },
    "spectral_flux": {
        "dmean": 0.0357633121312,
        "dmean2": 0.0526170581579,
        "dvar": 0.00284042814746,
        "dvar2": 0.00579472677782,
        "max": 0.5152952075,
        "mean": 0.0815409943461,
        "median": 0.0610197819769,
        "min": 1.02744521224e-10,
        "var": 0.00501792086288
    },
    "spectral_kurtosis": {
        "dmean": 1.53765904903,
        "dmean2": 2.12160420418,
        "dvar": 4.09651994705,
        "dvar2": 6.54921913147,
        "max": 47.0436592102,
        "mean": 3.40581512451,
        "median": 2.51724052429,
        "min": -1.26598334312,
        "var": 14.7005062103
    },
    "spectral_rms": {
        "dmean": 0.00118728412781,
        "dmean2": 0.00167645514011,
        "dvar": 3.28742794409e-06,
        "dvar2": 7.67763231124e-06,
        "max": 0.0169825702906,
        "mean": 0.00444351090118,
        "median": 0.00418325979263,
        "min": 3.20919961612e-12,
        "var": 6.01434521741e-06
    },
    "spectral_rolloff": {
        "dmean": 1438.02722168,
        "dmean2": 2428.59448242,
        "dvar": 7064744,
        "dvar2": 16233869,
        "max": 21834.6679688,
        "mean": 2065.39355469,
        "median": 559.86328125,
        "min": 64.599609375,
        "var": 10602976
    },
    "spectral_skewness": {
        "dmean": 0.294673085213,
        "dmean2": 0.395139634609,
        "dvar": 0.0955063328147,
        "dvar2": 0.145600229502,
        "max": 5.71216630936,
        "mean": 1.47914147377,
        "median": 1.37408399582,
        "min": -0.441044062376,
        "var": 0.47009691596
    },
    "spectral_spread": {
        "dmean": 1454430.875,
        "dmean2": 1906150.5,
        "dvar": 2.71407801958e+12,
        "dvar2": 4.39391014093e+12,
        "max": 41568684,
        "mean": 7159320.5,
        "median": 6373757.5,
        "min": 1765192.75,
        "var": 9.28814150451e+12
    },
    "spectral_strongpeak": {
        "dmean": 0.271470844746,
        "dmean2": 0.459567457438,
        "dvar": 0.330778747797,
        "dvar2": 0.895667016506,
        "max": 9.64710903168,
        "mean": 0.461223185062,
        "median": 0.33788228035,
        "min": 0,
        "var": 0.31245264411
    },
    "zerocrossingrate": {
        "dmean": 0.030059941113,
        "dmean2": 0.0309332497418,
        "dvar": 0.00105423037894,
        "dvar2": 0.00122471421491,
        "max": 0.88916015625,
        "mean": 0.0835815519094,
        "median": 0.060546875,
        "min": 0.00244140625,
        "var": 0.0058583104983
    },
    "barkbands": {
        "dmean": [0.000128286526888, 0.00465874699876, 0.00398745574057, 0.00207066047005, 0.00110965350177, 0.000943798222579, 0.00146864308044, 0.000500462483615, 0.000304928282276, 0.000359469850082, 0.000188829086255, 0.000204472235055, 0.000168730533915, 0.000184619857464, 0.000211521444726, 0.000177389127202, 0.000230521836784, 0.000203408126254, 0.000279972999124, 0.000209589372389, 0.000232763239183, 0.000328478752635, 0.000283378612949, 0.0002401444508, 0.000369028100977, 0.000300591898849, 0.000132172644953],
        "dmean2": [0.00017303210916, 0.00695136142895, 0.00692802714184, 0.00363487983122, 0.0018732631579, 0.00150087312795, 0.00242352578789, 0.000819523062091, 0.000494913896546, 0.000578343053348, 0.000306094472762, 0.000330301845679, 0.000269988348009, 0.000293303339276, 0.000334481417667, 0.000277852348518, 0.000372039328795, 0.000323625252349, 0.000424238707637, 0.000322065927321, 0.000350166403223, 0.000509380653966, 0.000416891707573, 0.000335365097271, 0.000520348723512, 0.000426536338637, 0.000192646839423],
        "dvar": [1.68616580254e-07, 7.33498673071e-05, 0.000210022262763, 2.59508760792e-05, 4.19945581598e-06, 5.65181562706e-06, 2.32302209042e-05, 1.67844063981e-06, 7.46377395444e-07, 9.96636458694e-07, 3.8895234411e-07, 3.90864357769e-07, 4.57897925799e-07, 4.66779539465e-07, 3.55402022478e-07, 2.86184160814e-07, 5.7320534097e-07, 4.64842088377e-07, 8.71565930538e-07, 2.65734911409e-07, 3.08690033535e-07, 7.67725282458e-07, 4.90085994898e-07, 3.09430134848e-07, 5.60790454074e-07, 3.77990630795e-07, 8.37783602492e-08],
        "dvar2": [2.73521663985e-07, 0.0001740566222, 0.000594486191403, 7.2497765359e-05, 1.15699540402e-05, 1.40312185977e-05, 5.97166726948e-05, 4.36414575233e-06, 1.86972772553e-06, 2.45267688115e-06, 9.8812847682e-07, 9.9539056464e-07, 1.16372768844e-06, 1.21350899462e-06, 7.78625405928e-07, 6.5185645326e-07, 1.35425841563e-06, 1.1238831803e-06, 1.77983736194e-06, 5.47911042759e-07, 6.69262760766e-07, 1.86496595234e-06, 1.05934816474e-06, 6.11123482486e-07, 1.12123802865e-06, 7.28431473362e-07, 1.69800443928e-07],
        "max": [0.0098634455353, 0.120992325246, 0.154434323311, 0.0571424216032, 0.0243376642466, 0.0380187854171, 0.0688877999783, 0.0461803339422, 0.0220475383103, 0.0284001938999, 0.0157554149628, 0.0209339484572, 0.0288629066199, 0.0197538360953, 0.0126512683928, 0.00858994480222, 0.0090009085834, 0.00874951388687, 0.0119394604117, 0.00627668807283, 0.00818711332977, 0.0146595919505, 0.0219448059797, 0.0201367530972, 0.0202555265278, 0.0113580850884, 0.00639872718602],
        "mean": [0.000178355330718, 0.00982204638422, 0.00432924972847, 0.00213570054621, 0.00164161354769, 0.00110421783756, 0.00136641180143, 0.000606312998571, 0.000377197662601, 0.000447641155915, 0.000236374500673, 0.000247981166467, 0.000190147708054, 0.000232986581977, 0.000230985955568, 0.000203203147976, 0.000222687027417, 0.000199187605176, 0.00029975673533, 0.000234236649703, 0.000261236535152, 0.000353795097908, 0.000342082086718, 0.000295940961223, 0.000407024024753, 0.000309437600663, 0.000125008213217],
        "median": [1.37032957355e-05, 0.0050287777558, 0.00126232439652, 0.000794564431999, 0.000932630733587, 0.000369125424186, 0.000225471972954, 0.000140786753036, 8.92649986781e-05, 0.000104415375972, 2.88979845209e-05, 3.23014282912e-05, 2.3986258384e-05, 3.09857568936e-05, 3.06748370349e-05, 2.66710321739e-05, 1.89760794456e-05, 3.17862431984e-05, 4.52700660389e-05, 3.70749439753e-05, 3.59463447239e-05, 3.96736395487e-05, 4.41680349468e-05, 2.9402986911e-05, 2.38552856899e-05, 7.81046674092e-06, 1.10275686893e-06],
        "min": [6.54869725026e-24, 1.31006998277e-23, 2.86096247605e-23, 1.60439414428e-23, 2.28368495189e-23, 4.54405401533e-23, 3.24295101447e-23, 6.96319127559e-23, 2.92539915915e-23, 2.611604175e-23, 5.52208818324e-23, 9.4096041905e-23, 4.04633390232e-23, 9.20223285336e-23, 2.22302315756e-22, 9.54352689757e-23, 1.49682885778e-22, 2.03814268658e-22, 2.38925016046e-22, 5.85571778112e-22, 5.54572195109e-22, 4.13440132404e-22, 4.35809526616e-22, 9.72574064003e-22, 1.04311090119e-21, 1.54909794832e-21, 2.85931275964e-21],
        "var": [2.95863230804e-07, 0.00014486227883, 0.000141441225423, 1.95693446585e-05, 4.70127679364e-06, 5.4685710893e-06, 1.83026822924e-05, 1.96378255168e-06, 9.27788903482e-07, 1.33939249736e-06, 5.82051825404e-07, 4.7747971621e-07, 5.39590018889e-07, 7.41552980799e-07, 4.28118397622e-07, 3.80812963385e-07, 5.91577929754e-07, 4.30701817322e-07, 1.03811396457e-06, 3.46929937223e-07, 4.08654074135e-07, 9.5767120456e-07, 8.69511325163e-07, 5.64074014164e-07, 7.70672102135e-07, 5.08164646362e-07, 1.01851746592e-07]
    },
    "erbbands": {
        "dmean": [0.113026894629, 1.21881735325, 4.18269062042, 5.95342731476, 5.74815511703, 2.85059738159, 3.98829889297, 9.25707435608, 18.9193534851, 19.4354610443, 9.0490694046, 6.16070699692, 10.9043207169, 9.09850978851, 8.0916633606, 7.91288280487, 7.60116529465, 9.62443637848, 9.22851371765, 10.6337594986, 10.8963260651, 12.9591856003, 9.34084320068, 12.7747659683, 14.8022794724, 9.8619852066, 9.70863723755, 9.05274581909, 11.751452446, 9.80877304077, 8.1214723587, 5.87773370743, 3.83997678757, 3.34550976753, 2.99011397362, 1.3944965601, 0.534342944622, 0.171431675553, 0.0221416391432, 0.000954170653131],
        "dmean2": [0.162404164672, 1.8851994276, 7.1869392395, 10.485490799, 9.93214702606, 4.75952672958, 6.40539312363, 14.6437454224, 30.4166316986, 33.7873802185, 14.7743844986, 10.0366334915, 17.3245410919, 14.4048871994, 12.9475803375, 12.6625986099, 11.9379281998, 15.2917718887, 14.6419706345, 16.8867053986, 17.3882141113, 20.6076087952, 14.4544610977, 19.4941120148, 22.3127498627, 15.051199913, 14.9359092712, 13.5025062561, 18.2740459442, 14.9629182816, 11.9396457672, 8.54187774658, 5.32861042023, 4.67527246475, 4.2852025032, 1.9906796217, 0.76238900423, 0.248632088304, 0.0322587527335, 0.0013843041379],
        "dvar": [0.05389277637, 6.00514364243, 202.209442139, 308.839630127, 173.074234009, 21.4145946503, 65.9959640503, 602.335327148, 3346.8671875, 4269.11132812, 670.813659668, 276.110351562, 1169.35058594, 677.223144531, 625.15447998, 626.487182617, 920.199157715, 1464.45227051, 653.629455566, 1035.11901855, 1291.45837402, 1720.80090332, 750.905334473, 1775.63330078, 2560.92944336, 581.781311035, 517.273193359, 525.426513672, 954.263061523, 629.255249023, 446.324401855, 203.090545654, 78.8773193359, 44.3964881897, 39.6846733093, 8.12280464172, 1.24044573307, 0.139523878694, 0.00234439619817, 4.14870919485e-06],
        "dvar2": [0.108687773347, 15.7483358383, 574.944213867, 879.781860352, 481.484222412, 56.222530365, 170.531585693, 1466.16113281, 8112.16992188, 11886.078125, 1787.27905273, 677.590087891, 2887.2565918, 1662.07702637, 1564.13342285, 1610.85949707, 2279.21191406, 3941.88916016, 1605.58850098, 2455.62011719, 3011.87182617, 3872.36987305, 1628.35974121, 3765.9375, 5176.88769531, 1228.13525391, 1143.36877441, 1151.61315918, 2324.16186523, 1448.97912598, 979.600219727, 421.561187744, 158.00340271, 86.6298522949, 81.8311843872, 15.9837770462, 2.43032598495, 0.28046938777, 0.00479651475325, 8.37308471091e-06],
        "max": [4.5865688324, 32.8062934875, 151.262268066, 173.565673828, 192.078109741, 59.6893119812, 185.27507019, 393.954650879, 781.241271973, 938.033325195, 1067.30810547, 525.251525879, 1357.04931641, 676.905090332, 642.171630859, 1070.11169434, 1553.56652832, 1156.24694824, 343.063995361, 786.998291016, 518.642272949, 490.341094971, 431.15423584, 516.617980957, 741.774841309, 367.593139648, 411.868713379, 422.004943848, 460.156738281, 631.894104004, 667.77935791, 436.848815918, 364.649658203, 122.190109253, 188.176544189, 60.7617149353, 22.9167766571, 8.80401802063, 1.04318201542, 0.041860807687],
        "mean": [0.218745708466, 2.41605257988, 5.3275270462, 6.26068973541, 7.04264116287, 4.19024419785, 5.72569513321, 10.4331178665, 19.0585956573, 17.5485286713, 11.5634708405, 7.76361465454, 14.4251194, 11.8619699478, 10.9806671143, 9.66447734833, 9.24688529968, 12.6294088364, 10.6120500565, 11.6732330322, 11.9786643982, 13.0634632111, 9.89075946808, 13.2866315842, 16.1202068329, 10.9536600113, 10.7913990021, 10.3245735168, 12.5411863327, 11.2274894714, 9.72882080078, 7.10658931732, 4.67225646973, 3.87385320663, 3.1525645256, 1.44648933411, 0.541447103024, 0.165264979005, 0.0209003314376, 0.000926298904233],
        "median": [0.0908451899886, 1.22320592403, 2.1766307354, 2.45885896683, 2.93292713165, 2.19927811623, 2.18444705009, 3.17164421082, 3.84962129593, 3.41511178017, 3.34133434296, 2.2722671032, 3.11957097054, 2.94766330719, 1.58155477047, 1.61620390415, 1.44592058659, 1.69215548038, 1.80802607536, 1.53422749043, 1.56977367401, 1.33463060856, 1.52594196796, 2.14441585541, 2.42786836624, 1.83419942856, 1.62542796135, 1.36216723919, 1.40117704868, 1.37734436989, 1.19919013977, 0.707214713097, 0.450172871351, 0.302188962698, 0.129825726151, 0.0439861156046, 0.0124744875357, 0.00290350685827, 0.00021474728419, 4.30958207289e-05],
        "min": [4.28125289336e-22, 3.3836008749e-21, 2.41767299305e-20, 4.32398325454e-20, 9.69511900344e-20, 6.57039060203e-20, 1.55851800473e-19, 3.49925626648e-19, 4.50602399388e-19, 8.5166236695e-19, 1.53790867052e-18, 6.28959393259e-19, 5.41528728958e-19, 1.74423481225e-18, 3.32274336839e-18, 2.70311477924e-18, 1.64097051516e-18, 3.27677135828e-18, 1.13463372007e-17, 8.11098567084e-18, 5.76219060506e-18, 9.86420655967e-18, 1.09536141798e-17, 1.29866272564e-17, 1.41772172634e-17, 2.82678915824e-17, 1.9074379607e-17, 2.38605541647e-17, 1.57497223494e-17, 1.49341288829e-17, 1.26470084036e-17, 1.59740487685e-17, 1.76137159572e-17, 1.10109303516e-17, 7.48333177538e-18, 4.8218520983e-18, 3.47998275142e-18, 1.59999953563e-18, 3.99263202025e-19, 3.67097779843e-20],
        "var": [0.0991630405188, 9.35087871552, 145.933135986, 202.087753296, 156.975509644, 29.691942215, 91.1272659302, 583.585083008, 2963.53735352, 2909.51049805, 742.131225586, 357.940979004, 1612.421875, 939.648193359, 951.715698242, 668.697570801, 1145.03503418, 2433.9699707, 724.721191406, 1185.66723633, 1506.50183105, 1890.55310059, 861.173278809, 1974.49182129, 3081.13598633, 739.297546387, 666.48840332, 693.933044434, 1164.11791992, 941.532531738, 771.803894043, 372.973937988, 129.617156982, 68.4145812988, 50.269317627, 10.669593811, 1.64466059208, 0.173176214099, 0.00283099291846, 5.08436551172e-06]
    },
    "gfcc": {
        "mean": [-36.0079841614, 64.7873153687, -61.9642028809, 38.3277854919, -51.94480896, 15.862036705, -28.6303901672, 11.4685907364, -19.7041225433, 6.02888154984, -14.3209238052, 0.667009353638, -12.1529159546],
        "cov": [[14793.6542969, -1820.35314941, -1560.79504395, -440.136779785, -429.846801758, -39.4578285217, -401.936737061, 76.7846298218, -222.408920288, 77.6718902588, -232.879058838, 88.3154525757, -236.646911621], [-1820.35314941, 2317.65356445, -332.54473877, 109.402526855, 123.55040741, 69.2054519653, 213.430236816, -74.07396698, 122.66910553, -55.4884986877, 156.713302612, -89.2633743286, 59.7344284058], [-1560.79504395, -332.54473877, 1811.36035156, 181.55847168, 195.927337646, 54.7420806885, 25.0311489105, 84.0822677612, -43.1378479004, 37.4198760986, -22.9051132202, 14.6257095337, 9.33875656128], [-440.136779785, 109.402526855, 181.55847168, 682.50378418, 68.7226715088, 96.516494751, 35.5029792786, 8.35037136078, 74.7665023804, -41.9493179321, 8.91493988037, -4.36273908615, 23.0036087036], [-429.846801758, 123.55040741, 195.927337646, 68.7226715088, 370.984832764, 51.4242515564, 75.4347000122, 33.6053085327, 6.96061229706, 8.78482627869, 4.27352714539, -1.63071084023, 6.99876976013], [-39.4578285217, 69.2054519653, 54.7420806885, 96.516494751, 51.4242515564, 267.274353027, 88.2945709229, 16.3787078857, -2.45798826218, -5.62658500671, 31.4064731598, 0.928434669971, 17.1845417023], [-401.936737061, 213.430236816, 25.0311489105, 35.5029792786, 75.4347000122, 88.2945709229, 184.028671265, 33.0626754761, 9.55500984192, 3.80560898781, 25.2290668488, -6.732234478, 13.0714120865], [76.7846298218, -74.07396698, 84.0822677612, 8.35037136078, 33.6053085327, 16.3787078857, 33.0626754761, 146.501205444, 38.3541374207, 2.09754443169, -1.63436818123, 20.9009628296, 6.82216262817], [-222.408920288, 122.66910553, -43.1378479004, 74.7665023804, 6.96061229706, -2.45798826218, 9.55500984192, 38.3541374207, 118.199897766, 14.3526115417, 16.7560424805, 6.05112028122, 8.90574741364], [77.6718902588, -55.4884986877, 37.4198760986, -41.9493179321, 8.78482627869, -5.62658500671, 3.80560898781, 2.09754443169, 14.3526115417, 102.960174561, 25.7666683197, 1.32722818851, -5.59765911102], [-232.879058838, 156.713302612, -22.9051132202, 8.91493988037, 4.27352714539, 31.4064731598, 25.2290668488, -1.63436818123, 16.7560424805, 25.7666683197, 94.306022644, 21.320022583, 3.12768387794], [88.3154525757, -89.2633743286, 14.6257095337, -4.36273908615, -1.63071084023, 0.928434669971, -6.732234478, 20.9009628296, 6.05112028122, 1.32722818851, 21.320022583, 79.1507873535, 22.8579120636], [-236.646911621, 59.7344284058, 9.33875656128, 23.0036087036, 6.99876976013, 17.1845417023, 13.0714120865, 6.82216262817, 8.90574741364, -5.59765911102, 3.12768387794, 22.8579120636, 63.958278656]],
        "icov": [[0.000106494117063, 2.00230570044e-05, 0.000116751034511, -1.82116145879e-05, 4.3825191824e-05, -0.000129234555061, 0.000185204087757, -0.000185812241398, 0.000239336703089, -0.000219392502913, 0.000312470045174, -0.000267154420726, 0.000404399033869], [2.00230570044e-05, 0.000772091909312, 9.1083064035e-05, 7.73858118919e-05, -0.00020617460541, 0.000215104431845, -0.000658681907225, 0.000521640176885, -0.000777849869337, 0.000852599623613, -0.00146108295303, 0.00132321985438, -0.000862929504365], [0.000116751034511, 9.1083064035e-05, 0.000786123855505, -0.000244442169787, -0.000254276877968, -0.000152343927766, 0.000259380962234, -0.000597908860072, 0.000755269138608, -0.000595815188717, 0.000410186592489, -0.000258916756138, 0.000314731849357], [-1.82116145879e-05, 7.73858118919e-05, -0.000244442169787, 0.0018770165043, -0.000211670907447, -0.000554008292966, -6.04591623414e-05, 0.0005828110734, -0.00166086840909, 0.0011613080278, -0.00029145841836, 0.000417895265855, -0.000459054892417], [4.3825191824e-05, -0.00020617460541, -0.000254276877968, -0.000211670907447, 0.0032328250818, -0.000241885776632, -0.000863506051246, -0.00051401235396, 0.00033357180655, -0.000590740877669, 0.000756992376409, -0.000460958865006, 0.000440082396381], [-0.000129234555061, 0.000215104431845, -0.000152343927766, -0.000554008292966, -0.000241885776632, 0.00509312935174, -0.00234450749122, 8.92664029379e-05, 0.000385946274037, 0.000824712158646, -0.00220956862904, 0.00111068785191, -0.00160035910085], [0.000185204087757, -0.000658681907225, 0.000259380962234, -6.04591623414e-05, -0.000863506051246, -0.00234450749122, 0.00840666517615, -0.0023802020587, 0.00135182589293, -0.00115635688417, 0.00018246761465, 0.00016540393699, 0.000187043173355], [-0.000185812241398, 0.000521640176885, -0.000597908860072, 0.0005828110734, -0.00051401235396, 8.92664029379e-05, -0.0023802020587, 0.00948162376881, -0.00438800035045, 0.00142310454976, -2.94557394227e-05, -0.00128914695233, -0.000591950141825], [0.000239336703089, -0.000777849869337, 0.000755269138608, -0.00166086840909, 0.00033357180655, 0.000385946274037, 0.00135182589293, -0.00438800035045, 0.0127025861293, -0.00339263002388, 0.000595116231125, -0.00132697587833, 0.000530152348801], [-0.000219392502913, 0.000852599623613, -0.000595815188717, 0.0011613080278, -0.000590740877669, 0.000824712158646, -0.00115635688417, 0.00142310454976, -0.00339263002388, 0.0129253333434, -0.0056450353004, 0.00277164322324, -0.00112201366574], [0.000312470045174, -0.00146108295303, 0.000410186592489, -0.00029145841836, 0.000756992376409, -0.00220956862904, 0.00018246761465, -2.94557394227e-05, 0.000595116231125, -0.0056450353004, 0.0176862925291, -0.00802917592227, 0.0044700759463], [-0.000267154420726, 0.00132321985438, -0.000258916756138, 0.000417895265855, -0.000460958865006, 0.00111068785191, 0.00016540393699, -0.00128914695233, -0.00132697587833, 0.00277164322324, -0.00802917592227, 0.0195416212082, -0.00864503439516], [0.000404399033869, -0.000862929504365, 0.000314731849357, -0.000459054892417, 0.000440082396381, -0.00160035910085, 0.000187043173355, -0.000591950141825, 0.000530152348801, -0.00112201366574, 0.0044700759463, -0.00864503439516, 0.0211623329669]]
    },
    "melbands": {
        "dmean": [0.0011457412038, 0.0020062958356, 0.00105996849015, 0.000274178368272, 0.000134998001158, 0.000208215322345, 0.000302736007143, 0.000192280553165, 6.26210021437e-05, 4.18384843215e-05, 5.55213118787e-05, 3.88067528547e-05, 2.74111389444e-05, 2.47954758379e-05, 1.88343401533e-05, 1.7301970729e-05, 1.82501717063e-05, 1.42013977893e-05, 1.61865136761e-05, 1.23951695059e-05, 1.36066282721e-05, 1.48300005094e-05, 9.70892233454e-06, 8.88833073986e-06, 1.05194903881e-05, 1.18010848382e-05, 8.90292722033e-06, 6.14262216914e-06, 6.12427265878e-06, 5.50577260583e-06, 5.22537720826e-06, 6.73040995025e-06, 6.62867296342e-06, 5.05998605149e-06, 4.52105132354e-06, 4.7117205213e-06, 3.31048136104e-06, 2.58332670455e-06, 2.83889676211e-06, 2.82063524537e-06],
        "dmean2": [0.00166302872822, 0.0033516024705, 0.00185628794134, 0.000462899042759, 0.000218230139581, 0.00033052067738, 0.000492603750899, 0.000333477888489, 0.0001022366705, 6.78458309267e-05, 8.83896718733e-05, 6.16786128376e-05, 4.40587609774e-05, 3.94520648115e-05, 3.07062473439e-05, 2.73871100944e-05, 2.91637770715e-05, 2.30931418628e-05, 2.5482615456e-05, 2.00141730602e-05, 2.20048095798e-05, 2.42486585194e-05, 1.5090566194e-05, 1.36924982144e-05, 1.6143952962e-05, 1.7977974494e-05, 1.35325644806e-05, 9.60388115345e-06, 9.47014541453e-06, 8.41058863443e-06, 7.91054299043e-06, 1.05563631223e-05, 1.04533037302e-05, 7.71250961407e-06, 6.65286825097e-06, 7.16857994121e-06, 4.80072822029e-06, 3.63950562132e-06, 3.97316671297e-06, 3.98515430788e-06],
        "dvar": [4.33760214946e-06, 3.61940947187e-05, 8.068715033e-06, 2.96279807799e-07, 6.59947474446e-08, 3.09130285814e-07, 9.2015966402e-07, 3.73390861341e-07, 3.40031398594e-08, 1.43034535327e-08, 2.94424982172e-08, 1.26710526516e-08, 8.27108337376e-09, 5.391394442e-09, 7.4038437603e-09, 4.1949919094e-09, 5.64253621604e-09, 1.60988056219e-09, 2.12124584564e-09, 1.65373015282e-09, 2.08343098329e-09, 2.51336973456e-09, 7.03285207848e-10, 8.94769702775e-10, 1.17941734157e-09, 1.73310577001e-09, 6.71453392886e-10, 2.27102572858e-10, 2.12424147716e-10, 1.70721214943e-10, 1.91063817545e-10, 3.00527353003e-10, 3.49636569696e-10, 1.55714649508e-10, 1.53216675458e-10, 1.49806694827e-10, 6.6215179173e-11, 4.08961267628e-11, 3.59009627582e-11, 3.1589023064e-11],
        "dvar2": [9.26999655348e-06, 0.000102613674244, 2.27948276006e-05, 8.05544573268e-07, 1.70008433997e-07, 7.59534430017e-07, 2.3072800559e-06, 1.03969182419e-06, 9.10045017122e-08, 3.52093181277e-08, 7.27903781694e-08, 3.11751904292e-08, 2.10087982566e-08, 1.31426247663e-08, 2.0049464311e-08, 1.08162776513e-08, 1.49496965918e-08, 4.10924672067e-09, 4.61925164785e-09, 4.10361344905e-09, 4.93462826157e-09, 5.95315619023e-09, 1.556141771e-09, 2.01931427135e-09, 2.60014876297e-09, 3.59441942877e-09, 1.32410116205e-09, 5.09686681749e-10, 4.72743177937e-10, 3.75275616138e-10, 4.31651270283e-10, 7.29046656378e-10, 8.66720251125e-10, 3.51216583594e-10, 3.39120009851e-10, 3.45133699398e-10, 1.37971772896e-10, 8.74716826749e-11, 6.97715357711e-11, 6.37372932211e-11],
        "max": [0.0316748395562, 0.0622697472572, 0.0262011941522, 0.00718451850116, 0.00533319078386, 0.0089167021215, 0.0128185926005, 0.00858518853784, 0.00746636325493, 0.00345865660347, 0.00658073974773, 0.00294830976054, 0.00234494451433, 0.0017707569059, 0.00491228047758, 0.00244724540971, 0.00231311214156, 0.000689350126777, 0.000921206432395, 0.000708641775418, 0.000646050379146, 0.000602747895755, 0.000441808224423, 0.00037424225593, 0.000415672926465, 0.00064702326199, 0.00034631032031, 0.000291768083116, 0.000311979529215, 0.00021494885732, 0.000291711097816, 0.000255373801338, 0.000348981178831, 0.000315188255627, 0.000491717306431, 0.000352280127117, 0.000233565238887, 0.000275804050034, 0.000168325845152, 8.13454171293e-05],
        "mean": [0.00240625184961, 0.00305709172972, 0.00116784207057, 0.000382479891414, 0.000198020323296, 0.000232987542404, 0.000296324869851, 0.000181187017006, 7.99516637926e-05, 5.20234716532e-05, 7.25207428331e-05, 4.84921511088e-05, 3.56525088137e-05, 3.16845871566e-05, 1.97311564989e-05, 2.08818401006e-05, 2.29222841881e-05, 1.53272267198e-05, 1.77623969648e-05, 1.29497066155e-05, 1.44467803693e-05, 1.3958127056e-05, 9.89396266959e-06, 9.1535393949e-06, 1.05425651782e-05, 1.25411315821e-05, 9.54502593231e-06, 6.70706549499e-06, 6.70415056447e-06, 6.09431162957e-06, 5.86627584198e-06, 7.04553849573e-06, 7.03209298081e-06, 5.88429793424e-06, 5.54738153369e-06, 5.28128157384e-06, 3.97553185394e-06, 3.09020470013e-06, 3.36369680554e-06, 3.16836849379e-06],
        "median": [0.00111005397048, 0.00154001417104, 0.00051529268967, 0.00020127776952, 8.14032391645e-05, 7.0519032306e-05, 5.87267641095e-05, 3.79133452952e-05, 2.31053909374e-05, 1.20205386338e-05, 1.48941307998e-05, 1.11391409519e-05, 4.3265235945e-06, 4.31286298408e-06, 2.96049984172e-06, 2.91987430501e-06, 2.63150195678e-06, 2.34323215409e-06, 2.32734100791e-06, 1.29428337914e-06, 1.65880078384e-06, 1.16024648378e-06, 1.15871944217e-06, 1.51179085606e-06, 1.54502492933e-06, 1.80239635483e-06, 1.36315225063e-06, 1.05708954834e-06, 9.6201586075e-07, 8.00965210601e-07, 7.37646814741e-07, 7.49246851228e-07, 7.39052325116e-07, 7.58384999244e-07, 7.13083863957e-07, 5.09194421738e-07, 3.79488454882e-07, 2.9912627042e-07, 2.99505927615e-07, 2.30657093425e-07],
        "min": [4.3028544293e-24, 1.00031065324e-23, 1.03110383868e-23, 5.50610041816e-24, 4.41650995865e-24, 8.08741541096e-24, 7.93089515217e-24, 1.09545832247e-23, 1.21796857882e-23, 3.47171570716e-24, 2.48168205768e-24, 6.5643040744e-24, 9.76665020927e-24, 1.10764519793e-23, 4.16311600298e-24, 4.11836116282e-24, 5.29120445239e-24, 1.78186213109e-23, 1.45614067446e-23, 7.70382311833e-24, 6.09920115102e-24, 1.02114510084e-23, 7.76744396147e-24, 1.05684318673e-23, 1.06988644959e-23, 8.22145234509e-24, 1.46367745155e-23, 1.98215991027e-23, 1.03255171399e-23, 1.71360436354e-23, 1.15151083409e-23, 7.78466163959e-24, 8.95754240006e-24, 8.38306943419e-24, 7.17279351137e-24, 8.60073824604e-24, 9.30366064425e-24, 1.26119507987e-23, 1.12939740631e-23, 8.44776391702e-24],
        "var": [9.30956684897e-06, 2.8846812711e-05, 5.609856089e-06, 3.12976766281e-07, 9.51519467662e-08, 2.92342832608e-07, 7.62916840813e-07, 2.64280373585e-07, 3.64837404732e-08, 1.86352036025e-08, 4.07759870313e-08, 1.74864460689e-08, 1.27043504605e-08, 7.73619213135e-09, 6.04716232644e-09, 5.58604806855e-09, 9.12798370223e-09, 1.66723113093e-09, 2.6215858373e-09, 1.81822312761e-09, 2.35608155208e-09, 2.49061349322e-09, 8.27983903662e-10, 9.22191878416e-10, 1.25485632996e-09, 1.9960626485e-09, 8.51523573875e-10, 2.70607036779e-10, 2.68268990355e-10, 2.21831067404e-10, 2.40946818053e-10, 3.55984297595e-10, 4.40097513987e-10, 2.4515278696e-10, 2.69248234819e-10, 2.2728781357e-10, 1.19616275218e-10, 6.25013790723e-11, 5.80910250458e-11, 4.61846810795e-11]
    },
    "mfcc": {
        "mean": [-697.114257812, 103.636749268, 42.5345573425, 31.7298297882, 8.8684797287, 9.2068901062, 5.66199684143, 5.97176456451, 2.57073783875, 6.32815361023, 3.11164402962, -0.382827907801, 2.18465232849],
        "cov": [[13378.3417969, -1304.95031738, -1568.18981934, -569.710266113, -492.975708008, -299.359832764, -395.452758789, -117.635803223, -207.231719971, -92.8820037842, -74.7114181519, -78.8676834106, 9.44629955292], [-1304.95031738, 1820.23376465, -64.2302932739, 10.5244998932, -1.31613016129, 58.5416946411, 128.953826904, 16.958278656, -5.25082778931, 72.4588623047, 55.5927047729, 19.0462818146, 11.3417034149], [-1568.18981934, -64.2302932739, 1218.02294922, 238.994445801, 211.07963562, 84.8627243042, 107.326751709, 37.7903862, 74.295135498, -10.5964345932, 20.3501224518, 30.7496318817, -7.62759017944], [-569.710266113, 10.5244998932, 238.994445801, 471.962799072, 166.110839844, 81.8146362305, 15.5277872086, 53.1104164124, 61.1043663025, 11.5300626755, 10.3617630005, 32.3596954346, 5.95527505875], [-492.975708008, -1.31613016129, 211.07963562, 166.110839844, 288.379180908, 71.9017181396, 55.4768753052, 53.644695282, 45.6920166016, 15.7688179016, 4.83438491821, 6.24734401703, 18.2128410339], [-299.359832764, 58.5416946411, 84.8627243042, 81.8146362305, 71.9017181396, 227.494934082, 100.005554199, 35.9074363708, 12.9822320938, 30.9034004211, 9.19002437592, -0.128887251019, -1.81522071362], [-395.452758789, 128.953826904, 107.326751709, 15.5277872086, 55.4768753052, 100.005554199, 204.92326355, 57.5840415955, 23.3948326111, 31.4459133148, 20.4882793427, -3.94416475296, 5.27112102509], [-117.635803223, 16.958278656, 37.7903862, 53.1104164124, 53.644695282, 35.9074363708, 57.5840415955, 163.093383789, 48.4184036255, 18.1342391968, 3.23299765587, 13.7598142624, 8.41106891632], [-207.231719971, -5.25082778931, 74.295135498, 61.1043663025, 45.6920166016, 12.9822320938, 23.3948326111, 48.4184036255, 111.874755859, 26.5547981262, 3.67609190941, 5.18688821793, -1.2775336504], [-92.8820037842, 72.4588623047, -10.5964345932, 11.5300626755, 15.7688179016, 30.9034004211, 31.4459133148, 18.1342391968, 26.5547981262, 100.222961426, 35.0728225708, -8.44308280945, -1.05563569069], [-74.7114181519, 55.5927047729, 20.3501224518, 10.3617630005, 4.83438491821, 9.19002437592, 20.4882793427, 3.23299765587, 3.67609190941, 35.0728225708, 77.2123184204, 28.1439800262, 4.70882415771], [-78.8676834106, 19.0462818146, 30.7496318817, 32.3596954346, 6.24734401703, -0.128887251019, -3.94416475296, 13.7598142624, 5.18688821793, -8.44308280945, 28.1439800262, 89.662071228, 31.7909145355], [9.44629955292, 11.3417034149, -7.62759017944, 5.95527505875, 18.2128410339, -1.81522071362, 5.27112102509, 8.41106891632, -1.2775336504, -1.05563569069, 4.70882415771, 31.7909145355, 78.7695236206]],
