{
"lowlevel": {
    "average_loudness": 0.914192974567,
    "barkbands_crest": {
        "dmean": 2.51969122887,
        "dmean2": 3.9366877079,
        "dvar": 5.37003660202,
        "dvar2": 11.8678636551,
        "max": 25.5056171417,
        "mean": 9.57870960236,
        "median": 8.78719997406,
        "min": 2.48790383339,
        "var": 17.9417972565
    },
    "barkbands_flatness_db": {
        "dmean": 0.0186092387885,
        "dmean2": 0.0278608165681,
        "dvar": 0.000339149381034,
        "dvar2": 0.00070890202187,
        "max": 0.324017703533,
        "mean": 0.13633915782,
        "median": 0.131921112537,
        "min": 0.0510844811797,
        "var": 0.00154170684982
    },
    "barkbands_kurtosis": {
        "dmean": 1.98841881752,
        "dmean2": 3.05132055283,
        "dvar": 19.8293437958,
        "dvar2": 43.8364486694,
        "max": 97.9835357666,
        "mean": 1.35332345963,
        "median": -0.67836022377,
        "min": -1.95210516453,
        "var": 38.7767562866
    },
    "barkbands_skewness": {
        "dmean": 0.569957196712,
        "dmean2": 0.842696607113,
        "dvar": 0.342985242605,
        "dvar2": 0.704431831837,
        "max": 9.24002742767,
        "mean": 0.808325946331,
        "median": 0.662471830845,
        "min": -4.01953983307,
        "var": 1.89109122753
    },
    "barkbands_spread": {
        "dmean": 7.32294750214,
        "dmean2": 11.3059415817,
        "dvar": 46.8752212524,
        "dvar2": 103.354682922,
        "max": 109.836120605,
        "mean": 38.0597038269,
        "median": 39.3762359619,
        "min": 1.59361171722,
        "var": 225.687362671
    },
    "dissonance": {
        "dmean": 0.0066023725085,
        "dmean2": 0.0112493783236,
        "dvar": 5.7511148043e-05,
        "dvar2": 0.000156202135258,
        "max": 0.500000059605,
        "mean": 0.488087534904,
        "median": 0.490952640772,
        "min": 0.366289556026,
        "var": 0.000111870096589
    },
    "dynamic_complexity": 3.05142664909,
    "erbbands_crest": {
        "dmean": 2.16269874573,
        "dmean2": 3.52859830856,
        "dvar": 4.3745932579,
        "dvar2": 10.6884994507,
        "max": 28.2840328217,
        "mean": 7.72237825394,
        "median": 6.96938323975,
        "min": 2.6985206604,
        "var": 11.0628929138
    },
    "erbbands_flatness_db": {
        "dmean": 0.0132984546944,
        "dmean2": 0.020011479035,
        "dvar": 0.000158656403073,
        "dvar2": 0.000325143919326,
        "max": 0.330400794744,
        "mean": 0.179960131645,
        "median": 0.174227446318,
        "min": 0.0476342961192,
        "var": 0.00110616208985
    },
    "erbbands_kurtosis": {
        "dmean": 1.1857894659,
        "dmean2": 1.86094331741,
        "dvar": 2.13077878952,
        "dvar2": 4.86985349655,
        "max": 48.8500213623,
        "mean": 1.29000365734,
        "median": 0.725370883942,
        "min": -1.7485897541,
        "var": 6.63389110565
    },
    "erbbands_skewness": {
        "dmean": 0.339450716972,
        "dmean2": 0.515424311161,
        "dvar": 0.0979944393039,
        "dvar2": 0.220076411963,
        "max": 2.5713660717,
        "mean": -0.999176859856,
        "median": -1.04127919674,
        "min": -4.92593812943,
        "var": 0.462447434664
    },
    "erbbands_spread": {
        "dmean": 9.00428009033,
        "dmean2": 14.1228113174,
        "dvar": 79.2727584839,
        "dvar2": 183.300598145,
        "max": 115.885566711,
        "mean": 39.9453620911,
        "median": 37.4643554688,
        "min": 3.47607064247,
        "var": 319.94744873
    },
    "hfc": {
        "dmean": 7.05159807205,
        "dmean2": 10.3655872345,
        "dvar": 111.894859314,
        "dvar2": 222.567749023,
        "max": 162.455673218,
        "mean": 21.6667556763,
        "median": 15.7752323151,
        "min": 1.07834937334e-16,
        "var": 393.092102051
    },
    "melbands_crest": {
        "dmean": 3.74545907974,
        "dmean2": 6.02295541763,
        "dvar": 11.4580926895,
        "dvar2": 27.4382133484,
        "max": 38.9678115845,
        "mean": 15.865067482,
        "median": 15.7195167542,
        "min": 1.55368876457,
        "var": 38.9838752747
    },
    "melbands_flatness_db": {
        "dmean": 0.0265636201948,
        "dmean2": 0.0389704555273,
        "dvar": 0.000685897597577,
        "dvar2": 0.00138058897574,
        "max": 0.427645802498,
        "mean": 0.167650893331,
        "median": 0.161676764488,
        "min": 0.00299225049093,
        "var": 0.00414554635063
    },
    "melbands_kurtosis": {
        "dmean": 6.88829231262,
        "dmean2": 10.5117740631,
        "dvar": 177.310440063,
        "dvar2": 398.562774658,
        "max": 283.118560791,
        "mean": 11.0040063858,
        "median": 4.30323314667,
        "min": -1.9375834465,
        "var": 388.994689941
    },
    "melbands_skewness": {
        "dmean": 0.823078989983,
        "dmean2": 1.23656737804,
        "dvar": 0.7888931036,
        "dvar2": 1.64729559422,
        "max": 14.381606102,
        "mean": 2.59081673622,
        "median": 2.27899026871,
        "min": -1.83248150349,
        "var": 3.68749928474
    },
    "melbands_spread": {
        "dmean": 13.8946208954,
        "dmean2": 21.3285713196,
        "dvar": 214.22769165,
        "dvar2": 465.075561523,
        "max": 232.569824219,
        "mean": 48.8696174622,
        "median": 43.4436950684,
        "min": 1.17108952999,
        "var": 1015.3125
    },
    "pitch_salience": {
        "dmean": 0.0765243545175,
        "dmean2": 0.122185580432,
        "dvar": 0.00522164721042,
        "dvar2": 0.0119386017323,
        "max": 0.839214384556,
        "mean": 0.564832746983,
        "median": 0.573905467987,
        "min": 0.0455067865551,
        "var": 0.0146779892966
    },
    "silence_rate_20dB": {
        "dmean": 0,
        "dmean2": 0,
        "dvar": 0,
        "dvar2": 0,
        "max": 1,
        "mean": 1,
        "median": 1,
        "min": 1,
        "var": 0
    },
    "silence_rate_30dB": {
        "dmean": 0,
        "dmean2": 0,
        "dvar": 0,
        "dvar2": 0,
        "max": 1,
        "mean": 1,
        "median": 1,
        "min": 1,
        "var": 0
    },
    "silence_rate_60dB": {
        "dmean": 0.020912816748,
        "dmean2": 0.0418315418065,
        "dvar": 0.0204755887389,
        "dvar2": 0.0465778373182,
        "max": 1,
        "mean": 0.0914100036025,
        "median": 0,
        "min": 0,
        "var": 0.0830594152212
    },
    "spectral_centroid": {
        "dmean": 316.027587891,
        "dmean2": 482.680908203,
        "dvar": 113482.3125,
        "dvar2": 245018.921875,
        "max": 11942.3232422,
        "mean": 2539.24121094,
        "median": 2558.65966797,
        "min": 245.713088989,
        "var": 1424406.75
    },
    "spectral_complexity": {
        "dmean": 5.12448787689,
        "dmean2": 7.5895986557,
        "dvar": 32.6152572632,
        "dvar2": 60.070854187,
        "max": 61,
        "mean": 22.3533477783,
        "median": 21,
        "min": 0,
        "var": 175.399139404
    },
    "spectral_decrease": {
        "dmean": 1.11307307815e-09,
        "dmean2": 1.70105673991e-09,
        "dvar": 1.73171543368e-18,
        "dvar2": 4.02458812696e-18,
        "max": 1.24738775083e-28,
        "mean": -3.90051280164e-09,
        "median": -3.66494568027e-09,
        "min": -1.70702811886e-08,
        "var": 6.43348530887e-18
    },
    "spectral_energy": {
        "dmean": 0.00459708599374,
        "dmean2": 0.00696704536676,
        "dvar": 2.91206943075e-05,
        "dvar2": 6.63504833938e-05,
        "max": 0.066738076508,
        "mean": 0.0166866648942,
        "median": 0.0158354751766,
        "min": 1.00734773933e-20,
        "var": 0.000113793605124
    },
    "spectral_energyband_high": {
        "dmean": 0.000745815748814,
        "dmean2": 0.00109207304195,
        "dvar": 1.78353695901e-06,
        "dvar2": 3.6405829178e-06,
        "max": 0.0234567690641,
        "mean": 0.0015685884282,
        "median": 0.000867024122272,
        "min": 7.22046441374e-21,
        "var": 4.10527809436e-06
    },
    "spectral_energyband_low": {
        "dmean": 0.00301031162962,
        "dmean2": 0.00466745207086,
        "dvar": 1.995016828e-05,
        "dvar2": 4.56740926893e-05,
        "max": 0.0575090385973,
        "mean": 0.00648682750762,
        "median": 0.00388967222534,
        "min": 1.74100039838e-23,
        "var": 5.18525739608e-05
    },
    "spectral_energyband_middle_high": {
        "dmean": 0.00153001211584,
        "dmean2": 0.00232340674847,
        "dvar": 4.21630829806e-06,
        "dvar2": 9.04361786525e-06,
        "max": 0.0326180905104,
        "mean": 0.00468628434464,
        "median": 0.00355012342334,
        "min": 1.09722196302e-21,
        "var": 1.78396458068e-05
    },
    "spectral_energyband_middle_low": {
        "dmean": 0.00207062531263,
        "dmean2": 0.00330482469872,
        "dvar": 7.43215878174e-06,
        "dvar2": 1.87439782167e-05,
        "max": 0.0337689295411,
        "mean": 0.00538239162415,
        "median": 0.00423850119114,
        "min": 1.51845323913e-22,
        "var": 2.17162305489e-05
    },
    "spectral_entropy": {
        "dmean": 0.10653321445,
        "dmean2": 0.157305687666,
        "dvar": 0.0107668684795,
        "dvar2": 0.0216132905334,
        "max": 9.82465362549,
        "mean": 7.75289535522,
        "median": 7.74782419205,
        "min": 6.22476053238,
        "var": 0.105857662857
    },
    "spectral_flux": {
        "dmean": 0.0166394673288,
        "dmean2": 0.0253584105521,
        "dvar": 0.000292863725917,
        "dvar2": 0.000620393839199,
        "max": 0.201293885708,
        "mean": 0.0702512338758,
        "median": 0.0682778507471,
        "min": 6.35488953127e-11,
        "var": 0.00111628184095
    },
    "spectral_kurtosis": {
        "dmean": 1.47413575649,
        "dmean2": 2.5940425396,
        "dvar": 2.5543794632,
        "dvar2": 7.74720096588,
        "max": 23.5270080566,
        "mean": 2.41200876236,
        "median": 1.91999650002,
        "min": -1.27547395229,
        "var": 4.2183470726
    },
    "spectral_rms": {
        "dmean": 0.000538922089618,
        "dmean2": 0.000797853630502,
        "dvar": 3.19147886785e-07,
        "dvar2": 6.80739333347e-07,
        "max": 0.00806909613311,
        "mean": 0.00375675782561,
        "median": 0.00393055239692,
        "min": 3.1349295989e-12,
        "var": 2.16640546569e-06
    },
    "spectral_rolloff": {
        "dmean": 679.948974609,
        "dmean2": 1079.98083496,
        "dvar": 701696.5,
        "dvar2": 1470814.75,
        "max": 19509.0820312,
        "mean": 2990.7121582,
        "median": 3143.84765625,
        "min": 21.533203125,
        "var": 5666410
    },
    "spectral_skewness": {
        "dmean": 0.197970792651,
        "dmean2": 0.337965816259,
        "dvar": 0.0361863933504,
        "dvar2": 0.10195761919,
        "max": 3.0145406723,
        "mean": 0.587227523327,
        "median": 0.553331196308,
        "min": -0.245700955391,
        "var": 0.0907205194235
    },
    "spectral_spread": {
        "dmean": 312958.46875,
        "dmean2": 486693.84375,
        "dvar": 324274814976,
        "dvar2": 625751097344,
        "max": 43061352,
        "mean": 3827474.75,
        "median": 3343895,
        "min": 1508800.75,
        "var": 1.80207411528e+13
    },
    "spectral_strongpeak": {
        "dmean": 0.528365015984,
        "dmean2": 0.914086401463,
        "dvar": 1.77582621574,
        "dvar2": 4.51415634155,
        "max": 17.034822464,
        "mean": 0.741993188858,
        "median": 0.353011488914,
        "min": 0,
        "var": 2.07243418694
    },
    "zerocrossingrate": {
        "dmean": 0.0122929997742,
        "dmean2": 0.0141870686784,
        "dvar": 0.000137935348903,
        "dvar2": 0.000165372810443,
        "max": 0.52001953125,
        "mean": 0.091908082366,
        "median": 0.08544921875,
        "min": 0.00439453125,
        "var": 0.00359096378088
    },
    "barkbands": {
        "dmean": [7.25872305338e-05, 0.00215503806248, 0.00115170737263, 0.00121293147095, 0.00100484327413, 0.00023022822279, 0.000165810633916, 0.000112770176202, 0.000186001125257, 0.000108798580186, 9.44513449213e-05, 0.000139900279464, 0.000153809829499, 0.000295237201499, 0.000156434049131, 0.00019283797883, 0.000569175928831, 0.000249402743066, 0.00048063043505, 0.000450345512945, 0.000337355362717, 0.00022013594571, 9.8415017419e-05, 3.45548760379e-05, 3.63623780686e-06, 5.99636734933e-07, 2.60595207635e-08],
        "dmean2": [9.4846043794e-05, 0.00335422623903, 0.00193975307047, 0.00185544975102, 0.0017090375768, 0.000383421691367, 0.000285838817945, 0.000184771924978, 0.000296903803246, 0.00017912950716, 0.000152548367623, 0.000224584509851, 0.000251250283327, 0.000469081278425, 0.000247409217991, 0.000307062902721, 0.000907779554836, 0.000403395708418, 0.000761865987442, 0.000729940657038, 0.000518418732099, 0.000324407796143, 0.000143557466799, 5.41735207662e-05, 5.53929749003e-06, 9.11442498364e-07, 4.36154010686e-08],
        "dvar": [2.64445780829e-08, 1.5040782273e-05, 5.20081357536e-06, 2.927428568e-06, 3.22329515257e-06, 1.2687887363e-07, 1.2601663002e-07, 8.22125088007e-08, 1.17568085045e-07, 5.69238274295e-08, 5.7043013868e-08, 1.49422078266e-07, 9.42413862504e-08, 2.46219400424e-07, 8.72938770158e-08, 1.59987621373e-07, 9.30850262648e-07, 2.16996781432e-07, 6.8533324793e-07, 4.79636014461e-07, 4.23610885036e-07, 2.06476471476e-07, 8.69332623665e-08, 1.95568130579e-08, 1.0421871699e-10, 3.25274139221e-12, 5.55285958748e-15],
        "dvar2": [4.10821137109e-08, 3.19343198498e-05, 1.38778896144e-05, 6.65874085826e-06, 8.67695416673e-06, 3.19779502433e-07, 3.37901781222e-07, 1.73582250795e-07, 2.47502441653e-07, 1.42812609738e-07, 1.39615522698e-07, 3.71956843992e-07, 2.34985918723e-07, 5.60653006687e-07, 1.95881440845e-07, 3.44214186043e-07, 2.17274987335e-06, 5.26084420471e-07, 1.57546662649e-06, 1.21634172956e-06, 9.74901240625e-07, 4.42289433522e-07, 1.71003165406e-07, 4.68897347616e-08, 2.59850141404e-10, 8.3839185594e-12, 1.4029550701e-14],
        "max": [0.00306192948483, 0.0538911372423, 0.0266102813184, 0.0290053486824, 0.028763204813, 0.00633813906461, 0.00701598264277, 0.00846070144325, 0.0111944768578, 0.0033650030382, 0.00660553853959, 0.0133616803214, 0.00558856222779, 0.0132725229487, 0.0104790236801, 0.0169852413237, 0.0182290524244, 0.00848545506597, 0.0230807233602, 0.0106851207092, 0.0132004497573, 0.00995719991624, 0.0130430832505, 0.00452931923792, 0.000255669758189, 4.49755352747e-05, 1.39111307362e-06],
        "mean": [0.000105084334791, 0.00334036839195, 0.00166170147713, 0.00287895835936, 0.00144889904186, 0.000358538905857, 0.000206637138035, 0.000141344309668, 0.000293023011182, 0.000141489988891, 0.000123311721836, 0.00020223595493, 0.000236795836827, 0.000527464551851, 0.000252730591455, 0.000325558125041, 0.00105634192005, 0.000400116288802, 0.000886479276232, 0.000890864175744, 0.000605939188972, 0.00037100201007, 0.000169073508005, 5.47762901988e-05, 6.91107106832e-06, 9.92360355667e-07, 3.03954230674e-08],
        "median": [1.06856987259e-05, 0.00110594043508, 0.000545307178982, 0.00156934605911, 0.000920411432162, 0.000229725817917, 0.000112102243293, 5.82239736104e-05, 0.000141094293213, 5.93687873334e-05, 4.40422591055e-05, 7.31631735107e-05, 8.67916533025e-05, 0.000289926334517, 0.000127646810142, 0.000176967325388, 0.000588428345509, 0.000216436892515, 0.000519246212207, 0.000552362413146, 0.000310355826514, 0.000170439190697, 4.77535504615e-05, 1.09614429675e-05, 1.83433826351e-06, 2.89284287192e-07, 9.85399495335e-09],
        "min": [3.6093095658e-25, 2.9064881911e-24, 1.34346009831e-24, 1.21328207451e-24, 5.93448659958e-24, 6.86821747131e-24, 1.12361024382e-23, 9.6973740223e-24, 1.71881289656e-23, 1.74571841768e-23, 1.86156421933e-23, 2.47958640925e-23, 2.75776337689e-23, 3.74624174764e-23, 3.76064287678e-23, 7.29721959532e-23, 7.85628973647e-23, 6.89458309603e-23, 1.3735285099e-22, 1.63898247642e-22, 2.47118163273e-22, 2.98771992797e-22, 3.89093663436e-22, 5.66417579001e-22, 8.86871205518e-22, 1.34291742511e-21, 1.88897961597e-21],
        "var": [6.04443002317e-08, 3.02865719277e-05, 7.29553084966e-06, 1.24218022393e-05, 3.62333594239e-06, 1.92291906842e-07, 1.2012804973e-07, 1.19302924872e-07, 2.94778658372e-07, 7.06332912159e-08, 8.00705848292e-08, 2.44523960191e-07, 1.78656094363e-07, 5.82718939768e-07, 1.82464432896e-07, 3.42798443853e-07, 2.24440850616e-06, 3.65506650724e-07, 1.42576982398e-06, 1.0280235756e-06, 7.27235430986e-07, 3.71203981331e-07, 2.22218631052e-07, 3.1369243203e-08, 2.13039710872e-10, 4.80188415072e-12, 5.72863290008e-15]
    },
    "erbbands": {
        "dmean": [0.0675991922617, 0.510639429092, 1.26352632046, 2.6187915802, 3.40309906006, 4.13220071793, 2.08064341545, 1.86257338524, 2.10787320137, 2.72935652733, 2.48664450645, 4.77625703812, 3.66237950325, 3.42092728615, 3.71725177765, 5.74512434006, 7.41444349289, 12.5564031601, 10.9382991791, 6.81681489944, 13.9754104614, 29.7158298492, 14.7173194885, 15.816327095, 24.7034053802, 22.0093994141, 13.1886587143, 13.5348529816, 8.58133506775, 4.3301949501, 2.60946083069, 1.21967339516, 0.28246152401, 0.0974813103676, 0.0167882889509, 0.00373555161059, 0.000822441012133, 0.000133838897455, 6.31061311651e-06, 6.19076490693e-06],
        "dmean2": [0.0957176759839, 0.809055745602, 2.09688591957, 4.15882730484, 5.44330739975, 7.18283319473, 3.43613386154, 3.12610077858, 3.56754136086, 4.70823669434, 4.03718423843, 7.55885028839, 5.92960548401, 5.66521835327, 6.0035533905, 9.09903335571, 11.9318552017, 19.9397945404, 17.3442211151, 10.7374429703, 22.0537185669, 47.2658653259, 23.3319320679, 24.8703937531, 39.570602417, 35.7840003967, 20.7665958405, 20.6005630493, 12.6602983475, 6.27129077911, 3.86289620399, 1.88480567932, 0.439987540245, 0.154932498932, 0.0256050229073, 0.00560309598222, 0.00126612570602, 0.000211472186493, 9.32268085307e-06, 9.24502728594e-06],
        "dvar": [0.019415544346, 0.807406425476, 6.00899171829, 14.5634307861, 23.7733516693, 65.3729782104, 9.73294639587, 10.1035661697, 16.7163143158, 48.1308250427, 39.4415473938, 89.7085342407, 51.8430213928, 71.5024795532, 74.965057373, 252.882537842, 215.20741272, 438.212158203, 415.498657227, 184.669631958, 757.629150391, 2403.71240234, 702.921447754, 785.47088623, 1775.96386719, 1242.28869629, 649.926757812, 671.87121582, 329.71206665, 96.2319107056, 73.0657043457, 22.0373725891, 1.17694997787, 0.183290600777, 0.00270941155031, 0.000122254466987, 5.7224556258e-06, 1.45643511473e-07, 1.49874626598e-10, 5.71962269214e-11],
        "dvar2": [0.0361271090806, 1.79692256451, 15.5241861343, 37.0897064209, 58.0973739624, 180.811645508, 24.4359054565, 25.5809192657, 42.5690040588, 127.408096313, 90.3513183594, 177.172195435, 124.463302612, 182.061904907, 189.719985962, 614.193725586, 519.749328613, 991.669433594, 949.784667969, 402.236053467, 1632.20019531, 5542.02832031, 1607.53063965, 1791.97290039, 4066.47558594, 3175.59570312, 1512.16125488, 1506.11254883, 720.390380859, 176.83480835, 160.160507202, 51.7048149109, 3.24209427834, 0.533503174782, 0.00705226650462, 0.000311585929012, 1.40237680171e-05, 3.6428039607e-07, 3.34850702721e-10, 1.2186443521e-10],
        "max": [2.33353042603, 10.1523885727, 27.0684318542, 58.8818664551, 73.3524017334, 130.353637695, 44.7466087341, 72.5875167847, 101.885734558, 124.2602005, 155.309921265, 357.817474365, 125.613563538, 214.831848145, 207.016891479, 566.382446289, 310.104309082, 501.787078857, 563.081726074, 582.567260742, 1167.37573242, 1002.42858887, 586.147399902, 432.900146484, 1649.39685059, 643.824401855, 506.445739746, 496.749511719, 445.066375732, 415.917419434, 345.826873779, 145.3644104, 46.3351135254, 18.9504680634, 1.39568424225, 0.276638716459, 0.0586656704545, 0.0075322156772, 0.000238767548581, 0.000110290653538],
        "mean": [0.0967188701034, 0.742991626263, 1.94433557987, 6.02205514908, 7.17336034775, 5.12250995636, 3.23530721664, 2.78029131889, 2.86482834816, 3.13019967079, 3.42459583282, 7.44151115417, 5.36660051346, 4.42806768417, 5.5049996376, 9.01806545258, 12.4415941238, 22.6499938965, 20.0008888245, 12.3026952744, 26.5950603485, 57.4946136475, 28.0391178131, 28.7232780457, 49.6097640991, 43.4342727661, 25.1588764191, 23.3235931396, 14.4063243866, 7.69305229187, 4.39003181458, 2.06389164925, 0.498820692301, 0.164898142219, 0.0317966490984, 0.00679103564471, 0.00134165142663, 0.000200481736101, 1.78740119736e-05, 2.27847558563e-05],
        "median": [0.0176020730287, 0.284917831421, 0.876699209213, 3.85813784599, 4.55624055862, 2.88816452026, 2.0418305397, 1.7428560257, 1.61513221264, 1.4844751358, 1.68531048298, 3.33077454567, 2.52909111977, 1.88859415054, 2.32100772858, 3.56542396545, 5.42024230957, 12.7671136856, 11.6629314423, 7.10467100143, 15.7152328491, 33.5770645142, 16.0336322784, 15.7980041504, 31.153263092, 26.2961883545, 14.6764888763, 11.369310379, 6.71951770782, 3.04077529907, 1.18522572517, 0.407635778189, 0.116411954165, 0.0325702726841, 0.00847272295505, 0.00198074337095, 0.000433231907664, 7.02683173586e-05, 1.32331333589e-05, 2.09468162211e-05],
        "min": [6.90500994393e-23, 5.30109126189e-22, 1.67343868383e-21, 5.54573103877e-21, 1.57880700032e-20, 2.65604221178e-20, 5.32286846769e-20, 5.64639108372e-20, 1.44435932538e-19, 2.37921003161e-19, 2.5177206497e-19, 4.0955653417e-19, 3.08788513069e-19, 6.2360479466e-19, 9.53446837927e-19, 1.05585717444e-18, 1.50992390963e-18, 2.17665815992e-18, 2.74666480451e-18, 2.96794947364e-18, 4.01598793013e-18, 4.63673734902e-18, 4.2064495749e-18, 5.75681103595e-18, 7.98905759419e-18, 7.32153442038e-18, 9.43946503156e-18, 9.88371975032e-18, 1.12737504476e-17, 1.15031019889e-17, 9.5258144157e-18, 1.1248288174e-17, 8.79769612613e-18, 8.32508813751e-18, 6.15635829697e-18, 3.91100340756e-18, 2.25567210639e-18, 1.01455563286e-18, 2.47146600232e-19, 2.74587386475e-20],
        "var": [0.0415949635208, 1.36789703369, 8.37204933167, 46.1624183655, 70.8555679321, 57.5203056335, 15.3441123962, 13.2882165909, 20.0350666046, 42.3883361816, 51.2189445496, 244.374435425, 87.2249145508, 82.2613677979, 108.942588806, 441.754425049, 437.551239014, 1069.58789062, 828.765441895, 376.449768066, 1707.62756348, 5964.46240234, 1518.97790527, 1498.24963379, 4270.31005859, 2573.68212891, 1070.0904541, 1195.97131348, 567.808654785, 248.23449707, 153.814758301, 38.6524810791, 1.94542872906, 0.239707529545, 0.00469053257257, 0.000205837175599, 7.8258335634e-06, 1.80189260846e-07, 3.40403011334e-10, 2.31043656429e-10]
    },
    "gfcc": {
        "mean": [-47.5615997314, 92.8543548584, -150.111312866, 81.1329650879, -49.6380271912, 6.65630626678, -24.269947052, -5.81369972229, -17.7036743164, -5.65358114243, -14.4926691055, -9.05067825317, -9.96521091461],
        "cov": [[22992.7871094, 1053.52954102, -2440.97729492, 1605.85437012, -1130.46240234, 220.187255859, -576.162231445, -177.219070435, -348.699737549, -195.240371704, -354.887908936, -289.997253418, -224.373657227], [1053.52954102, 1045.78674316, -106.012130737, 15.46534729, 226.858596802, -174.059555054, 133.65737915, -75.8502960205, 18.2713127136, -52.3936920166, -62.4200325012, -108.090934753, 2.60622596741], [-2440.97729492, -106.012130737, 776.464477539, 22.0876312256, 72.6217498779, 103.116905212, 41.8658180237, 17.3863811493, 36.9107398987, -21.096118927, 27.8110256195, -18.143825531, 2.43826532364], [1605.85437012, 15.46534729, 22.0876312256, 379.112731934, -34.631652832, 58.1513137817, -60.4309997559, -17.1824493408, -14.0155982971, -33.7910423279, -13.7383174896, -63.5697212219, -14.4993982315], [-1130.46240234, 226.858596802, 72.6217498779, -34.631652832, 336.263702393, -68.8267745972, 98.3451690674, 22.5623340607, 34.9403419495, 10.5886859894, 21.5450363159, -31.1577606201, 22.5442848206], [220.187255859, -174.059555054, 103.116905212, 58.1513137817, -68.8267745972, 203.483169556, 3.88188076019, 38.8892860413, 9.37303829193, 4.20281219482, 36.10105896, 30.6456756592, -8.88362312317], [-576.162231445, 133.65737915, 41.8658180237, -60.4309997559, 98.3451690674, 3.88188076019, 163.105606079, 26.4241199493, 48.8840904236, 18.6262645721, 13.6429262161, 19.3517990112, 17.6659221649], [-177.219070435, -75.8502960205, 17.3863811493, -17.1824493408, 22.5623340607, 38.8892860413, 26.4241199493, 113.716133118, 43.6801948547, 30.6083621979, 30.9143028259, 16.6189308167, 14.8857460022], [-348.699737549, 18.2713127136, 36.9107398987, -14.0155982971, 34.9403419495, 9.37303829193, 48.8840904236, 43.6801948547, 105.444915771, 45.2092704773, 34.4707298279, 29.0767402649, 18.1683597565], [-195.240371704, -52.3936920166, -21.096118927, -33.7910423279, 10.5886859894, 4.20281219482, 18.6262645721, 30.6083621979, 45.2092704773, 87.6846618652, 46.6000862122, 38.9469184875, 16.5022621155], [-354.887908936, -62.4200325012, 27.8110256195, -13.7383174896, 21.5450363159, 36.10105896, 13.6429262161, 30.9143028259, 34.4707298279, 46.6000862122, 106.450119019, 64.122215271, 17.3143730164], [-289.997253418, -108.090934753, -18.143825531, -63.5697212219, -31.1577606201, 30.6456756592, 19.3517990112, 16.6189308167, 29.0767402649, 38.9469184875, 64.122215271, 118.592720032, 28.635269165], [-224.373657227, 2.60622596741, 2.43826532364, -14.4993982315, 22.5442848206, -8.88362312317, 17.6659221649, 14.8857460022, 18.1683597565, 16.5022621155, 17.3143730164, 28.635269165, 56.9974479675]],
        "icov": [[0.000298792554531, -0.00057907961309, 0.000833900878206, -0.00111468404066, 0.000762269773986, -0.000630000722595, 0.000384003244108, -0.000484701740788, 0.000454931840068, -0.000369355722796, 0.000572223390918, -0.000302565167658, 0.000431438820669], [-0.00057907961309, 0.00281020323746, -0.00127940345556, 0.00199520238675, -0.00197539222427, 0.00204573269002, -0.00215940107591, 0.00212147808634, -0.00168318999931, 0.00173149828333, -0.00154585100245, 0.00197647558525, -0.00111854891293], [0.000833900878206, -0.00127940345556, 0.0039424886927, -0.00294794840738, 0.00166563969105, -0.00263994699344, 0.000776993052568, -0.000725622638129, 0.000325995701132, 1.65657675097e-05, 0.000914582400583, 0.000216263040784, 0.00080584891839], [-0.00111468404066, 0.00199520238675, -0.00294794840738, 0.00770988781005, -0.00270654843189, 0.000759144255426, -0.000121629564092, 0.00259336386807, -0.00269192014821, 0.00228207977489, -0.00322584598325, 0.00380004150793, -0.00257444521412], [0.000762269773986, -0.00197539222427, 0.00166563969105, -0.00270654843189, 0.00692430883646, 7.38638555049e-05, -0.0013759941794, -0.00211114576086, 0.0013940804638, -0.000780685630161, -0.00120043300558, 0.00179345149081, -0.000172859377926], [-0.000630000722595, 0.00204573269002, -0.00263994699344, 0.000759144255426, 7.38638555049e-05, 0.00947903469205, -0.00295682065189, -0.00131536065601, -0.000192986481125, 0.00193936226424, -0.00321628549136, -0.000578535022214, 0.00120832992252], [0.000384003244108, -0.00215940107591, 0.000776993052568, -0.000121629564092, -0.0013759941794, -0.00295682065189, 0.0110051166266, -0.00156817422248, -0.0021519404836, -0.000981116201729, 0.00300666270778, -0.00296722934581, 0.000175591398147], [-0.000484701740788, 0.00212147808634, -0.000725622638129, 0.00259336386807, -0.00211114576086, -0.00131536065601, -0.00156817422248, 0.01379554905, -0.00505660194904, -9.49962195591e-05, -0.00280796713196, 0.00368803204037, -0.00316169159487], [0.000454931840068, -0.00168318999931, 0.000325995701132, -0.00269192014821, 0.0013940804638, -0.000192986481125, -0.0021519404836, -0.00505660194904, 0.0168270990252, -0.0068150293082, 0.000733759137802, -0.00270001147874, 0.000318143051118], [-0.000369355722796, 0.00173149828333, 1.65657675097e-05, 0.00228207977489, -0.000780685630161, 0.00193936226424, -0.000981116201729, -9.49962195591e-05, -0.0068150293082, 0.0199856553227, -0.00690975459293, 0.000660620047711, -0.00186030403711], [0.000572223390918, -0.00154585100245, 0.000914582400583, -0.00322584598325, -0.00120043300558, -0.00321628549136, 0.00300666270778, -0.00280796713196, 0.000733759137802, -0.00690975459293, 0.0203268565238, -0.0106024108827, 0.00215699523687], [-0.000302565167658, 0.00197647558525, 0.000216263040784, 0.00380004150793, 0.00179345149081, -0.000578535022214, -0.00296722934581, 0.00368803204037, -0.00270001147874, 0.000660620047711, -0.0106024108827, 0.0201117992401, -0.0073810191825], [0.000431438820669, -0.00111854891293, 0.00080584891839, -0.00257444521412, -0.000172859377926, 0.00120832992252, 0.000175591398147, -0.00316169159487, 0.000318143051118, -0.00186030403711, 0.00215699523687, -0.0073810191825, 0.0231229458004]]
    },
    "melbands": {
        "dmean": [0.000587437883951, 0.000624712149147, 0.000466887693619, 0.000260133529082, 8.94802142284e-05, 4.1792904085e-05, 3.23804197251e-05, 2.87748389383e-05, 2.10057496588e-05, 2.97309561574e-05, 1.82218827831e-05, 1.41792643262e-05, 1.28739338834e-05, 1.43745746755e-05, 1.78100181074e-05, 1.60320469149e-05, 2.61036293523e-05, 2.08004621527e-05, 1.09767679533e-05, 8.96755045687e-06, 2.10865546251e-05, 3.4885819332e-05, 2.86231261271e-05, 7.18911996955e-06, 1.41474411066e-05, 2.17700344365e-05, 1.83866832231e-05, 1.41456039273e-05, 9.26027678361e-06, 8.69846735441e-06, 8.22032870929e-06, 5.40765495316e-06, 3.6528997498e-06, 2.13961857298e-06, 1.56641840476e-06, 1.46947263602e-06, 5.21891990957e-07, 1.59147305112e-07, 2.38445949208e-07, 4.53192754435e-08],
        "dmean2": [0.000868834496941, 0.00100897962693, 0.000729043851607, 0.000442202523118, 0.000149184430484, 6.9911184255e-05, 5.50981712877e-05, 4.91099381179e-05, 3.38986974384e-05, 4.71767853014e-05, 2.96678335872e-05, 2.37081367231e-05, 2.08196470339e-05, 2.30018158618e-05, 2.88338578684e-05, 2.55973336607e-05, 4.15429967688e-05, 3.33616626449e-05, 1.72313866642e-05, 1.43464658322e-05, 3.33412936016e-05, 5.56662344025e-05, 4.56899470009e-05, 1.15273223855e-05, 2.24905961659e-05, 3.51415728801e-05, 2.99969779007e-05, 2.304057125e-05, 1.46611482705e-05, 1.37189836096e-05, 1.25882961584e-05, 8.1578418758e-06, 5.46793944523e-06, 3.12394013235e-06, 2.39531436819e-06, 2.24565633289e-06, 8.1429226384e-07, 2.4449684588e-07, 3.93791935949e-07, 7.00658020492e-08],
        "dvar": [1.2380236285e-06, 1.17827778467e-06, 3.99016784058e-07, 2.09301276755e-07, 1.9496136261e-08, 4.74756367552e-09, 4.03150757222e-09, 5.12428321997e-09, 2.29843610811e-09, 3.36773253728e-09, 1.33613176079e-09, 1.25344945534e-09, 9.80230008274e-10, 2.02731786914e-09, 1.66474656282e-09, 8.66139548972e-10, 1.98617211566e-09, 1.62372681967e-09, 3.93887811256e-10, 3.22828486166e-10, 1.7761860871e-09, 3.88041287991e-09, 3.47146267288e-09, 1.73353997823e-10, 6.87145562672e-10, 1.55210744257e-09, 7.71767039165e-10, 5.45075151681e-10, 3.65426883198e-10, 2.90305141037e-10, 2.80336115432e-10, 1.3664512577e-10, 6.36421540468e-11, 3.13309343747e-11, 3.05792578759e-11, 4.56361302914e-11, 3.74713498077e-12, 1.92845780035e-13, 2.18436401779e-12, 1.80300093838e-14],
        "dvar2": [2.50010862146e-06, 2.86213185063e-06, 9.68380959421e-07, 5.67911513372e-07, 5.097120237e-08, 1.19506058383e-08, 1.04390078803e-08, 1.28541968181e-08, 5.35093169773e-09, 6.79717748753e-09, 3.21756621346e-09, 3.22941895448e-09, 2.40541098151e-09, 5.13661424506e-09, 4.09392386658e-09, 2.03421968159e-09, 4.49791448531e-09, 3.81195652821e-09, 8.91201612507e-10, 7.10947523075e-10, 3.85429732574e-09, 8.85924933414e-09, 7.92318921583e-09, 4.15405432275e-10, 1.58122959171e-09, 3.63261420944e-09, 1.96549176934e-09, 1.38744371547e-09, 8.88284334977e-10, 7.00557722944e-10, 6.442306133e-10, 3.1235528053e-10, 1.37588898608e-10, 5.42179495744e-11, 6.91617943471e-11, 1.08757287898e-10, 8.80307892553e-12, 4.66266402658e-13, 6.42639760851e-12, 4.58962803472e-14],
        "max": [0.0175618045032, 0.0120167378336, 0.0095705576241, 0.00781159149483, 0.00181333476212, 0.00148637930397, 0.00135171273723, 0.0014948034659, 0.00107583473437, 0.00219870312139, 0.000616680481471, 0.000790501770098, 0.000700625823811, 0.00172531534918, 0.00132912793197, 0.000661220634356, 0.00111619476229, 0.00102671491913, 0.000580459251069, 0.000731055333745, 0.00158940430265, 0.0013444054639, 0.00151124608237, 0.000268703355687, 0.000416143302573, 0.00114704086445, 0.00057598692365, 0.000472389539937, 0.000467933627078, 0.000309206312522, 0.00031941049383, 0.00031813752139, 0.000154335357365, 0.000341728504281, 0.000248559605097, 0.000292707700282, 6.30097056273e-05, 1.65879155247e-05, 6.79296572343e-05, 3.37540473083e-06],
        "mean": [0.000887101225089, 0.00101061502937, 0.001134181628, 0.000424108526204, 0.000134754402097, 6.41558581265e-05, 4.32023880421e-05, 3.33144780598e-05, 2.95074587484e-05, 4.63943215436e-05, 2.53192774835e-05, 1.72928448592e-05, 1.77332367457e-05, 2.07686371141e-05, 2.70301188721e-05, 2.6173203878e-05, 4.48443715868e-05, 3.55469856004e-05, 1.80102251761e-05, 1.4654806364e-05, 3.65345076716e-05, 6.20590290055e-05, 4.76815002912e-05, 1.20323711599e-05, 2.31783815252e-05, 3.75383715436e-05, 3.61979327863e-05, 2.60682172666e-05, 1.5764064301e-05, 1.46499542097e-05, 1.30543094201e-05, 8.5713018052e-06, 5.81862514082e-06, 3.62549508282e-06, 2.46709055318e-06, 2.28591375162e-06, 8.11838503978e-07, 2.81892852172e-07, 3.27844730919e-07, 7.94814596361e-08],
        "median": [0.000242514739512, 0.000479820941109, 0.000775962194894, 0.000288718671072, 8.66376067279e-05, 4.11020155298e-05, 2.39855544351e-05, 1.53112487169e-05, 1.47829523485e-05, 2.08959281736e-05, 1.09309876279e-05, 6.8264366746e-06, 6.75925275573e-06, 7.77495915827e-06, 9.59597946348e-06, 1.14889371616e-05, 2.36032974499e-05, 1.961354792e-05, 9.10975541046e-06, 7.65005825087e-06, 1.98427478608e-05, 3.38568643201e-05, 2.29067372857e-05, 6.90054366714e-06, 1.16231440188e-05, 2.16642347368e-05, 2.17703236558e-05, 1.52152961164e-05, 8.90169030754e-06, 6.82918562234e-06, 5.95634719502e-06, 3.8979906094e-06, 2.41571888182e-06, 1.26637110043e-06, 6.68017150929e-07, 3.95252641283e-07, 1.66430936588e-07, 8.11048295191e-08, 3.96798753854e-08, 2.00256309313e-08],
        "min": [1.03654784667e-24, 6.86957924244e-25, 1.48073372873e-24, 1.4298322816e-24, 1.86964649374e-24, 1.27890317309e-24, 2.23183856773e-24, 2.19210936318e-24, 1.85109465461e-24, 2.10303612014e-24, 1.22227282086e-24, 2.27123191476e-24, 2.70851624997e-24, 2.77729821559e-24, 2.98790968057e-24, 3.67230725814e-24, 2.78812828974e-24, 2.40816850436e-24, 3.29291131109e-24, 3.54517088478e-24, 4.1062635864e-24, 4.41599956565e-24, 3.62142257431e-24, 2.35871935016e-24, 4.11026508335e-24, 5.03955466818e-24, 4.20778998491e-24, 4.39824822313e-24, 5.2131620486e-24, 5.70153005781e-24, 5.23406410158e-24, 5.31830300777e-24, 4.96093639593e-24, 6.09064398235e-24, 5.07095093778e-24, 5.26356749943e-24, 5.97016046743e-24, 5.89773593659e-24, 5.59646049055e-24, 6.51160501049e-24],
        "var": [2.61545869762e-06, 1.94589415514e-06, 1.46971717641e-06, 2.56269942156e-07, 2.53158916053e-08, 6.64584831611e-09, 4.57170701296e-09, 5.19092502316e-09, 3.11107428708e-09, 9.0116589746e-09, 2.16667328523e-09, 1.3720836689e-09, 1.45084888548e-09, 2.73369815673e-09, 2.9167674942e-09, 1.82558834716e-09, 4.64055771587e-09, 2.96756708096e-09, 8.59914195406e-10, 6.32371432996e-10, 3.84290999023e-09, 9.05909036675e-09, 6.54049792104e-09, 2.92084634257e-10, 1.19493615003e-09, 2.92117285916e-09, 1.84269910442e-09, 1.01340102976e-09, 5.00913865942e-10, 4.74040695586e-10, 4.44599967953e-10, 2.15365905665e-10, 1.09445924545e-10, 8.66747021377e-11, 5.91156151808e-11, 6.49151635224e-11, 6.12291077215e-12, 4.43853151932e-13, 2.35826549261e-12, 3.23978548795e-14]
    },
    "mfcc": {
        "mean": [-659.45703125, 93.0858535767, -24.7074680328, 62.6255073547, -1.47652947903, 22.3218193054, -0.888347029686, 5.64799880981, -2.52926921844, 3.88562893867, -2.03600811958, 0.0973604768515, -5.82102060318],
        "cov": [[9132.00195312, -79.0394515991, -145.481414795, 675.704101562, -119.864082336, 268.081329346, -131.083877563, 24.366519928, -111.211647034, 41.5215759277, -138.74659729, -69.211265564, -164.021743774], [-79.0394515991, 1132.71142578, -244.238861084, 237.203491211, 19.5367183685, 35.3384857178, 61.8351364136, 5.26956176758, 65.0840148926, 43.2126121521, 1.9936631918, -49.6597442627, 7.08378171921], [-145.481414795, -244.238861084, 604.341308594, -22.4711933136, 53.169708252, 62.5102272034, 9.07689380646, 41.7341575623, -8.42044448853, -14.3973474503, 1.35763394833, 38.1226272583, -35.7284240723], [675.704101562, 237.203491211, -22.4711933136, 330.090087891, 74.6906356812, 52.7984085083, 14.3828678131, -16.2645874023, 22.5940532684, 48.3552474976, -22.8302516937, -32.1613311768, -11.2810249329], [-119.864082336, 19.5367183685, 53.169708252, 74.6906356812, 181.422866821, 7.40357971191, 41.8089599609, -0.882479250431, 4.78014612198, 36.0858955383, -3.27843880653, 12.0896778107, -0.189218088984], [268.081329346, 35.3384857178, 62.5102272034, 52.7984085083, 7.40357971191, 123.356208801, 21.7165813446, 30.4247722626, 4.55039834976, -1.76127326488, 10.2024374008, 14.0724716187, 0.0811556950212], [-131.083877563, 61.8351364136, 9.07689380646, 14.3828678131, 41.8089599609, 21.7165813446, 104.760688782, 28.4519767761, 14.7013568878, 13.8023939133, 6.5955786705, 13.0250329971, 10.1588592529], [24.366519928, 5.26956176758, 41.7341575623, -16.2645874023, -0.882479250431, 30.4247722626, 28.4519767761, 92.2450866699, 21.3179130554, 4.38765668869, 21.2810153961, 27.5055580139, 11.0667228699], [-111.211647034, 65.0840148926, -8.42044448853, 22.5940532684, 4.78014612198, 4.55039834976, 14.7013568878, 21.3179130554, 81.1803207397, 37.7491760254, 10.8040828705, -6.94957828522, 2.65214419365], [41.5215759277, 43.2126121521, -14.3973474503, 48.3552474976, 36.0858955383, -1.76127326488, 13.8023939133, 4.38765668869, 37.7491760254, 90.2200317383, 18.6229095459, 0.308806985617, 2.29209160805], [-138.74659729, 1.9936631918, 1.35763394833, -22.8302516937, -3.27843880653, 10.2024374008, 6.5955786705, 21.2810153961, 10.8040828705, 18.6229095459, 76.4761657715, 41.6800727844, 13.61074543], [-69.211265564, -49.6597442627, 38.1226272583, -32.1613311768, 12.0896778107, 14.0724716187, 13.0250329971, 27.5055580139, -6.94957828522, 0.308806985617, 41.6800727844, 86.2506484985, 32.963848114], [-164.021743774, 7.08378171921, -35.7284240723, -11.2810249329, -0.189218088984, 0.0811556950212, 10.1588592529, 11.0667228699, 2.65214419365, 2.29209160805, 13.61074543, 32.963848114, 76.0395736694]],
