{
"lowlevel": {
    "average_loudness": 0.0385664217174,
    "barkbands_crest": {
        "dmean": 2.2948975563,
        "dmean2": 3.7211022377,
        "dvar": 4.50870418549,
        "dvar2": 11.7583217621,
        "max": 26.8702354431,
        "mean": 11.0971364975,
        "median": 10.198220253,
        "min": 2.85784673691,
        "var": 19.6880874634
    },
    "barkbands_flatness_db": {
        "dmean": 0.0163693670183,
        "dmean2": 0.0255335289985,
        "dvar": 0.000237350075622,
        "dvar2": 0.000548353884369,
        "max": 0.497133672237,
        "mean": 0.202503040433,
        "median": 0.206216722727,
        "min": 0.0442508496344,
        "var": 0.00388467661105
    },
    "barkbands_kurtosis": {
        "dmean": 2.8447470665,
        "dmean2": 4.31212043762,
        "dvar": 113.175933838,
        "dvar2": 206.818084717,
        "max": 922.569763184,
        "mean": 6.79884719849,
        "median": 2.74447584152,
        "min": -1.91909575462,
        "var": 696.915283203
    },
    "barkbands_skewness": {
        "dmean": 0.415406197309,
        "dmean2": 0.648262798786,
        "dvar": 0.253336399794,
        "dvar2": 0.552238643169,
        "max": 29.650894165,
        "mean": 1.25598585606,
        "median": 1.0673353672,
        "min": -4.56027841568,
        "var": 2.30951881409
    },
    "barkbands_spread": {
        "dmean": 2.3460829258,
        "dmean2": 3.70072603226,
        "dvar": 15.5501308441,
        "dvar2": 33.481803894,
        "max": 102.736129761,
        "mean": 10.7098121643,
        "median": 7.3438000679,
        "min": 0.227336347103,
        "var": 94.8746948242
    },
    "dissonance": {
        "dmean": 0.0316600725055,
        "dmean2": 0.0536120086908,
        "dvar": 0.000876652949955,
        "dvar2": 0.00239330460317,
        "max": 0.499999940395,
        "mean": 0.421326100826,
        "median": 0.433137923479,
        "min": 0.18413130939,
        "var": 0.00290202489123
    },
    "dynamic_complexity": 8.43995857239,
    "erbbands_crest": {
        "dmean": 2.5414044857,
        "dmean2": 4.06017923355,
        "dvar": 5.87324237823,
        "dvar2": 14.715344429,
        "max": 31.7463569641,
        "mean": 11.5201749802,
        "median": 10.3427095413,
        "min": 2.27581810951,
        "var": 25.4287910461
    },
    "erbbands_flatness_db": {
        "dmean": 0.013880723156,
        "dmean2": 0.021035078913,
        "dvar": 0.000183977215784,
        "dvar2": 0.000395400536945,
        "max": 0.413848400116,
        "mean": 0.226930782199,
        "median": 0.229893907905,
        "min": 0.0362852104008,
        "var": 0.00280651962385
    },
    "erbbands_kurtosis": {
        "dmean": 1.3945940733,
        "dmean2": 2.17398071289,
        "dvar": 4.8328666687,
        "dvar2": 10.437128067,
        "max": 88.6906433105,
        "mean": 2.81186151505,
        "median": 1.37245607376,
        "min": -1.80930173397,
        "var": 26.3946762085
    },
    "erbbands_skewness": {
        "dmean": 0.325476020575,
        "dmean2": 0.511711716652,
        "dvar": 0.102555811405,
        "dvar2": 0.239814281464,
        "max": 7.92627191544,
        "mean": 0.811605155468,
        "median": 0.729734003544,
        "min": -3.83621668816,
        "var": 0.767206549644
    },
    "erbbands_spread": {
        "dmean": 3.659968853,
        "dmean2": 5.75237798691,
        "dvar": 28.2813587189,
        "dvar2": 62.6804733276,
        "max": 130.244842529,
        "mean": 19.3273162842,
        "median": 15.3076763153,
        "min": 0.910395145416,
        "var": 204.331573486
    },
    "hfc": {
        "dmean": 2.38684821129,
        "dmean2": 3.71235084534,
        "dvar": 33.4201278687,
        "dvar2": 84.3327560425,
        "max": 180.826690674,
        "mean": 10.9056510925,
        "median": 2.01517176628,
        "min": 1.08731740085e-16,
        "var": 351.950134277
    },
    "melbands_crest": {
        "dmean": 2.79461717606,
        "dmean2": 4.55083084106,
        "dvar": 6.53039455414,
        "dvar2": 17.3490924835,
        "max": 39.900844574,
        "mean": 13.9319648743,
        "median": 12.7780570984,
        "min": 1.00372827053,
        "var": 29.8236808777
    },
    "melbands_flatness_db": {
        "dmean": 0.0182441696525,
        "dmean2": 0.02828932181,
        "dvar": 0.000328933383571,
        "dvar2": 0.00073640816845,
        "max": 0.556975662708,
        "mean": 0.279916912317,
        "median": 0.28840649128,
        "min": 6.04006160643e-08,
        "var": 0.00816501304507
    },
    "melbands_kurtosis": {
        "dmean": 3.76745295525,
        "dmean2": 5.86140680313,
        "dvar": 291.710693359,
        "dvar2": 730.106079102,
        "max": 1425.12072754,
        "mean": 8.72552394867,
        "median": 3.80828332901,
        "min": -1.75116634369,
        "var": 1122.55957031
    },
    "melbands_skewness": {
        "dmean": 0.46304666996,
        "dmean2": 0.727153778076,
        "dvar": 0.323744922876,
        "dvar2": 0.776135087013,
        "max": 36.58543396,
        "mean": 1.59228956699,
        "median": 1.36394739151,
        "min": -2.5510661602,
        "var": 2.6978700161
    },
    "melbands_spread": {
        "dmean": 3.18401122093,
        "dmean2": 5.06032848358,
        "dvar": 32.8907699585,
        "dvar2": 72.7401885986,
        "max": 218.740814209,
        "mean": 14.5700702667,
        "median": 9.76641559601,
        "min": 0.375457286835,
        "var": 234.485046387
    },
    "pitch_salience": {
        "dmean": 0.0605366230011,
        "dmean2": 0.0985646694899,
        "dvar": 0.00293041043915,
        "dvar2": 0.00769888423383,
        "max": 0.996026396751,
        "mean": 0.558647572994,
        "median": 0.567929208279,
        "min": 0.00738669605926,
        "var": 0.0130024068058
    },
    "silence_rate_20dB": {
        "dmean": 0,
        "dmean2": 0,
        "dvar": 0,
        "dvar2": 0,
        "max": 1,
        "mean": 1,
        "median": 1,
        "min": 1,
        "var": 0
    },
    "silence_rate_30dB": {
        "dmean": 0.00253324885853,
        "dmean2": 0.00506689911708,
        "dvar": 0.0025267873425,
        "dvar2": 0.00614934414625,
        "max": 1,
        "mean": 0.997546136379,
        "median": 1,
        "min": 0,
        "var": 0.00244782026857
    },
    "silence_rate_60dB": {
        "dmean": 0.0286573786288,
        "dmean2": 0.0573192946613,
        "dvar": 0.0278383921832,
        "dvar2": 0.0641749873757,
        "max": 1,
        "mean": 0.457848489285,
        "median": 0,
        "min": 0,
        "var": 0.248249217868
    },
    "spectral_centroid": {
        "dmean": 105.229675293,
        "dmean2": 164.782440186,
        "dvar": 39563.2890625,
        "dvar2": 80767.5625,
        "max": 11730.1162109,
        "mean": 868.603271484,
        "median": 590.580810547,
        "min": 169.998977661,
        "var": 697872.25
    },
    "spectral_complexity": {
        "dmean": 1.47989237309,
        "dmean2": 2.43828678131,
        "dvar": 3.31524729729,
        "dvar2": 7.92862415314,
        "max": 58,
        "mean": 10.3915138245,
        "median": 7,
        "min": 0,
        "var": 87.0038757324
    },
    "spectral_decrease": {
        "dmean": 8.61877180736e-10,
        "dmean2": 1.37688571655e-09,
        "dvar": 2.74942531301e-18,
        "dvar2": 7.10640542257e-18,
        "max": 1.93808292345e-28,
        "mean": -3.42054007341e-09,
        "median": -1.00742048037e-09,
        "min": -3.59280782902e-08,
        "var": 2.37378055249e-17
    },
    "spectral_energy": {
        "dmean": 0.00342312431894,
        "dmean2": 0.00546440295875,
        "dvar": 4.38852221123e-05,
        "dvar2": 0.000113031856017,
        "max": 0.148088172078,
        "mean": 0.0138990813866,
        "median": 0.00404988927767,
        "min": 1.01053060754e-20,
        "var": 0.000396884221118
    },
    "spectral_energyband_high": {
        "dmean": 5.95349556534e-05,
        "dmean2": 8.6223371909e-05,
        "dvar": 6.93404729191e-08,
        "dvar2": 1.35780766186e-07,
        "max": 0.0153981857002,
        "mean": 0.0002283595677,
        "median": 4.45821660833e-06,
        "min": 6.98434069956e-21,
        "var": 4.1791739136e-07
    },
    "spectral_energyband_low": {
        "dmean": 0.00154552690219,
        "dmean2": 0.00259332428686,
        "dvar": 1.42416392919e-05,
        "dvar2": 3.99293166993e-05,
        "max": 0.0766022950411,
        "mean": 0.00276254420169,
        "median": 0.000235835454077,
        "min": 1.51239860546e-23,
        "var": 3.02459466184e-05
    },
    "spectral_energyband_middle_high": {
        "dmean": 0.00122874206863,
        "dmean2": 0.00197255751118,
        "dvar": 1.28129149743e-05,
        "dvar2": 3.38846766681e-05,
        "max": 0.113171592355,
        "mean": 0.00412299018353,
        "median": 0.000382362137316,
        "min": 1.25392129323e-21,
        "var": 8.2940707216e-05
    },
    "spectral_energyband_middle_low": {
        "dmean": 0.00248129293323,
        "dmean2": 0.00394270988181,
        "dvar": 2.69159427262e-05,
        "dvar2": 6.90294837113e-05,
        "max": 0.110781267285,
        "mean": 0.00750249577686,
        "median": 0.00270578311756,
        "min": 1.54998268422e-22,
        "var": 0.000120018077723
    },
    "spectral_entropy": {
        "dmean": 0.130852043629,
        "dmean2": 0.202295184135,
        "dvar": 0.0182805806398,
        "dvar2": 0.037826038897,
        "max": 9.82484054565,
        "mean": 6.73325300217,
        "median": 6.65644836426,
        "min": 4.50562620163,
        "var": 0.462204307318
    },
    "spectral_flux": {
        "dmean": 0.0103690763935,
        "dmean2": 0.017205523327,
        "dvar": 0.000214697764022,
        "dvar2": 0.000582321139518,
        "max": 0.236219659448,
        "mean": 0.0441317558289,
        "median": 0.0242332369089,
        "min": 6.42608674606e-11,
        "var": 0.00199915119447
    },
    "spectral_kurtosis": {
        "dmean": 4.2584438324,
        "dmean2": 7.24916505814,
        "dvar": 27.9886837006,
        "dvar2": 78.9821853638,
        "max": 117.941223145,
        "mean": 16.9464435577,
        "median": 11.7567558289,
        "min": -1.24756884575,
        "var": 250.133239746
    },
    "spectral_rms": {
        "dmean": 0.000355241500074,
        "dmean2": 0.000554662430659,
        "dvar": 2.32837052749e-07,
        "dvar2": 5.85337772918e-07,
        "max": 0.0120198279619,
        "mean": 0.00283785373904,
        "median": 0.00198774039745,
        "min": 3.13987811446e-12,
        "var": 5.50666391064e-06
    },
    "spectral_rolloff": {
        "dmean": 163.465744019,
        "dmean2": 283.574829102,
        "dvar": 215217.046875,
        "dvar2": 457072.75,
        "max": 19832.0800781,
        "mean": 993.031799316,
        "median": 667.529296875,
        "min": 21.533203125,
        "var": 1679711.75
    },
    "spectral_skewness": {
        "dmean": 0.336167812347,
        "dmean2": 0.558419585228,
        "dvar": 0.128346502781,
        "dvar2": 0.33347055316,
        "max": 8.95445156097,
        "mean": 2.97673153877,
        "median": 2.74166178703,
        "min": -0.126830890775,
        "var": 2.33213353157
    },
    "spectral_spread": {
        "dmean": 283083.875,
        "dmean2": 448947.59375,
        "dvar": 256579862528,
        "dvar2": 483412574208,
        "max": 42280780,
        "mean": 3154380,
        "median": 2917501.25,
        "min": 785538.8125,
        "var": 5.73961299558e+12
    },
    "spectral_strongpeak": {
        "dmean": 0.40988612175,
        "dmean2": 0.683966934681,
        "dvar": 0.673550963402,
        "dvar2": 1.7904869318,
        "max": 13.859828949,
        "mean": 0.958350419998,
        "median": 0.358677387238,
        "min": 0,
        "var": 2.20274424553
    },
    "zerocrossingrate": {
        "dmean": 0.00417969049886,
        "dmean2": 0.00533317076042,
        "dvar": 6.72165915603e-05,
        "dvar2": 9.68797976384e-05,
        "max": 0.52490234375,
        "mean": 0.03758161515,
        "median": 0.0283203125,
        "min": 0,
        "var": 0.00131703936495
    },
    "barkbands": {
        "dmean": [2.19377998292e-05, 0.00123253359925, 0.00048503454309, 0.000324924767483, 0.000797239365056, 0.000444288860308, 0.000530690304004, 0.000491387152579, 0.000926109438296, 0.000750521430746, 0.000348174478859, 0.0002588161733, 0.000211745194974, 0.000463693082565, 0.000134898727993, 6.00374078203e-05, 4.94358100696e-05, 5.90208510403e-05, 8.26248942758e-05, 5.4455085774e-05, 2.37876793108e-05, 2.01597358682e-05, 1.20941504065e-05, 7.33177512302e-06, 3.97726080337e-06, 9.18431908303e-07, 5.28183790038e-08],
        "dmean2": [3.52748174919e-05, 0.0020780810155, 0.000826291099656, 0.000551511533558, 0.00132953585126, 0.000723841832951, 0.000841327186208, 0.000747029727791, 0.00147982162889, 0.00119160173927, 0.000565496506169, 0.000416150491219, 0.000337737466907, 0.000780683883931, 0.000225611525821, 0.000100557488622, 8.31249490147e-05, 9.66200386756e-05, 0.000135131253046, 9.04533299035e-05, 3.8093283365e-05, 3.12633237627e-05, 1.81706327567e-05, 1.08027652459e-05, 5.83372093388e-06, 1.33298897254e-06, 8.82091200083e-08],
        "dvar": [5.15701703563e-09, 1.02646563391e-05, 1.93374057744e-06, 7.93171068381e-07, 4.20415153712e-06, 8.86700547653e-07, 4.69116639579e-06, 2.29052352552e-06, 8.20352488518e-06, 9.85195310932e-06, 1.49192533172e-06, 9.97673737402e-07, 1.09607776722e-06, 5.95385836277e-06, 2.20525919303e-07, 4.0807979218e-08, 2.09679544838e-08, 3.94536705528e-08, 7.18960180279e-08, 3.19883390887e-08, 1.32233086703e-08, 5.79422021474e-09, 3.52861073694e-09, 2.73119127314e-09, 1.68453484495e-09, 2.71797948731e-11, 1.35144079629e-13],
        "dvar2": [1.2021915019e-08, 2.88713854388e-05, 5.4100505622e-06, 2.26014503824e-06, 1.13788009912e-05, 2.37826293414e-06, 1.18886364362e-05, 5.29359158463e-06, 2.0373141524e-05, 2.50571283686e-05, 4.23520668846e-06, 2.41346765506e-06, 2.83898202724e-06, 1.66752670339e-05, 6.15583530816e-07, 1.1221860774e-07, 6.00412164431e-08, 1.03658678086e-07, 1.97054148998e-07, 8.81801582864e-08, 3.66028309884e-08, 1.17852865245e-08, 5.64327340413e-09, 5.16318232613e-09, 3.28159632801e-09, 5.06420461122e-11, 3.87627674099e-13],
        "max": [0.00204329262488, 0.0596578717232, 0.0298649985343, 0.0219300724566, 0.0513602569699, 0.0244352184236, 0.100150808692, 0.0601222924888, 0.0896683484316, 0.0954583287239, 0.0369356609881, 0.0605518482625, 0.042015183717, 0.0770106911659, 0.0150951072574, 0.00601283414289, 0.00316019053571, 0.00816723518074, 0.00799529440701, 0.00482528051361, 0.00853869784623, 0.00405509537086, 0.00444731023163, 0.00463908538222, 0.00393412588164, 0.000406064005801, 2.2131798687e-05],
        "mean": [3.03754204651e-05, 0.00172708986793, 0.000728501123376, 0.000522604153957, 0.00150053109974, 0.000853508070577, 0.000979545759037, 0.00103637517896, 0.00171843334101, 0.00130499037914, 0.000655137060676, 0.000483888143208, 0.000390197295928, 0.000911369686946, 0.000229103912716, 0.000112494817586, 9.73734931904e-05, 0.00012529520609, 0.000180619696039, 0.000124540340039, 6.3120489358e-05, 5.77999962843e-05, 3.44090040016e-05, 1.87561636267e-05, 1.02957083072e-05, 2.64568416242e-06, 8.94045228961e-08],
        "median": [1.71633746504e-06, 6.68799548293e-05, 6.7803892307e-05, 6.96597489878e-05, 0.000352913455572, 0.000300460902508, 0.00021663006919, 0.000178993897862, 0.000173812324647, 7.48707825551e-05, 6.35672040517e-05, 3.15411634801e-05, 1.85706339835e-05, 1.3757101442e-05, 1.16206638268e-05, 3.73743159798e-06, 3.82194366466e-06, 2.17807405534e-06, 2.14441502067e-06, 1.69419763552e-06, 9.40988059028e-07, 8.69370637702e-07, 5.65780794659e-07, 3.03304346971e-07, 2.4184492986e-07, 8.28206054848e-08, 5.89126347705e-09],
        "min": [8.00869685477e-25, 6.29154930275e-25, 4.09926072024e-25, 1.02495602871e-24, 8.6591731176e-24, 1.09092931424e-23, 1.13886965363e-23, 8.59194875784e-24, 2.45499146172e-23, 2.50727069386e-23, 1.60034429017e-23, 3.39237389169e-23, 3.59100591218e-23, 4.14843175166e-23, 2.19386051606e-23, 5.0365629132e-23, 5.54191699096e-23, 1.02332267248e-22, 1.45720494249e-22, 1.9954894192e-22, 2.62880992554e-22, 3.2180445931e-22, 4.17412734948e-22, 6.8947144887e-22, 9.37365270672e-22, 1.34142300701e-21, 1.77853646391e-21],
        "var": [1.25659909145e-08, 1.58677848958e-05, 3.44164868693e-06, 1.59067872119e-06, 1.0196101357e-05, 2.10872212847e-06, 1.23546951727e-05, 7.44961789678e-06, 2.07187877095e-05, 2.47715706791e-05, 4.30877116742e-06, 3.65374125977e-06, 3.19157743434e-06, 1.62778724189e-05, 4.10808127072e-07, 1.00405834758e-07, 5.67215110436e-08, 1.28770722085e-07, 2.24964637141e-07, 9.8012236549e-08, 3.77595448242e-08, 2.73233062842e-08, 1.68321552252e-08, 1.12866525015e-08, 5.75991432328e-09, 1.53017085114e-10, 2.75759206051e-13]
    },
    "erbbands": {
        "dmean": [0.0290819592774, 0.307688653469, 0.581662476063, 0.796118140221, 1.55034255981, 3.57765221596, 3.24847888947, 3.65417718887, 6.25795602798, 9.44319629669, 11.8287992477, 20.649438858, 28.1018199921, 14.6780757904, 7.83788633347, 10.929315567, 8.19907093048, 25.8817768097, 7.95525741577, 5.75194120407, 2.85231637955, 2.64767742157, 3.14156341553, 4.3052315712, 3.42706918716, 1.91051745415, 1.15010023117, 0.830665230751, 0.787310540676, 0.566112518311, 0.311923265457, 0.199766844511, 0.110781483352, 0.063296943903, 0.0192936901003, 0.00578451296315, 0.00144018791616, 0.000196789260372, 5.48721891391e-06, 3.96173209083e-06],
        "dmean2": [0.0491463467479, 0.519887447357, 1.00026607513, 1.34444010258, 2.61772465706, 5.94832897186, 5.28770065308, 5.97352695465, 10.0335216522, 14.5120611191, 18.6357803345, 33.2025756836, 44.8427696228, 23.7941970825, 12.6292409897, 17.6145362854, 13.2898139954, 42.7023086548, 13.0910367966, 9.67204856873, 4.77638435364, 4.42604398727, 5.20307970047, 7.06801223755, 5.64836597443, 3.11966919899, 1.85318303108, 1.31128573418, 1.24985361099, 0.868159353733, 0.467479944229, 0.301724523306, 0.16186529398, 0.093223720789, 0.0279669146985, 0.0084027023986, 0.00211444543675, 0.000294778845273, 8.25703409646e-06, 6.29505211691e-06],
        "dvar": [0.00644300319254, 0.640264987946, 2.50877404213, 4.27327919006, 16.6132469177, 101.599685669, 49.2710266113, 68.1863098145, 577.104675293, 1043.87548828, 1434.65942383, 4731.94726562, 14979.1474609, 2485.54785156, 534.495727539, 2273.28491211, 1166.10168457, 17399.4765625, 829.889160156, 382.594604492, 79.8837356567, 65.5021286011, 141.41355896, 180.447784424, 126.770393372, 38.4285736084, 31.3943805695, 12.5211343765, 8.89015388489, 7.35523414612, 3.01633810997, 1.88330578804, 0.904343247414, 0.550081014633, 0.0279463194311, 0.000890423252713, 9.28087611101e-05, 1.50385653797e-06, 8.04225630535e-10, 5.95977225903e-11],
        "dvar2": [0.0176863986999, 1.81170892715, 7.07255792618, 11.9203500748, 47.1075363159, 269.642822266, 131.272766113, 183.413604736, 1528.01501465, 2432.76757812, 3631.91772461, 11867.5117188, 38383.421875, 7049.80908203, 1279.93237305, 5515.15332031, 3067.60424805, 48412.1171875, 2162.12988281, 1067.60766602, 217.61869812, 185.41229248, 377.281097412, 492.253845215, 332.106048584, 101.698043823, 92.166305542, 31.5337486267, 19.583978653, 15.7570304871, 4.98272705078, 3.73060965538, 1.84544980526, 1.10602378845, 0.0568631887436, 0.00168410735205, 0.000179683454917, 3.04821492136e-06, 1.68940983425e-09, 1.51463175335e-10],
        "max": [1.44390618801, 14.787817955, 33.4688987732, 44.9205551147, 116.600006104, 260.151550293, 191.076080322, 208.272094727, 877.905822754, 1284.53515625, 1661.40234375, 2414.29858398, 3646.94067383, 1406.17541504, 1048.74719238, 3080.01049805, 1308.09265137, 4323.02490234, 957.623168945, 673.015686035, 266.594696045, 185.817321777, 523.760131836, 350.855651855, 367.953704834, 257.975708008, 385.212127686, 231.457687378, 153.322784424, 214.640060425, 124.598396301, 116.192710876, 68.7392807007, 67.0202407837, 18.8418273926, 1.8919481039, 0.905674517155, 0.0854833722115, 0.00198870431632, 0.000181441559107],
        "mean": [0.0392693504691, 0.423595130444, 0.900263905525, 1.40053904057, 2.91356229782, 6.11190700531, 6.06259441376, 6.82638406754, 11.4134778976, 19.7873344421, 25.7520675659, 39.0093345642, 51.9953346252, 29.8604393005, 17.0940265656, 21.5495033264, 18.0868186951, 50.6179046631, 16.6543159485, 10.7809448242, 6.19009780884, 5.81532669067, 6.84310722351, 9.40074157715, 8.47244930267, 4.85664558411, 2.95899820328, 2.30576443672, 2.1366853714, 1.65496456623, 0.884905338287, 0.492757260799, 0.270792663097, 0.152527913451, 0.0524430833757, 0.016417035833, 0.00396930519491, 0.00053515820764, 1.9779039576e-05, 1.70780440385e-05],
        "median": [0.00085749279242, 0.0200720727444, 0.0857857167721, 0.206425607204, 0.505975604057, 1.12395143509, 2.23203110695, 2.12183308601, 3.04279994965, 4.73460149765, 4.76575422287, 4.27697372437, 3.44045424461, 2.9384098053, 1.88454353809, 1.46913599968, 1.20030224323, 0.997059822083, 0.706057369709, 0.435617089272, 0.272434145212, 0.218572795391, 0.145911499858, 0.116209700704, 0.109625510871, 0.082527436316, 0.0427546687424, 0.0359698645771, 0.0319206155837, 0.0233771447092, 0.0149397710338, 0.00723974406719, 0.0049376017414, 0.00280981557444, 0.00148587487638, 0.000472237472422, 0.000130752392579, 2.78940115095e-05, 2.69240331363e-06, 4.65840366815e-06],
        "min": [2.00583220608e-23, 3.92734161851e-22, 1.47817862088e-21, 4.51636211979e-21, 5.4077643404e-21, 3.18934219324e-20, 3.09670345764e-20, 8.60043722808e-20, 1.28299939383e-19, 2.6286261828e-19, 3.62015905277e-19, 6.10891287139e-19, 8.07976684054e-19, 1.03846952777e-18, 1.2744311727e-18, 1.57297595861e-18, 1.81536365953e-18, 2.43651798333e-18, 3.25851879088e-18, 3.65485824549e-18, 4.03442868112e-18, 4.28170150394e-18, 5.41807147612e-18, 6.76151618848e-18, 8.59837372264e-18, 9.93631354803e-18, 9.7259127146e-18, 1.13640372115e-17, 1.1666155004e-17, 1.09607808726e-17, 1.27109560824e-17, 1.20361545464e-17, 1.16667001161e-17, 9.33170986752e-18, 6.66004304761e-18, 4.08412197001e-18, 2.23602573966e-18, 9.22078598135e-19, 2.69820370454e-19, 2.40316566683e-20],
        "var": [0.00999173335731, 0.944586932659, 4.36505222321, 9.14865207672, 39.267742157, 225.497116089, 107.706466675, 157.04347229, 1340.38317871, 3098.19262695, 4063.63110352, 11736.1005859, 37769.3789062, 7523.640625, 2306.36230469, 8501.27148438, 4056.73486328, 46411.5664062, 2462.79638672, 769.078735352, 242.888839722, 197.417877197, 379.60446167, 547.652709961, 487.657836914, 140.446136475, 77.8204345703, 46.3903770447, 36.3496780396, 30.0217018127, 12.9484605789, 5.44089031219, 3.31108808517, 1.62334823608, 0.100284807384, 0.00501869712025, 0.000453337153886, 7.45101033317e-06, 4.44834835633e-09, 6.22216111967e-10]
    },
    "gfcc": {
        "mean": [-149.908432007, 136.479263306, -109.243362427, -0.470201462507, -66.3748092651, 6.06549453735, -34.2063903809, 2.25068640709, -20.9170703888, 0.606206297874, -15.6426868439, -4.1312789917, -9.79890918732],
        "cov": [[25054.4550781, -1477.57775879, -4779.23828125, 2741.09277344, -800.085998535, 386.557037354, 546.627929688, 354.313171387, 53.3418502808, -171.869674683, 374.28729248, -222.150772095, 49.2902336121], [-1477.57775879, 1717.28820801, 710.264099121, -759.453613281, 287.078369141, -131.046951294, -67.9322128296, -132.277542114, 53.9478149414, -70.9735107422, -48.840385437, -33.5167732239, -96.8968276978], [-4779.23828125, 710.264099121, 1540.6730957, -479.786804199, 270.605224609, 24.4205265045, -145.341629028, -69.9905319214, -21.3815975189, 44.8282546997, -133.40612793, 35.1257553101, -20.5464496613], [2741.09277344, -759.453613281, -479.786804199, 963.881164551, 0.924431025982, 98.3773193359, 114.209609985, 110.201530457, 44.0414161682, -13.5863428116, 42.1320953369, 6.42830276489, 75.736366272], [-800.085998535, 287.078369141, 270.605224609, 0.924431025982, 439.953674316, 64.4927597046, 7.60779714584, 59.7869644165, 56.5635604858, -0.720927417278, -26.3859329224, 29.8788032532, 12.9278059006], [386.557037354, -131.046951294, 24.4205265045, 98.3773193359, 64.4927597046, 224.26234436, 76.3020706177, 37.5810890198, -10.0051136017, 29.8013916016, -3.94730901718, 0.217000871897, -1.80466079712], [546.627929688, -67.9322128296, -145.341629028, 114.209609985, 7.60779714584, 76.3020706177, 208.280807495, 47.2237815857, -8.68944072723, -10.1673345566, 35.9768333435, 6.86354207993, -14.9117546082], [354.313171387, -132.277542114, -69.9905319214, 110.201530457, 59.7869644165, 37.5810890198, 47.2237815857, 129.495880127, 38.2509269714, 22.3480644226, 18.112405777, 13.5334568024, 18.6837215424], [53.3418502808, 53.9478149414, -21.3815975189, 44.0414161682, 56.5635604858, -10.0051136017, -8.68944072723, 38.2509269714, 132.747024536, 29.751127243, 13.6121063232, 1.74519145489, 1.32353818417], [-171.869674683, -70.9735107422, 44.8282546997, -13.5863428116, -0.720927417278, 29.8013916016, -10.1673345566, 22.3480644226, 29.751127243, 100.639213562, 30.3919086456, 8.9762878418, 1.60147345066], [374.28729248, -48.840385437, -133.40612793, 42.1320953369, -26.3859329224, -3.94730901718, 35.9768333435, 18.112405777, 13.6121063232, 30.3919086456, 101.469741821, 17.4710102081, 5.21030187607], [-222.150772095, -33.5167732239, 35.1257553101, 6.42830276489, 29.8788032532, 0.217000871897, 6.86354207993, 13.5334568024, 1.74519145489, 8.9762878418, 17.4710102081, 83.4397201538, 22.3542633057], [49.2902336121, -96.8968276978, -20.5464496613, 75.736366272, 12.9278059006, -1.80466079712, -14.9117546082, 18.6837215424, 1.32353818417, 1.60147345066, 5.21030187607, 22.3542633057, 101.106964111]],
        "icov": [[0.000325322529534, -0.000844956259243, 0.00105621840339, -0.00102279440034, 0.000645199092105, -0.000889027083758, 0.000611466064584, -0.000763083633501, 0.000708785664756, -0.000447040656582, 0.000301476131426, -6.20588325546e-05, 0.00014123316214], [-0.000844956259243, 0.00376348430291, -0.0031486756634, 0.00365721294656, -0.00263831438497, 0.00285040773451, -0.00214978866279, 0.00308042881079, -0.00303696398623, 0.00264851679094, -0.00165879435372, 0.00104828423355, -7.24473602531e-06], [0.00105621840339, -0.0031486756634, 0.00461158249527, -0.00318933953531, 0.0017060933169, -0.00315192481503, 0.00242179166526, -0.00234007625841, 0.00288942456245, -0.00269779586233, 0.00242007267661, -0.000954894174356, 0.000400227960199], [-0.00102279440034, 0.00365721294656, -0.00318933953531, 0.00534944003448, -0.00262772943825, 0.00254950975068, -0.00254927040078, 0.00247950083576, -0.00340698938817, 0.00278790458106, -0.00146112125367, 0.000819734064862, -0.00120987126138], [0.000645199092105, -0.00263831438497, 0.0017060933169, -0.00262772943825, 0.0051016099751, -0.00300569878891, 0.00161916948855, -0.00350513891317, 0.000667943735607, -0.00044768184307, 0.00124325731304, -0.00144235044718, -9.41856997088e-05], [-0.000889027083758, 0.00285040773451, -0.00315192481503, 0.00254950975068, -0.00300569878891, 0.0089676771313, -0.00420524459332, 0.00210206932388, -0.000845740898512, -0.00131009414326, 0.00046092341654, 0.00104812858626, -7.31032268959e-05], [0.000611466064584, -0.00214978866279, 0.00242179166526, -0.00254927040078, 0.00161916948855, -0.00420524459332, 0.00855932850391, -0.00388233107515, 0.00249518151395, 0.000915003183763, -0.00166453770362, -0.00104256835766, 0.00201019900851], [-0.000763083633501, 0.00308042881079, -0.00234007625841, 0.00247950083576, -0.00350513891317, 0.00210206932388, -0.00388233107515, 0.0137322628871, -0.0045475861989, -0.000184207208804, -0.000981623888947, 7.36463698559e-05, -0.00153644208331], [0.000708785664756, -0.00303696398623, 0.00288942456245, -0.00340698938817, 0.000667943735607, -0.000845740898512, 0.00249518151395, -0.0045475861989, 0.0122298561037, -0.00510070845485, 0.00107435462996, -0.00016244383005, 0.000892318785191], [-0.000447040656582, 0.00264851679094, -0.00269779586233, 0.00278790458106, -0.00044768184307, -0.00131009414326, 0.000915003183763, -0.000184207208804, -0.00510070845485, 0.0165958385915, -0.00663529103622, 0.000529485289007, 0.000351210008375], [0.000301476131426, -0.00165879435372, 0.00242007267661, -0.00146112125367, 0.00124325731304, 0.00046092341654, -0.00166453770362, -0.000981623888947, 0.00107435462996, -0.00663529103622, 0.0152747696266, -0.00334063265473, -0.000322765903547], [-6.20588325546e-05, 0.00104828423355, -0.000954894174356, 0.000819734064862, -0.00144235044718, 0.00104812858626, -0.00104256835766, 7.36463698559e-05, -0.00016244383005, 0.000529485289007, -0.00334063265473, 0.0145605662838, -0.00279082264751], [0.00014123316214, -7.24473602531e-06, 0.000400227960199, -0.00120987126138, -9.41856997088e-05, -7.31032268959e-05, 0.00201019900851, -0.00153644208331, 0.000892318785191, 0.000351210008375, -0.000322765903547, -0.00279082264751, 0.012009893544]]
    },
    "melbands": {
        "dmean": [0.000306718167849, 0.00033264819649, 0.000142784541822, 0.000186189092346, 0.000118078336527, 8.38539926917e-05, 0.000100553093944, 0.000101391829958, 0.000107898646093, 0.000139282346936, 0.000139252879308, 5.70728770981e-05, 3.23576750816e-05, 2.64431218966e-05, 2.34689050558e-05, 2.43851391133e-05, 5.57251369173e-05, 1.51098238348e-05, 1.280559718e-05, 5.25798350282e-06, 3.16685350299e-06, 3.19610558108e-06, 2.86524641524e-06, 2.56098132922e-06, 4.1036400944e-06, 2.83417080027e-06, 2.90563298222e-06, 1.08869062387e-06, 8.08407435215e-07, 6.63511286803e-07, 4.79044786061e-07, 5.01424267441e-07, 4.09155575198e-07, 3.17816557072e-07, 2.0097402853e-07, 1.64696416505e-07, 1.2174264441e-07, 8.23726864496e-08, 8.18713772333e-08, 5.11869018283e-08],
        "dmean2": [0.000513545179274, 0.000566161063034, 0.000241602378082, 0.000311138981488, 0.000192079111002, 0.000136758477311, 0.000160096606123, 0.000154354551341, 0.000171370484168, 0.000224108705879, 0.000222256509005, 9.24246487557e-05, 5.20894536749e-05, 4.22672310378e-05, 3.76448479074e-05, 3.95565475628e-05, 9.25251442823e-05, 2.38952979998e-05, 2.15953932639e-05, 8.8159868028e-06, 5.32283320354e-06, 5.40889959666e-06, 4.60228329757e-06, 4.24467452831e-06, 6.75731007505e-06, 4.61893887405e-06, 4.83720259581e-06, 1.7539084638e-06, 1.30435171286e-06, 1.09097038603e-06, 7.66927200857e-07, 8.09612458852e-07, 6.27438907941e-07, 4.97093424201e-07, 3.10170349849e-07, 2.52922490063e-07, 1.88832842696e-07, 1.23260448959e-07, 1.26794475364e-07, 7.60271063882e-08],
        "dvar": [6.46592980047e-07, 7.22006348042e-07, 1.29286632955e-07, 2.6294569011e-07, 6.56445138247e-08, 3.35271650442e-08, 1.58368891334e-07, 1.11350999532e-07, 1.24448249039e-07, 2.3143495298e-07, 3.70256543647e-07, 3.77518993844e-08, 1.0693214314e-08, 1.2135264349e-08, 5.91032112141e-09, 1.70034795133e-08, 8.75624053265e-08, 4.20653822886e-09, 2.45612619132e-09, 2.74938821709e-10, 9.73780292512e-11, 9.42259673065e-11, 1.01443721479e-10, 7.24389090379e-11, 1.72537595322e-10, 1.27605662148e-10, 1.1082564727e-10, 1.40180349967e-11, 1.28353378273e-11, 9.80251643745e-12, 3.70034211605e-12, 3.37158187654e-12, 2.68228451603e-12, 2.63499031622e-12, 1.23465235431e-12, 8.18647287546e-13, 9.2436008934e-13, 3.89172201409e-13, 9.1957919144e-13, 4.13888893861e-13],
        "dvar2": [1.79491178187e-06, 2.05989022106e-06, 3.66444623978e-07, 7.22898903405e-07, 1.75340204578e-07, 9.03077292946e-08, 4.15048020841e-07, 2.55542659033e-07, 3.23060618257e-07, 5.7847756807e-07, 9.48034937664e-07, 1.04838363768e-07, 2.8318398293e-08, 2.89872907899e-08, 1.44637457566e-08, 4.39489049597e-08, 2.450315435e-07, 1.00493258159e-08, 6.94546598012e-09, 7.622990017e-10, 2.59922139367e-10, 2.69623628979e-10, 2.49119613827e-10, 1.94582600033e-10, 4.70069705383e-10, 3.33544913911e-10, 3.11343839599e-10, 3.62405383481e-11, 3.70403985261e-11, 2.7694860294e-11, 9.33276546322e-12, 7.7350929481e-12, 5.60624853832e-12, 6.2894247102e-12, 2.253437454e-12, 1.4976934623e-12, 2.05529473649e-12, 7.48966752333e-13, 2.2588972793e-12, 8.08401089125e-13],
        "max": [0.0137619497254, 0.0164919216186, 0.00935203209519, 0.0133773144335, 0.004975090269, 0.00404091784731, 0.0155135793611, 0.0121159255505, 0.0149052068591, 0.0165375210345, 0.0182184446603, 0.00531323673204, 0.00333388149738, 0.00730506097898, 0.00415294570848, 0.00467708706856, 0.00978032220155, 0.00245006452315, 0.00158926146105, 0.000438530230895, 0.000332527910359, 0.000224540708587, 0.000537077838089, 0.000331680377712, 0.000362799153663, 0.00040883870679, 0.000296652433462, 0.000172891930561, 0.000230737947277, 0.000214648956899, 9.7947930044e-05, 8.78661085153e-05, 9.0469555289e-05, 0.000125894192024, 7.92628852651e-05, 6.09229609836e-05, 7.07984581823e-05, 4.58064569102e-05, 6.57293348922e-05, 7.03099358361e-05],
        "mean": [0.00042912788922, 0.000519771885592, 0.000272290257271, 0.000340190337738, 0.000224850344239, 0.000159010785865, 0.000185340555618, 0.000214662330109, 0.000225068768486, 0.00025572598679, 0.000252842379268, 0.000112512272608, 6.57443379168e-05, 5.0728845963e-05, 4.44271026936e-05, 4.50212610303e-05, 0.000105883729702, 2.66203878709e-05, 2.0689352823e-05, 9.63258844422e-06, 6.30202794127e-06, 6.15973522144e-06, 5.87178419664e-06, 5.38472204425e-06, 8.06501429906e-06, 6.26835117146e-06, 6.07600122748e-06, 2.47983348345e-06, 1.86713930361e-06, 1.57452416261e-06, 1.21132609365e-06, 1.22193682728e-06, 1.07325047338e-06, 8.37570610202e-07, 5.2117661653e-07, 3.90837584519e-07, 2.64534406824e-07, 1.90785570453e-07, 1.63742214454e-07, 1.16667557393e-07],
        "median": [1.3502701222e-05, 4.15016111219e-05, 4.28215716965e-05, 6.59584184177e-05, 8.09158955235e-05, 5.33885358891e-05, 4.5916523959e-05, 4.89561862196e-05, 3.36458942911e-05, 2.43482118094e-05, 1.42487106132e-05, 1.02592903204e-05, 6.96362667441e-06, 3.36288758263e-06, 3.39354301104e-06, 1.68725375715e-06, 1.56712530952e-06, 9.92450964077e-07, 8.71733618624e-07, 3.15370584758e-07, 2.73687589925e-07, 2.2731343563e-07, 1.35418659397e-07, 9.243367316e-08, 8.34326669974e-08, 7.299289706e-08, 6.29649079542e-08, 4.42798508971e-08, 2.50977105765e-08, 2.12114628084e-08, 1.94560456634e-08, 1.81313790648e-08, 1.49157504126e-08, 1.19188321435e-08, 8.95236684784e-09, 5.04951458424e-09, 3.58654239641e-09, 3.27453220095e-09, 2.67335620308e-09, 2.10242445675e-09],
        "min": [1.83628033985e-25, 1.30562978056e-24, 9.42147524551e-25, 1.01442927157e-24, 7.53672334733e-25, 2.00083603443e-24, 2.21250319252e-24, 3.06326266031e-24, 2.69794965536e-24, 3.96875566429e-24, 3.096341373e-24, 3.92695708037e-24, 3.65375561623e-24, 3.30258609845e-24, 3.88801062305e-24, 3.73213249704e-24, 3.72555931354e-24, 4.6655943672e-24, 2.70398779394e-24, 3.99915244712e-24, 4.24176149093e-24, 2.88453853084e-24, 4.32852238544e-24, 4.13015739436e-24, 5.11784082998e-24, 5.20096547015e-24, 6.06592068715e-24, 5.26820205725e-24, 4.97104288742e-24, 5.1929810145e-24, 5.46689836991e-24, 6.19153179795e-24, 5.30034813914e-24, 5.30842410266e-24, 6.87713317726e-24, 6.88726767331e-24, 5.92413832222e-24, 6.91809635748e-24, 7.56732572704e-24, 6.87470506339e-24],
        "var": [1.02479521047e-06, 1.23968357002e-06, 2.99329229847e-07, 6.16220631855e-07, 1.47181964394e-07, 7.76993402951e-08, 3.92395691051e-07, 3.53002661768e-07, 3.43251173263e-07, 5.62103480206e-07, 9.40518532389e-07, 1.15763292285e-07, 3.66457868495e-08, 4.36688765149e-08, 2.07201598101e-08, 4.9269921476e-08, 2.28736041663e-07, 1.03659516526e-08, 4.18688550496e-09, 6.46366737911e-10, 2.87453200132e-10, 2.37188824137e-10, 3.0367638959e-10, 2.12352635476e-10, 4.52444914867e-10, 4.39534020291e-10, 2.97821323159e-10, 4.55701483493e-11, 3.17965029306e-11, 2.3668223631e-11, 1.35962491266e-11, 1.24378493616e-11, 1.08952803377e-11, 8.71923887258e-12, 4.75099083339e-12, 2.68842934026e-12, 2.02523848386e-12, 1.68930397015e-12, 1.53723290607e-12, 1.26326575069e-12]
    },
    "mfcc": {
        "mean": [-786.26361084, 164.836303711, 10.3399524689, 2.41269803047, -11.6974725723, -0.381636142731, -5.71689891815, -1.76014304161, -3.24420332909, 2.08118057251, -0.76870405674, -5.74737167358, -2.59582877159],
        "cov": [[20601.8652344, -2531.95410156, -3239.69335938, 1455.13269043, -525.276184082, 355.843261719, 218.888244629, 726.986877441, -68.608757019, 487.825256348, 364.212310791, -154.931289673, 31.7947368622], [-2531.95410156, 2125.31445312, 515.394104004, -408.937530518, 150.764465332, -58.0075263977, -75.703086853, -126.699623108, -20.1176071167, -143.342926025, -17.1408157349, 133.68132019, 44.5774765015], [-3239.69335938, 515.394104004, 972.149047852, -157.152084351, 125.615470886, 27.913312912, 3.77295303345, -133.196304321, 37.870059967, -76.6449813843, -75.3672332764, 65.0815658569, -1.73590767384], [1455.13269043, -408.937530518, -157.152084351, 442.360046387, 92.7534942627, 51.9940261841, 31.1321716309, 105.051506042, 54.4347000122, 42.8340568542, -13.9839754105, -4.32723045349, 21.3681125641], [-525.276184082, 150.764465332, 125.615470886, 92.7534942627, 355.816894531, 51.7470817566, 2.77827477455, 13.3221120834, 89.825881958, 19.128572464, -32.8580932617, 21.1280136108, -0.104365304112], [355.843261719, -58.0075263977, 27.913312912, 51.9940261841, 51.7470817566, 159.558547974, 70.3231048584, 39.1421203613, 21.8093624115, 26.6064376831, 23.1218109131, 5.92422199249, -9.34873580933], [218.888244629, -75.703086853, 3.77295303345, 31.1321716309, 2.77827477455, 70.3231048584, 182.754974365, 70.73412323, 11.24132061, 25.8438720703, 9.4453868866, -7.75948667526, -3.44418382645], [726.986877441, -126.699623108, -133.196304321, 105.051506042, 13.3221120834, 39.1421203613, 70.73412323, 155.884155273, 36.7214813232, 19.805059433, 14.8183460236, -4.86782550812, 9.81576633453], [-68.608757019, -20.1176071167, 37.870059967, 54.4347000122, 89.825881958, 21.8093624115, 11.24132061, 36.7214813232, 108.710617065, 36.9386177063, -15.753241539, 2.62796187401, 0.503906548023], [487.825256348, -143.342926025, -76.6449813843, 42.8340568542, 19.128572464, 26.6064376831, 25.8438720703, 19.805059433, 36.9386177063, 115.194587708, 36.6083030701, -18.8671207428, 1.00018703938], [364.212310791, -17.1408157349, -75.3672332764, -13.9839754105, -32.8580932617, 23.1218109131, 9.4453868866, 14.8183460236, -15.753241539, 36.6083030701, 108.274375916, 30.0695114136, -0.0134087530896], [-154.931289673, 133.68132019, 65.0815658569, -4.32723045349, 21.1280136108, 5.92422199249, -7.75948667526, -4.86782550812, 2.62796187401, -18.8671207428, 30.0695114136, 107.827919006, 41.9824447632], [31.7947368622, 44.5774765015, -1.73590767384, 21.3681125641, -0.104365304112, -9.34873580933, -3.44418382645, 9.81576633453, 0.503906548023, 1.00018703938, -0.0134087530896, 41.9824447632, 90.0534057617]],
