{
"lowlevel": {
    "average_loudness": 0.941772699356,
    "barkbands_crest": {
        "dmean": 2.64787459373,
        "dmean2": 4.39423274994,
        "dvar": 7.36189699173,
        "dvar2": 19.4540557861,
        "max": 23.7951126099,
        "mean": 9.8262348175,
        "median": 9.03075218201,
        "min": 2.46985292435,
        "var": 13.0731277466
    },
    "barkbands_flatness_db": {
        "dmean": 0.0258043464273,
        "dmean2": 0.0374195054173,
        "dvar": 0.000615362951066,
        "dvar2": 0.00135262077674,
        "max": 0.36253747344,
        "mean": 0.143220901489,
        "median": 0.139958113432,
        "min": 0.0190229713917,
        "var": 0.00239546666853
    },
    "barkbands_kurtosis": {
        "dmean": 4.61125564575,
        "dmean2": 7.21233177185,
        "dvar": 37.5755310059,
        "dvar2": 89.3138122559,
        "max": 142.820251465,
        "mean": 8.57047939301,
        "median": 5.6412563324,
        "min": -1.91790771484,
        "var": 97.1689147949
    },
    "barkbands_skewness": {
        "dmean": 0.664402961731,
        "dmean2": 1.01446187496,
        "dvar": 0.490717560053,
        "dvar2": 1.15904283524,
        "max": 10.1198806763,
        "mean": 2.32126688957,
        "median": 2.27454137802,
        "min": -3.8199942112,
        "var": 1.76890325546
    },
    "barkbands_spread": {
        "dmean": 7.34873342514,
        "dmean2": 11.0772504807,
        "dvar": 93.2175445557,
        "dvar2": 202.886291504,
        "max": 116.310058594,
        "mean": 21.376203537,
        "median": 16.9226207733,
        "min": 1.43851411343,
        "var": 252.19052124
    },
    "dissonance": {
        "dmean": 0.0179512742907,
        "dmean2": 0.0296974051744,
        "dvar": 0.00031558048795,
        "dvar2": 0.000799535715487,
        "max": 0.500000119209,
        "mean": 0.464425563812,
        "median": 0.471456259489,
        "min": 0.225828394294,
        "var": 0.000795806816313
    },
    "dynamic_complexity": 3.70495343208,
    "erbbands_crest": {
        "dmean": 2.44875025749,
        "dmean2": 3.88984775543,
        "dvar": 6.49381732941,
        "dvar2": 15.7786989212,
        "max": 29.7863616943,
        "mean": 8.41824626923,
        "median": 7.38833904266,
        "min": 2.01166510582,
        "var": 17.0864257812
    },
    "erbbands_flatness_db": {
        "dmean": 0.0214634370059,
        "dmean2": 0.0284076761454,
        "dvar": 0.000492987572215,
        "dvar2": 0.000903446867596,
        "max": 0.335176020861,
        "mean": 0.127552971244,
        "median": 0.123511590064,
        "min": 0.0255945436656,
        "var": 0.00225335010327
    },
    "erbbands_kurtosis": {
        "dmean": 0.849982738495,
        "dmean2": 1.31859183311,
        "dvar": 1.62355971336,
        "dvar2": 3.5680937767,
        "max": 30.5019569397,
        "mean": 0.166975229979,
        "median": -0.425795555115,
        "min": -1.83644998074,
        "var": 3.86445116997
    },
    "erbbands_skewness": {
        "dmean": 0.389330029488,
        "dmean2": 0.588153600693,
        "dvar": 0.158826604486,
        "dvar2": 0.342568576336,
        "max": 4.5959148407,
        "mean": 0.423340111971,
        "median": 0.460469603539,
        "min": -4.56984090805,
        "var": 0.657094538212
    },
    "erbbands_spread": {
        "dmean": 11.5741863251,
        "dmean2": 17.0373077393,
        "dvar": 171.817932129,
        "dvar2": 378.019500732,
        "max": 166.89453125,
        "mean": 51.7859230042,
        "median": 47.9285202026,
        "min": 4.90948677063,
        "var": 555.283752441
    },
    "hfc": {
        "dmean": 6.92465782166,
        "dmean2": 9.69242286682,
        "dvar": 121.240905762,
        "dvar2": 243.184585571,
        "max": 173.70539856,
        "mean": 13.8405637741,
        "median": 7.84297657013,
        "min": 1.19118931587e-16,
        "var": 246.812728882
    },
    "melbands_crest": {
        "dmean": 3.08888578415,
        "dmean2": 5.03479671478,
        "dvar": 9.22421455383,
        "dvar2": 22.5648002625,
        "max": 34.7259483337,
        "mean": 14.4217329025,
        "median": 13.4975996017,
        "min": 2.18713498116,
        "var": 24.485490799
    },
    "melbands_flatness_db": {
        "dmean": 0.0301986634731,
        "dmean2": 0.0448999144137,
        "dvar": 0.000873751880135,
        "dvar2": 0.00194016972091,
        "max": 0.479142040014,
        "mean": 0.231480151415,
        "median": 0.229779273272,
        "min": 0.00584361795336,
        "var": 0.00360906217247
    },
    "melbands_kurtosis": {
        "dmean": 12.2862815857,
        "dmean2": 19.5564785004,
        "dvar": 283.585632324,
        "dvar2": 720.778076172,
        "max": 311.320129395,
        "mean": 26.3905353546,
        "median": 19.4998703003,
        "min": -1.92721045017,
        "var": 632.460205078
    },
    "melbands_skewness": {
        "dmean": 0.948033869267,
        "dmean2": 1.46249711514,
        "dvar": 1.06851124763,
        "dvar2": 2.55719852448,
        "max": 13.9269313812,
        "mean": 3.77815103531,
        "median": 3.62162137032,
        "min": -0.926107108593,
        "var": 3.42095184326
    },
    "melbands_spread": {
        "dmean": 6.22162246704,
        "dmean2": 9.66994285583,
        "dvar": 115.428863525,
        "dvar2": 242.685180664,
        "max": 255.800628662,
        "mean": 17.2732791901,
        "median": 11.8601360321,
        "min": 0.99697470665,
        "var": 352.285644531
    },
    "pitch_salience": {
        "dmean": 0.0779537260532,
        "dmean2": 0.129848942161,
        "dvar": 0.00618492532521,
        "dvar2": 0.0169371273369,
        "max": 0.926520705223,
        "mean": 0.555743873119,
        "median": 0.56514018774,
        "min": 0.122500158846,
        "var": 0.0117661580443
    },
    "silence_rate_20dB": {
        "dmean": 0,
        "dmean2": 0,
        "dvar": 0,
        "dvar2": 0,
        "max": 1,
        "mean": 1,
        "median": 1,
        "min": 1,
        "var": 0
    },
    "silence_rate_30dB": {
        "dmean": 0.00825730804354,
        "dmean2": 0.0165157169104,
        "dvar": 0.00818957109004,
        "dvar2": 0.0233038906008,
        "max": 1,
        "mean": 0.99527233839,
        "median": 1,
        "min": 0,
        "var": 0.00470579555258
    },
    "silence_rate_60dB": {
        "dmean": 0.0380901657045,
        "dmean2": 0.0761854052544,
        "dvar": 0.0366466864944,
        "dvar2": 0.0809094980359,
        "max": 1,
        "mean": 0.0854974016547,
        "median": 0,
        "min": 0,
        "var": 0.0781967788935
    },
    "spectral_centroid": {
        "dmean": 285.722686768,
        "dmean2": 438.856567383,
        "dvar": 123812.023438,
        "dvar2": 265062.28125,
        "max": 11043.5224609,
        "mean": 1137.23547363,
        "median": 962.869934082,
        "min": 188.816177368,
        "var": 443144.125
    },
    "spectral_complexity": {
        "dmean": 3.70753145218,
        "dmean2": 5.52916908264,
        "dvar": 23.9554004669,
        "dvar2": 46.6799049377,
        "max": 50,
        "mean": 12.5575313568,
        "median": 11,
        "min": 0,
        "var": 53.5943107605
    },
    "spectral_decrease": {
        "dmean": 2.92857982309e-09,
        "dmean2": 4.55829285428e-09,
        "dvar": 3.12037640258e-17,
        "dvar2": 7.60336213427e-17,
        "max": 3.145808633e-16,
        "mean": -5.57844392901e-09,
        "median": -4.1114516236e-09,
        "min": -5.21915417551e-08,
        "var": 3.30447537408e-17
    },
    "spectral_energy": {
        "dmean": 0.0115538239479,
        "dmean2": 0.0178461521864,
        "dvar": 0.000474166445201,
        "dvar2": 0.00114568264689,
        "max": 0.202644869685,
        "mean": 0.0223096832633,
        "median": 0.016336761415,
        "min": 1.06918498311e-20,
        "var": 0.000516525993589
    },
    "spectral_energyband_high": {
        "dmean": 0.000421113596531,
        "dmean2": 0.000607872614637,
        "dvar": 7.27341614493e-07,
        "dvar2": 1.54134522745e-06,
        "max": 0.0194225627929,
        "mean": 0.000569674011786,
        "median": 0.000165207951795,
        "min": 8.27876769049e-21,
        "var": 1.12495683879e-06
    },
    "spectral_energyband_low": {
        "dmean": 0.00434643775225,
        "dmean2": 0.006726404652,
        "dvar": 5.42546113138e-05,
        "dvar2": 0.000123063742649,
        "max": 0.0845955759287,
        "mean": 0.00881665106863,
        "median": 0.00682490784675,
        "min": 6.56350700935e-23,
        "var": 7.85971496953e-05
    },
    "spectral_energyband_middle_high": {
        "dmean": 0.00109009922016,
        "dmean2": 0.00157763238531,
        "dvar": 3.84898294215e-06,
        "dvar2": 7.42639349482e-06,
        "max": 0.0406511537731,
        "mean": 0.00262433593161,
        "median": 0.00105836195871,
        "min": 1.24218385075e-21,
        "var": 1.46369102367e-05
    },
    "spectral_energyband_middle_low": {
        "dmean": 0.00796973332763,
        "dmean2": 0.0131363412365,
        "dvar": 0.00039000750985,
        "dvar2": 0.000992706627585,
        "max": 0.191841617227,
        "mean": 0.0117324898019,
        "median": 0.00706284074113,
        "min": 2.63868267754e-22,
        "var": 0.000333708769176
    },
    "spectral_entropy": {
        "dmean": 0.235230326653,
        "dmean2": 0.3260422647,
        "dvar": 0.0538710132241,
        "dvar2": 0.106100998819,
        "max": 9.78807926178,
        "mean": 7.45135211945,
        "median": 7.43555688858,
        "min": 5.5438876152,
        "var": 0.236432850361
    },
    "spectral_flux": {
        "dmean": 0.0326588228345,
        "dmean2": 0.0494330227375,
        "dvar": 0.001897867769,
        "dvar2": 0.00397696858272,
        "max": 0.39075499773,
        "mean": 0.0725963935256,
        "median": 0.0530559197068,
        "min": 1.03401398555e-10,
        "var": 0.00347864371724
    },
    "spectral_kurtosis": {
        "dmean": 1.6003651619,
        "dmean2": 2.52111625671,
        "dvar": 4.10771799088,
        "dvar2": 10.5399284363,
        "max": 43.0290679932,
        "mean": 4.50631952286,
        "median": 4.10541534424,
        "min": -1.14390015602,
        "var": 8.67585372925
    },
    "spectral_rms": {
        "dmean": 0.00101907073986,
        "dmean2": 0.00147053471301,
        "dvar": 2.2112960778e-06,
        "dvar2": 4.70433678856e-06,
        "max": 0.014060664922,
        "mean": 0.00419945921749,
        "median": 0.00399228045717,
        "min": 3.22971727487e-12,
        "var": 4.13009320255e-06
    },
    "spectral_rolloff": {
        "dmean": 537.047302246,
        "dmean2": 913.831115723,
        "dvar": 1412448.75,
        "dvar2": 3171163,
        "max": 18497.0214844,
        "mean": 1149.64685059,
        "median": 516.796875,
        "min": 64.599609375,
        "var": 3347079
    },
    "spectral_skewness": {
        "dmean": 0.241507157683,
        "dmean2": 0.366897314787,
        "dvar": 0.0641893446445,
        "dvar2": 0.153266265988,
        "max": 5.074634552,
        "mean": 1.65353775024,
        "median": 1.62760233879,
        "min": -0.0500942096114,
        "var": 0.193854644895
    },
    "spectral_spread": {
        "dmean": 956420.5625,
        "dmean2": 1285798.25,
        "dvar": 1.25356828262e+12,
        "dvar2": 2.37069716685e+12,
        "max": 39475900,
        "mean": 5712248,
        "median": 5253444,
        "min": 1570713.875,
        "var": 5.07729831526e+12
    },
    "spectral_strongpeak": {
        "dmean": 0.410096824169,
        "dmean2": 0.702884614468,
        "dvar": 0.937630414963,
        "dvar2": 2.2143008709,
        "max": 17.5398578644,
        "mean": 0.639608204365,
        "median": 0.305929362774,
        "min": 0,
        "var": 1.61960554123
    },
    "zerocrossingrate": {
        "dmean": 0.0142652783543,
        "dmean2": 0.0163012649864,
        "dvar": 0.000274254969554,
        "dvar2": 0.00032580178231,
        "max": 0.51953125,
        "mean": 0.0614594519138,
        "median": 0.05029296875,
        "min": 0.00439453125,
        "var": 0.00221467530355
    },
    "barkbands": {
        "dmean": [0.000151038184413, 0.00321372970939, 0.00128303212114, 0.00230328156613, 0.00498978095129, 0.000584796303883, 0.000619416881818, 0.00045908294851, 0.000325511588017, 0.000259164080489, 0.00014465082495, 0.000163732940564, 0.00014450046001, 9.19381272979e-05, 0.000140101561556, 0.000125459526316, 0.000141191587318, 0.000200069014682, 0.000174159868038, 0.000118666845083, 5.55050646653e-05, 6.09681774222e-05, 6.0882033722e-05, 8.22538058856e-05, 7.66833982198e-05, 6.82287136442e-05, 1.83241027116e-05],
        "dmean2": [0.000214633342694, 0.00516943819821, 0.00215972075239, 0.00389844435267, 0.00850360840559, 0.000925459142309, 0.000948458444327, 0.000699656899087, 0.00048215262359, 0.00038461224176, 0.000219800029299, 0.000253262784099, 0.000223786468268, 0.000143326804391, 0.00021822124836, 0.000193155356101, 0.000211538033909, 0.000303728418658, 0.000260048051132, 0.000176464294782, 8.30606149975e-05, 9.51573019847e-05, 9.35601929086e-05, 0.000123094418086, 0.000110721724923, 0.00010239391122, 2.79624837276e-05],
        "dvar": [1.002639749e-07, 3.77362994186e-05, 4.98126155435e-06, 2.34344297496e-05, 0.000219511348405, 1.25930887407e-06, 2.74150056612e-06, 1.55305451699e-06, 7.49152377466e-07, 4.81167319322e-07, 2.27994149782e-07, 2.88894398182e-07, 2.18272276697e-07, 7.77981057354e-08, 1.27058655153e-07, 9.75353273702e-08, 2.35166638163e-07, 4.35416950495e-07, 2.1846668119e-07, 9.68443742977e-08, 1.53066697095e-08, 3.01132772051e-08, 3.14450048222e-08, 3.80920290866e-08, 2.77072853549e-08, 2.81350374109e-08, 1.84434167938e-09],
        "dvar2": [1.95007785919e-07, 9.29418238229e-05, 1.31507931656e-05, 6.01164610998e-05, 0.000571954355109, 2.90837920147e-06, 5.88176544625e-06, 3.17744456879e-06, 1.46198715356e-06, 9.83726977211e-07, 4.85407213091e-07, 5.87999750223e-07, 4.7055098662e-07, 1.69219447343e-07, 2.73921074267e-07, 2.11644248793e-07, 4.63812909857e-07, 8.82141932834e-07, 4.30741778246e-07, 1.93204257926e-07, 3.44064652325e-08, 6.50100631105e-08, 6.90501025247e-08, 8.8446689972e-08, 6.16409892018e-08, 7.01049529539e-08, 4.41413794405e-09],
        "max": [0.00499085104093, 0.0659748539329, 0.0310761593282, 0.076134249568, 0.139370620251, 0.0254802051932, 0.0516223981977, 0.0470079295337, 0.0196649245918, 0.0200047846884, 0.0194479916245, 0.0180327706039, 0.0284472554922, 0.00822122953832, 0.0125891957432, 0.0099350521341, 0.024414120242, 0.0229493062943, 0.0167950671166, 0.0095606604591, 0.00635708449408, 0.00712641421705, 0.00706464983523, 0.00540118524805, 0.00543110864237, 0.0040604416281, 0.0009829942137],
        "mean": [0.000243232745561, 0.00465211411938, 0.00263406522572, 0.00299401511438, 0.00508616957814, 0.00108741619624, 0.00103680207394, 0.000750190753024, 0.000561594963074, 0.000510574958753, 0.000239148226683, 0.000248719530646, 0.000201174552785, 0.000122209952679, 0.000210702171898, 0.000204755386221, 0.000222957271035, 0.000303280743537, 0.000298379774904, 0.000189796381164, 7.20206007827e-05, 7.00739765307e-05, 7.14608177077e-05, 0.000102661084384, 9.98477844405e-05, 7.68285244703e-05, 1.94742424355e-05],
        "median": [3.66742278857e-05, 0.0026361560449, 0.00215141009539, 0.00151896255556, 0.00197559781373, 0.000485568773001, 0.000396807212383, 0.000208293800824, 0.000141897733556, 0.000126974482555, 5.58945757803e-05, 4.2940275307e-05, 3.35293116223e-05, 2.38429056481e-05, 6.22641891823e-05, 5.53711215616e-05, 5.37028972758e-05, 5.86867281527e-05, 7.17861548765e-05, 4.89102458232e-05, 2.23869392357e-05, 1.58447401191e-05, 1.30317885123e-05, 1.95868105948e-05, 2.43108497671e-05, 8.48346098792e-06, 9.82482106338e-07],
        "min": [4.69323920876e-24, 1.95573717202e-23, 2.29156583011e-23, 5.09283677919e-23, 5.36881440262e-23, 4.78408924266e-23, 3.37345038075e-23, 4.69711101697e-23, 2.90502698404e-23, 6.63246165662e-23, 6.1858407976e-23, 9.50048033569e-23, 1.00634897327e-22, 5.9596560745e-23, 1.22103462872e-22, 1.52671191861e-22, 1.94362642163e-22, 8.07944902022e-23, 2.21757105585e-22, 3.11416486474e-22, 3.74190200292e-22, 6.36313028097e-22, 9.40797787486e-22, 8.89403032505e-22, 1.2402662498e-21, 1.58320834435e-21, 2.65215026238e-21],
        "var": [2.19687706249e-07, 4.12746449001e-05, 7.39697088648e-06, 2.16077005462e-05, 0.000162230106071, 3.23871472574e-06, 5.48583238924e-06, 3.1541444514e-06, 1.83795236808e-06, 1.49149855133e-06, 5.51724383513e-07, 7.03394505308e-07, 4.35202736071e-07, 1.35762391551e-07, 2.56178196878e-07, 2.54230172914e-07, 5.35231833965e-07, 1.06485720153e-06, 6.47198817205e-07, 2.25570460088e-07, 1.92286737644e-08, 3.90544130369e-08, 4.82841358007e-08, 5.25655536876e-08, 3.91996088922e-08, 2.98132789567e-08, 2.13312789654e-09]
    },
    "erbbands": {
        "dmean": [0.108440697193, 0.693738937378, 1.27747654915, 4.48510122299, 20.8654651642, 10.3296384811, 4.55880117416, 5.24707508087, 9.00388526917, 7.86641120911, 9.16795539856, 8.02195739746, 7.70297241211, 6.35496902466, 6.57390022278, 6.57560586929, 6.77042150497, 4.76053380966, 6.1615691185, 7.31468486786, 5.60878515244, 6.79773283005, 12.9999742508, 5.84568548203, 9.9445438385, 5.57248449326, 2.39251708984, 2.170586586, 2.12688946724, 2.11519145966, 1.67722046375, 1.63236534595, 1.40629303455, 0.850850343704, 0.570325553417, 0.329172194004, 0.114090159535, 0.0320283509791, 0.00315078278072, 0.000101251062006],
        "dmean2": [0.169523209333, 1.1576782465, 2.15712785721, 7.52232551575, 35.7748603821, 17.7583446503, 7.38449001312, 8.17879486084, 13.6766033173, 11.9257440567, 13.8575963974, 11.6469917297, 11.0991592407, 9.4874382019, 9.82672119141, 10.0292005539, 10.3748483658, 7.31417226791, 9.44577789307, 11.1907453537, 8.57692718506, 10.1742277145, 19.5212688446, 8.74366474152, 14.8086147308, 8.20885658264, 3.57120800018, 3.23851656914, 3.2966375351, 3.33722496033, 2.56923222542, 2.49954080582, 2.11185693741, 1.25747001171, 0.82690757513, 0.499572008848, 0.172557801008, 0.0482498258352, 0.00476585049182, 0.000150227744598],
        "dvar": [0.0413041338325, 1.96044588089, 5.06715774536, 64.8921356201, 3979.82836914, 837.026611328, 71.9144821167, 119.853385925, 660.038269043, 508.819061279, 568.893005371, 440.692810059, 473.897064209, 363.2137146, 524.353393555, 457.54864502, 496.866363525, 176.057952881, 263.737457275, 448.930664062, 154.684310913, 325.445159912, 1758.5612793, 222.596633911, 821.804931641, 208.482177734, 24.4536914825, 27.9186401367, 35.9984741211, 41.7231025696, 25.3023014069, 20.9429626465, 9.94013023376, 3.47684574127, 1.56640005112, 0.65791529417, 0.080458201468, 0.00602005654946, 5.46200317331e-05, 5.03906427696e-08],
        "dvar2": [0.093854047358, 5.05567407608, 13.1701469421, 167.219833374, 10348.5175781, 2237.86425781, 179.757080078, 267.86227417, 1369.18249512, 1116.61462402, 1175.47839355, 829.732055664, 907.130859375, 759.885314941, 1108.11291504, 926.776245117, 1076.58325195, 382.103546143, 568.045471191, 931.901367188, 336.499145508, 670.741394043, 3647.46289062, 461.432373047, 1602.40625, 411.114715576, 54.4026298523, 63.2981376648, 79.2514801025, 95.1039581299, 56.2704200745, 50.3107452393, 22.8745727539, 7.81620836258, 3.50877213478, 1.64551150799, 0.200415924191, 0.0144255738705, 0.000128731015138, 1.17736689731e-07],
        "max": [1.88779461384, 16.2674045563, 34.7246208191, 129.575286865, 635.335266113, 341.528991699, 146.618408203, 308.893737793, 935.53729248, 769.944030762, 568.366638184, 565.985839844, 651.160461426, 792.959594727, 1085.59094238, 741.087402344, 1539.03649902, 350.812011719, 697.043151855, 827.713256836, 387.318878174, 907.730102539, 1381.65783691, 705.929321289, 1182.83361816, 458.228118896, 212.645385742, 288.141601562, 236.403549194, 347.356842041, 205.318466187, 179.161682129, 80.8884735107, 59.8930015564, 39.874622345, 19.4399871826, 6.73604345322, 2.10241293907, 0.127797529101, 0.00333541864529],
        "mean": [0.164295345545, 0.943051338196, 2.52556848526, 7.27183055878, 19.8518753052, 11.7334108353, 7.48690223694, 9.75324630737, 15.7565097809, 13.5138816833, 15.7031269073, 14.9420232773, 14.7637939453, 12.6990118027, 11.416059494, 10.2975749969, 9.91853141785, 6.82928037643, 9.47196006775, 12.0341339111, 9.65054321289, 11.9037656784, 21.0833187103, 9.68225479126, 17.5611495972, 9.35274505615, 3.2984316349, 2.83238363266, 2.5194478035, 2.32791805267, 1.97447013855, 1.96183133125, 1.75932383537, 1.08873832226, 0.731708705425, 0.371645599604, 0.127679899335, 0.035325370729, 0.00339429615997, 0.000123616860947],
        "median": [0.0741385966539, 0.569517016411, 2.03811740875, 4.76930809021, 6.89516639709, 5.32417964935, 3.68962168694, 4.28678798676, 5.96348571777, 5.63298225403, 4.34628105164, 4.32191085815, 3.92523574829, 3.41924333572, 2.81981229782, 2.08743047714, 1.96819591522, 1.54375815392, 2.74848079681, 3.41684341431, 3.0309677124, 3.18430614471, 3.98374891281, 3.01830554008, 3.91743922234, 2.51059484482, 1.12498748302, 0.824610054493, 0.61532753706, 0.401615977287, 0.368875801563, 0.343643188477, 0.349019348621, 0.272397696972, 0.163030982018, 0.0522486269474, 0.0119746103883, 0.00223119650036, 0.000179111753823, 3.11539843096e-05],
        "min": [6.68830051315e-22, 4.21788199291e-21, 2.10054470934e-20, 1.04057227258e-19, 1.90246500255e-19, 1.38164417154e-19, 2.7641581752e-19, 4.06885412876e-19, 4.06692602245e-19, 1.20554450187e-18, 7.0774514128e-19, 4.90311152994e-19, 9.9365453654e-19, 2.93470115572e-18, 2.31878433277e-18, 4.38440879829e-18, 4.81612056384e-18, 2.10616024465e-18, 5.27134783343e-18, 8.64104797045e-18, 9.03158971613e-18, 9.17627766734e-18, 3.75579950923e-18, 8.67818258968e-18, 1.19458619923e-17, 1.30211810722e-17, 1.82326058741e-17, 1.45508729441e-17, 2.04749419678e-17, 2.5610740955e-17, 2.43385437904e-17, 1.78033620019e-17, 1.64101565854e-17, 1.10890021393e-17, 8.73512404869e-18, 6.37979384249e-18, 3.19683489863e-18, 1.36868923068e-18, 3.9757428016e-19, 3.54422464802e-20],
        "var": [0.0581162013113, 1.81179046631, 6.96612739563, 75.5016326904, 2926.00268555, 612.435546875, 121.629211426, 316.565093994, 1432.48474121, 875.091796875, 1319.97167969, 1176.59777832, 1310.44506836, 1049.61376953, 1336.77111816, 1103.79089355, 992.183654785, 310.793548584, 563.876403809, 1163.83996582, 423.64352417, 1003.48083496, 4504.02832031, 525.25012207, 2502.14428711, 511.336456299, 34.112361908, 34.276008606, 45.4031524658, 53.4392929077, 38.5787239075, 26.6389923096, 13.7373151779, 4.90039348602, 2.1290140152, 0.677446782589, 0.0861057341099, 0.00703975511715, 6.51808732073e-05, 6.09474497537e-08]
    },
    "gfcc": {
        "mean": [-27.4997234344, 89.8545227051, -84.7111740112, 36.0424919128, -47.8085327148, 6.99859857559, -37.6579055786, 17.4899749756, -27.6852855682, 0.672726631165, -16.2702026367, -3.62951540947, -9.9962015152],
        "cov": [[9543.45117188, -688.768554688, -75.08152771, -25.110212326, -81.7271499634, 86.4011154175, -159.624984741, 59.3311538696, -109.84098053, 92.0078887939, -106.112586975, 91.4917907715, -259.795379639], [-688.768554688, 1800.73461914, -690.725891113, 141.429382324, 98.656211853, -154.580963135, 112.428031921, 53.2106285095, 31.0107975006, -77.9580001831, 148.17791748, -162.753448486, 182.692886353], [-75.08152771, -690.725891113, 1010.26721191, -34.1002998352, -40.3742370605, 144.38760376, -99.2570266724, -47.8355331421, 20.7928562164, 79.9714813232, -88.8549499512, 86.214881897, -95.6930389404], [-25.110212326, 141.429382324, -34.1002998352, 293.61416626, 5.33416748047, 12.124540329, -15.3010406494, 14.2080516815, 3.09048366547, -17.4971599579, 22.7299442291, -33.0131187439, 55.2711105347], [-81.7271499634, 98.656211853, -40.3742370605, 5.33416748047, 225.686126709, -34.7713851929, 51.3526535034, 15.5311088562, 15.725856781, 2.90167093277, 16.3757152557, 9.9844751358, 3.90614748001], [86.4011154175, -154.580963135, 144.38760376, 12.124540329, -34.7713851929, 183.737884521, 0.658871769905, 8.8265542984, 9.03965377808, 29.374004364, 0.152988150716, 10.9854202271, -4.89238500595], [-159.624984741, 112.428031921, -99.2570266724, -15.3010406494, 51.3526535034, 0.658871769905, 163.110092163, 39.9005851746, -0.416048377752, -6.22390508652, 27.5170783997, 0.87848252058, 16.1300697327], [59.3311538696, 53.2106285095, -47.8355331421, 14.2080516815, 15.5311088562, 8.8265542984, 39.9005851746, 134.574401855, 17.9381732941, 4.74000692368, 17.2665863037, 7.30588150024, 23.4627342224], [-109.84098053, 31.0107975006, 20.7928562164, 3.09048366547, 15.725856781, 9.03965377808, -0.416048377752, 17.9381732941, 100.879203796, 33.9531059265, 12.1392211914, 7.19406604767, 16.1599807739], [92.0078887939, -77.9580001831, 79.9714813232, -17.4971599579, 2.90167093277, 29.374004364, -6.22390508652, 4.74000692368, 33.9531059265, 87.3390960693, 16.4374027252, 13.0925254822, -16.2647266388], [-106.112586975, 148.17791748, -88.8549499512, 22.7299442291, 16.3757152557, 0.152988150716, 27.5170783997, 17.2665863037, 12.1392211914, 16.4374027252, 88.4465789795, 7.95488977432, 20.1727695465], [91.4917907715, -162.753448486, 86.214881897, -33.0131187439, 9.9844751358, 10.9854202271, 0.87848252058, 7.30588150024, 7.19406604767, 13.0925254822, 7.95488977432, 91.7556152344, -2.37253284454], [-259.795379639, 182.692886353, -95.6930389404, 55.2711105347, 3.90614748001, -4.89238500595, 16.1300697327, 23.4627342224, 16.1599807739, -16.2647266388, 20.1727695465, -2.37253284454, 110.308059692]],
        "icov": [[0.000127435618197, -2.2847452783e-06, 0.000112723762868, -8.27725962154e-05, 1.40142901728e-05, -8.63239474711e-05, 0.000135394759127, -0.000132692308398, 0.000154359062435, -0.000214280327782, 0.000234244536841, -0.000241654037382, 0.000345037202351], [-2.2847452783e-06, 0.001172212651, 0.000246714713285, 4.14017522417e-05, -0.00028135557659, 0.00051870191237, -0.000174924512976, 1.33464509418e-05, -0.000363180297427, 0.000578235485591, -0.00157263223082, 0.00188419374172, -0.00123122753575], [0.000112723762868, 0.000246714713285, 0.00178316060919, -0.000349877082044, -8.22851870907e-05, -0.000964509963524, 0.000590262061451, 0.000183807642316, -0.000110574015707, -0.00111001101322, 0.00152112275828, -0.00131200649776, 0.000959949044045], [-8.27725962154e-05, 4.14017522417e-05, -0.000349877082044, 0.00425698235631, -0.000375544157578, -0.000344603817211, 0.000787456694525, -0.000272211065749, 3.60769918188e-05, 0.00105527637061, -0.00160215771757, 0.00203936221078, -0.00227210437879], [1.40142901728e-05, -0.00028135557659, -8.22851870907e-05, -0.000375544157578, 0.00515449885279, 0.00100462976843, -0.00159730319865, -5.05351563334e-05, -0.000700689910445, -0.000338210898917, 0.000147768616443, -0.0011235922575, 0.00072371691931], [-8.63239474711e-05, 0.00051870191237, -0.000964509963524, -0.000344603817211, 0.00100462976843, 0.00700877606869, -0.00103776133619, -0.000389052380342, -0.000120721546409, -0.00116833241191, -0.00126660335809, 0.00113803392742, -0.00111513154116], [0.000135394759127, -0.000174924512976, 0.000590262061451, 0.000787456694525, -0.00159730319865, -0.00103776133619, 0.00800164788961, -0.00195924728177, 0.000793719955254, 0.000378967932193, -0.00113906722981, -0.000353484385414, 0.000123598336359], [-0.000132692308398, 1.33464509418e-05, 0.000183807642316, -0.000272211065749, -5.05351563334e-05, -0.000389052380342, -0.00195924728177, 0.00870085693896, -0.00133674230892, -0.000113020229037, -0.000433074019384, -0.00061364704743, -0.00137326156255], [0.000154359062435, -0.000363180297427, -0.000110574015707, 3.60769918188e-05, -0.000700689910445, -0.000120721546409, 0.000793719955254, -0.00133674230892, 0.0126666780561, -0.00541584054008, 0.000553116842639, -0.000804832438007, -0.00173390342388], [-0.000214280327782, 0.000578235485591, -0.00111001101322, 0.00105527637061, -0.000338210898917, -0.00116833241191, 0.000378967932193, -0.000113020229037, -0.00541584054008, 0.0170371141285, -0.00548686273396, 0.00134728697594, 0.00131263816729], [0.000234244536841, -0.00157263223082, 0.00152112275828, -0.00160215771757, 0.000147768616443, -0.00126660335809, -0.00113906722981, -0.000433074019384, 0.000553116842639, -0.00548686273396, 0.0177462678403, -0.00561527535319, 0.00121971336193], [-0.000241654037382, 0.00188419374172, -0.00131200649776, 0.00203936221078, -0.0011235922575, 0.00113803392742, -0.000353484385414, -0.00061364704743, -0.000804832438007, 0.00134728697594, -0.00561527535319, 0.0167439132929, -0.00387370097451], [0.000345037202351, -0.00123122753575, 0.000959949044045, -0.00227210437879, 0.00072371691931, -0.00111513154116, 0.000123598336359, -0.00137326156255, -0.00173390342388, 0.00131263816729, 0.00121971336193, -0.00387370097451, 0.0142286615446]]
    },
    "melbands": {
        "dmean": [0.000918715028092, 0.00071218929952, 0.00126742350403, 0.00125939934514, 0.000171901730937, 0.000117873154522, 0.000133586057927, 8.82783060661e-05, 7.25703066564e-05, 4.90958991577e-05, 3.87326472264e-05, 2.65864782705e-05, 2.04572952498e-05, 1.87515888683e-05, 1.58571256179e-05, 1.43221668623e-05, 8.85101053427e-06, 9.48101205722e-06, 1.07304904304e-05, 1.01482964965e-05, 6.17046862317e-06, 5.68823907088e-06, 1.51204858412e-05, 7.26296957509e-06, 4.7152047955e-06, 7.56445297156e-06, 6.37759512756e-06, 3.14467729368e-06, 1.5294252762e-06, 1.50989592385e-06, 1.22206552078e-06, 1.24751500152e-06, 1.20466779663e-06, 1.19685978461e-06, 9.70032260739e-07, 1.01207865555e-06, 9.79730089057e-07, 1.02793319456e-06, 9.04352873476e-07, 6.69030782774e-07],
        "dmean2": [0.00145668722689, 0.00118282623589, 0.00214176927693, 0.00215358310379, 0.00028323821607, 0.00018375365471, 0.000202531547984, 0.000133923982503, 0.000109920052637, 7.13957197149e-05, 5.62060340599e-05, 3.99933378503e-05, 3.0778497603e-05, 2.84675097646e-05, 2.44086495513e-05, 2.19030443986e-05, 1.37513497975e-05, 1.46281354318e-05, 1.66135741893e-05, 1.56502082973e-05, 9.51154470386e-06, 8.67039670993e-06, 2.25208841584e-05, 1.11939989438e-05, 7.15643864169e-06, 1.13496371341e-05, 9.48248816712e-06, 4.6589784688e-06, 2.34241269936e-06, 2.30335740525e-06, 1.84893167443e-06, 1.9368167159e-06, 1.94385688701e-06, 1.88655712918e-06, 1.48691185586e-06, 1.59611897743e-06, 1.49792970205e-06, 1.55745874508e-06, 1.37733127303e-06, 9.98932705443e-07],
        "dvar": [3.00815440823e-06, 1.67509836047e-06, 8.73771568877e-06, 1.4438861399e-05, 1.04561138414e-07, 5.80795536109e-08, 1.30936101073e-07, 6.39925445967e-08, 3.5570366208e-08, 1.69101852521e-08, 1.21473782144e-08, 6.67706689939e-09, 4.66405269961e-09, 3.86558385301e-09, 2.65456900905e-09, 2.2093129548e-09, 7.41292305317e-10, 6.57013832228e-10, 7.85604359343e-10, 7.73470454352e-10, 2.00452807131e-10, 1.9766846493e-10, 2.39039099625e-09, 5.62061786002e-10, 1.95465213459e-10, 5.5530668952e-10, 2.74615274964e-10, 6.60666105157e-11, 1.05622932275e-11, 1.04906257292e-11, 1.05451385471e-11, 1.35548681654e-11, 1.4310344576e-11, 1.32054089885e-11, 8.65711235337e-12, 1.18927428669e-11, 6.76649361542e-12, 5.4380042136e-12, 4.12054591836e-12, 2.20011140382e-12],
        "dvar2": [7.1638605732e-06, 4.21989489041e-06, 2.23675106099e-05, 3.78051190637e-05, 2.73100170034e-07, 1.28478461647e-07, 2.73598487865e-07, 1.35711573535e-07, 7.23324831142e-08, 3.16126715916e-08, 2.32898251795e-08, 1.39608751226e-08, 9.94828930345e-09, 7.65585106421e-09, 5.64945468184e-09, 4.6446064772e-09, 1.59653690268e-09, 1.42101597156e-09, 1.71563718787e-09, 1.68305125392e-09, 4.3769174396e-10, 4.27581303697e-10, 4.68709737689e-09, 1.19394127918e-09, 4.05628308719e-10, 1.07675557359e-09, 5.50193335336e-10, 1.31892913258e-10, 2.37100668959e-11, 2.42713418808e-11, 2.44048531384e-11, 3.17282554396e-11, 3.2579699355e-11, 3.01192369656e-11, 1.94905550033e-11, 2.93789333139e-11, 1.6134293554e-11, 1.26891067098e-11, 9.57277920127e-12, 4.96727225324e-12],
        "max": [0.0159367844462, 0.0170821882784, 0.0346189290285, 0.0361604504287, 0.00531913619488, 0.00603888789192, 0.0120667172596, 0.010170086287, 0.0045707905665, 0.00382387056015, 0.00340299471281, 0.00336958118714, 0.00268101971596, 0.00238216342404, 0.00217497674748, 0.00222013774328, 0.000725678459276, 0.000954241491854, 0.00124273193069, 0.000959866854828, 0.000520420318935, 0.000588845228776, 0.00205731578171, 0.000791208760347, 0.000729650899302, 0.000878986204043, 0.000484838907141, 0.000228203512961, 0.000118253519759, 0.000143262339407, 0.000179361275514, 0.000154945300892, 0.000208341210964, 0.000174445856828, 0.000101868979982, 0.000148860519403, 9.9366872746e-05, 5.52985948161e-05, 5.34920764039e-05, 4.82870127598e-05],
        "mean": [0.00136874045711, 0.00131567369681, 0.00166759407148, 0.00125038437545, 0.000279186177067, 0.000220781206735, 0.000234535211348, 0.000148880775669, 0.000124453072203, 8.85991685209e-05, 7.21965116099e-05, 5.15898682352e-05, 3.4974047594e-05, 3.05965004372e-05, 2.20739621e-05, 2.00565355044e-05, 1.18374318845e-05, 1.37725983222e-05, 1.64806424436e-05, 1.61608331837e-05, 9.99459098239e-06, 8.86962425284e-06, 2.57036426774e-05, 1.06262223198e-05, 7.04426338416e-06, 1.25594442579e-05, 1.07661189759e-05, 4.960163551e-06, 1.95624193111e-06, 1.8996503286e-06, 1.52075654114e-06, 1.46139495882e-06, 1.2799872593e-06, 1.31302692807e-06, 1.13113571842e-06, 1.13847954708e-06, 1.18810055483e-06, 1.26701161207e-06, 1.09963718842e-06, 8.4950619339e-07],
        "median": [0.000747530255467, 0.00106252089608, 0.00100581685547, 0.000477416790091, 0.000147407059558, 9.66805237113e-05, 9.05302003957e-05, 5.76407983317e-05, 3.10854557029e-05, 2.39337950916e-05, 1.74940378201e-05, 1.27119092213e-05, 8.38139294501e-06, 5.63850971957e-06, 4.17396040575e-06, 3.45769035448e-06, 2.30408568314e-06, 3.41322311215e-06, 5.00013447891e-06, 4.06279923482e-06, 3.04354807668e-06, 2.61116611e-06, 4.12448389397e-06, 2.26361544264e-06, 2.01138709599e-06, 2.64028631136e-06, 2.44751345235e-06, 1.2749853795e-06, 5.88758894082e-07, 5.33924207957e-07, 4.13814348121e-07, 3.60520289178e-07, 2.39356040765e-07, 2.07882621339e-07, 2.05851137025e-07, 1.97853509576e-07, 2.07798635188e-07, 2.36582678781e-07, 2.33927522686e-07, 2.19999577666e-07],
        "min": [5.5974623439e-24, 9.00473837029e-24, 2.16409190317e-23, 1.16382542613e-23, 8.98986360906e-24, 9.15358616792e-24, 6.78180643661e-24, 1.33654888792e-23, 5.69623601227e-24, 2.90058001735e-24, 5.39255335719e-24, 1.25289799864e-23, 7.8107618915e-24, 1.17848127846e-23, 1.23102414792e-23, 7.05631662099e-24, 3.50995771169e-24, 8.2855985696e-24, 1.13251530015e-23, 1.10028962219e-23, 1.13469476506e-23, 1.17470042592e-23, 3.62512745955e-24, 3.83768879147e-24, 7.23245506163e-24, 8.31300675289e-24, 7.96914307316e-24, 9.66479564463e-24, 1.11899485532e-23, 1.07049734348e-23, 7.68259171592e-24, 1.1816247314e-23, 1.31014847443e-23, 1.50705470392e-23, 1.39280965881e-23, 1.43793849794e-23, 9.86804329028e-24, 1.14200821562e-23, 1.12442529491e-23, 8.75774996517e-24],
        "var": [3.64015568266e-06, 1.99381133825e-06, 7.27483939045e-06, 1.05359531517e-05, 1.47724492194e-07, 1.55189084694e-07, 2.88229415446e-07, 1.15665535816e-07, 8.54020214547e-08, 4.54167867758e-08, 3.38297816427e-08, 1.94897307182e-08, 1.17151826018e-08, 1.03891517611e-08, 4.82937156931e-09, 4.60704852046e-09, 1.23425170084e-09, 1.39309686009e-09, 1.54007162578e-09, 1.98257255057e-09, 5.39567390767e-10, 4.16599060804e-10, 8.30595947576e-09, 1.14563514231e-09, 4.32557073493e-10, 1.64298363803e-09, 7.00273672383e-10, 1.56444010524e-10, 1.48348573009e-11, 1.3142377811e-11, 1.21495756164e-11, 1.52312953916e-11, 1.74462180813e-11, 1.71502291535e-11, 1.3022300252e-11, 1.40001205073e-11, 8.76349687262e-12, 7.31284043737e-12, 5.50388640913e-12, 3.02076311014e-12]
    },
    "mfcc": {
        "mean": [-682.423156738, 125.388801575, 19.8226699829, 33.3672561646, 14.3472366333, -4.25171995163, 6.32605457306, 3.38667607307, 2.14888691902, 3.55716776848, -2.5002579689, -3.28135061264, 0.229965031147],
        "cov": [[7691.77294922, -194.769744873, -151.670028687, -53.4491653442, -9.66900157928, -53.621131897, -34.3134536743, 0.433721989393, -78.6569290161, -21.9385433197, 45.9249267578, 25.1348838806, -7.18191432953], [-194.769744873, 1311.2434082, -406.009735107, 158.442718506, -23.3951663971, -113.818824768, 80.7072753906, -11.0141925812, 23.3754482269, 46.311000824, -17.770160675, -4.20762872696, 49.5511436462], [-151.670028687, -406.009735107, 771.335571289, -80.6953277588, 87.2554931641, 111.588218689, -67.2121124268, -18.5370407104, -2.04785275459, -23.4218997955, 33.5859565735, -0.956417918205, -15.6174020767], [-53.4491653442, 158.442718506, -80.6953277588, 254.559692383, 41.3551673889, -29.0727787018, 26.3716545105, -0.482356101274, 18.2455596924, 8.04305076599, -27.1101989746, -13.0524940491, 12.3455696106], [-9.66900157928, -23.3951663971, 87.2554931641, 41.3551673889, 166.733917236, 29.5901088715, -20.47149086, -7.25016546249, 9.33151626587, 7.07442522049, 2.32417345047, 6.05865192413, 2.1577398777], [-53.621131897, -113.818824768, 111.588218689, -29.0727787018, 29.5901088715, 143.121032715, 5.57968473434, -13.8800096512, -7.76792860031, 0.0892105028033, 16.7911281586, 6.36841392517, -7.58250284195], [-34.3134536743, 80.7072753906, -67.2121124268, 26.3716545105, -20.47149086, 5.57968473434, 133.500244141, 40.9886016846, 5.153008461, 17.0424804688, -3.82497239113, 8.62870693207, 9.41673088074], [0.433721989393, -11.0141925812, -18.5370407104, -0.482356101274, -7.25016546249, -13.8800096512, 40.9886016846, 93.0682220459, 27.035036087, -6.18306446075, 0.0877228155732, 14.0221986771, 4.48365449905], [-78.6569290161, 23.3754482269, -2.04785275459, 18.2455596924, 9.33151626587, -7.76792860031, 5.153008461, 27.035036087, 86.4927139282, 30.5054454803, -15.3160190582, -6.1566734314, 7.27801322937], [-21.9385433197, 46.311000824, -23.4218997955, 8.04305076599, 7.07442522049, 0.0892105028033, 17.0424804688, -6.18306446075, 30.5054454803, 91.2303619385, 18.1462039948, -16.5005016327, 0.506076455116], [45.9249267578, -17.770160675, 33.5859565735, -27.1101989746, 2.32417345047, 16.7911281586, -3.82497239113, 0.0877228155732, -15.3160190582, 18.1462039948, 95.850692749, 29.3187046051, -9.26046180725], [25.1348838806, -4.20762872696, -0.956417918205, -13.0524940491, 6.05865192413, 6.36841392517, 8.62870693207, 14.0221986771, -6.1566734314, -16.5005016327, 29.3187046051, 93.1449661255, 23.6416797638], [-7.18191432953, 49.5511436462, -15.6174020767, 12.3455696106, 2.1577398777, -7.58250284195, 9.41673088074, 4.48365449905, 7.27801322937, 0.506076455116, -9.26046180725, 23.6416797638, 76.4495162964]],
