{
"lowlevel": {
    "average_loudness": 0.943088829517,
    "barkbands_crest": {
        "dmean": 2.91083741188,
        "dmean2": 4.8606672287,
        "dvar": 8.59811878204,
        "dvar2": 23.0362148285,
        "max": 25.5406303406,
        "mean": 8.87948226929,
        "median": 8.00849819183,
        "min": 2.15438938141,
        "var": 15.3926820755
    },
    "barkbands_flatness_db": {
        "dmean": 0.0229424126446,
        "dmean2": 0.036953959614,
        "dvar": 0.000730484491214,
        "dvar2": 0.00174384075217,
        "max": 0.515471994877,
        "mean": 0.119666665792,
        "median": 0.0972705855966,
        "min": 0.0309941228479,
        "var": 0.00394650408998
    },
    "barkbands_kurtosis": {
        "dmean": 4.20761632919,
        "dmean2": 6.98442411423,
        "dvar": 163.569824219,
        "dvar2": 417.018798828,
        "max": 508.335083008,
        "mean": 4.98410987854,
        "median": -0.256652832031,
        "min": -1.94513726234,
        "var": 409.15234375
    },
    "barkbands_skewness": {
        "dmean": 0.678187668324,
        "dmean2": 1.07954287529,
        "dvar": 0.766406357288,
        "dvar2": 1.83192574978,
        "max": 18.4566726685,
        "mean": 1.34336960316,
        "median": 0.924196600914,
        "min": -2.25789880753,
        "var": 2.81229186058
    },
    "barkbands_spread": {
        "dmean": 7.07037830353,
        "dmean2": 11.0657224655,
        "dvar": 60.3188247681,
        "dvar2": 139.518981934,
        "max": 115.205345154,
        "mean": 31.744764328,
        "median": 31.4448394775,
        "min": 0.361728221178,
        "var": 242.566680908
    },
    "dissonance": {
        "dmean": 0.0120887923986,
        "dmean2": 0.0203453991562,
        "dvar": 0.000217927896301,
        "dvar2": 0.000588682712987,
        "max": 0.500000119209,
        "mean": 0.47738096118,
        "median": 0.48543381691,
        "min": 0.218652918935,
        "var": 0.000558282423299
    },
    "dynamic_complexity": 3.29324865341,
    "erbbands_crest": {
        "dmean": 2.29220366478,
        "dmean2": 3.75952839851,
        "dvar": 4.79474878311,
        "dvar2": 12.1765995026,
        "max": 32.1822776794,
        "mean": 7.87967777252,
        "median": 6.87772989273,
        "min": 2.3554880619,
        "var": 13.4898691177
    },
    "erbbands_flatness_db": {
        "dmean": 0.0147215388715,
        "dmean2": 0.0215644780546,
        "dvar": 0.000238738415646,
        "dvar2": 0.000455049448647,
        "max": 0.35400095582,
        "mean": 0.145278841257,
        "median": 0.133061692119,
        "min": 0.0398529097438,
        "var": 0.00202355440706
    },
    "erbbands_kurtosis": {
        "dmean": 0.996278643608,
        "dmean2": 1.59342217445,
        "dvar": 2.68006086349,
        "dvar2": 6.18329906464,
        "max": 61.3173294067,
        "mean": 0.645841181278,
        "median": 0.214912414551,
        "min": -1.81929957867,
        "var": 5.96992349625
    },
    "erbbands_skewness": {
        "dmean": 0.329845130444,
        "dmean2": 0.511127352715,
        "dvar": 0.108677469194,
        "dvar2": 0.238367289305,
        "max": 6.81642484665,
        "mean": -0.297398746014,
        "median": -0.382710546255,
        "min": -3.81833982468,
        "var": 0.689891695976
    },
    "erbbands_spread": {
        "dmean": 9.86764335632,
        "dmean2": 15.6566410065,
        "dvar": 116.009521484,
        "dvar2": 276.305206299,
        "max": 156.49055481,
        "mean": 40.5439453125,
        "median": 37.6148223877,
        "min": 3.10382199287,
        "var": 380.62097168
    },
    "hfc": {
        "dmean": 6.38873243332,
        "dmean2": 10.0546483994,
        "dvar": 70.9484329224,
        "dvar2": 175.929351807,
        "max": 145.063491821,
        "mean": 24.8287162781,
        "median": 21.2709026337,
        "min": 1.12230449378e-16,
        "var": 339.728027344
    },
    "melbands_crest": {
        "dmean": 3.25894427299,
        "dmean2": 5.34925842285,
        "dvar": 8.72833251953,
        "dvar2": 22.0817127228,
        "max": 31.3759422302,
        "mean": 14.3807134628,
        "median": 13.9088315964,
        "min": 1.73967444897,
        "var": 26.1401596069
    },
    "melbands_flatness_db": {
        "dmean": 0.0300009213388,
        "dmean2": 0.0478140898049,
        "dvar": 0.00125245028175,
        "dvar2": 0.00291858124547,
        "max": 0.636731266975,
        "mean": 0.182129397988,
        "median": 0.157175391912,
        "min": 0.00445663183928,
        "var": 0.00686655333266
    },
    "melbands_kurtosis": {
        "dmean": 11.6665554047,
        "dmean2": 18.9719200134,
        "dvar": 714.624572754,
        "dvar2": 1669.22912598,
        "max": 599.296508789,
        "mean": 18.3179168701,
        "median": 5.41127872467,
        "min": -1.70207905769,
        "var": 2054.25317383
    },
    "melbands_skewness": {
        "dmean": 1.00229871273,
        "dmean2": 1.58805668354,
        "dvar": 1.59139382839,
        "dvar2": 3.75177121162,
        "max": 17.3601779938,
        "mean": 2.85276603699,
        "median": 2.35078907013,
        "min": -1.15582096577,
        "var": 5.05457735062
    },
    "melbands_spread": {
        "dmean": 9.85828781128,
        "dmean2": 15.7361059189,
        "dvar": 121.546188354,
        "dvar2": 281.9112854,
        "max": 219.966705322,
        "mean": 32.8545417786,
        "median": 32.2416419983,
        "min": 0.347736150026,
        "var": 390.35925293
    },
    "pitch_salience": {
        "dmean": 0.0798055231571,
        "dmean2": 0.134602710605,
        "dvar": 0.0058962944895,
        "dvar2": 0.0165802817792,
        "max": 0.860295593739,
        "mean": 0.553237557411,
        "median": 0.565671145916,
        "min": 0.116148650646,
        "var": 0.0131086017936
    },
    "silence_rate_20dB": {
        "dmean": 0,
        "dmean2": 0,
        "dvar": 0,
        "dvar2": 0,
        "max": 1,
        "mean": 1,
        "median": 1,
        "min": 1,
        "var": 0
    },
    "silence_rate_30dB": {
        "dmean": 0.00600831909105,
        "dmean2": 0.0120175639167,
        "dvar": 0.00597190111876,
        "dvar2": 0.0172633454204,
        "max": 1,
        "mean": 0.996687948704,
        "median": 1,
        "min": 0,
        "var": 0.00330137670971
    },
    "silence_rate_60dB": {
        "dmean": 0.00431366497651,
        "dmean2": 0.00862799491733,
        "dvar": 0.00429551256821,
        "dvar2": 0.0114827109501,
        "max": 1,
        "mean": 0.0512978509068,
        "median": 0,
        "min": 0,
        "var": 0.0486594699323
    },
    "spectral_centroid": {
        "dmean": 284.155731201,
        "dmean2": 454.939025879,
        "dvar": 96622.359375,
        "dvar2": 223874.140625,
        "max": 11578.6523438,
        "mean": 1832.67028809,
        "median": 1910.30883789,
        "min": 111.146812439,
        "var": 708285.25
    },
    "spectral_complexity": {
        "dmean": 3.94808197021,
        "dmean2": 6.183344841,
        "dvar": 18.3168106079,
        "dvar2": 38.0997962952,
        "max": 60,
        "mean": 26.8494949341,
        "median": 29,
        "min": 0,
        "var": 207.357315063
    },
    "spectral_decrease": {
        "dmean": 4.14135703508e-09,
        "dmean2": 7.10970526896e-09,
        "dvar": 5.2044950136e-17,
        "dvar2": 1.38244578194e-16,
        "max": 9.60456147514e-29,
        "mean": -7.08451741716e-09,
        "median": -5.08764230744e-09,
        "min": -4.7748137888e-08,
        "var": 4.78144937118e-17
    },
    "spectral_energy": {
        "dmean": 0.0160622280091,
        "dmean2": 0.0275150146335,
        "dvar": 0.00076188967796,
        "dvar2": 0.00202427967452,
        "max": 0.182158067822,
        "mean": 0.0289906859398,
        "median": 0.0214134268463,
        "min": 1.01875782346e-20,
        "var": 0.000725936377421
    },
    "spectral_energyband_high": {
        "dmean": 0.000339978956617,
        "dmean2": 0.000496947846841,
        "dvar": 2.74285412161e-07,
        "dvar2": 5.5689082501e-07,
        "max": 0.0175752975047,
        "mean": 0.00121770787518,
        "median": 0.000920307647903,
        "min": 7.3101876608e-21,
        "var": 1.3260033711e-06
    },
    "spectral_energyband_low": {
        "dmean": 0.0113288490102,
        "dmean2": 0.0197402350605,
        "dvar": 0.000623133732006,
        "dvar2": 0.00167558039539,
        "max": 0.171882137656,
        "mean": 0.0133879818022,
        "median": 0.00703981798142,
        "min": 7.37868305219e-24,
        "var": 0.000482486881083
    },
    "spectral_energyband_middle_high": {
        "dmean": 0.002226524055,
        "dmean2": 0.00351089285687,
        "dvar": 1.19455326058e-05,
        "dvar2": 3.00419869745e-05,
        "max": 0.0618131905794,
        "mean": 0.0072099273093,
        "median": 0.00479321368039,
        "min": 1.24894841506e-21,
        "var": 5.7945264416e-05
    },
    "spectral_energyband_middle_low": {
        "dmean": 0.00568713573739,
        "dmean2": 0.00984798837453,
        "dvar": 0.000106565152237,
        "dvar2": 0.000287259783363,
        "max": 0.103980973363,
        "mean": 0.00832127965987,
        "median": 0.00561613030732,
        "min": 1.72085740314e-22,
        "var": 9.28119261516e-05
    },
    "spectral_entropy": {
        "dmean": 0.117669388652,
        "dmean2": 0.177666649222,
        "dvar": 0.0264395810664,
        "dvar2": 0.0503719970584,
        "max": 9.8173160553,
        "mean": 7.76655054092,
        "median": 7.89730834961,
        "min": 5.03570079803,
        "var": 0.203896760941
    },
    "spectral_flux": {
        "dmean": 0.0348265692592,
        "dmean2": 0.0548450313509,
        "dvar": 0.00243879668415,
        "dvar2": 0.00463588023558,
        "max": 0.374625056982,
        "mean": 0.0982070788741,
        "median": 0.0797512307763,
        "min": 6.22494278346e-11,
        "var": 0.00439281016588
    },
    "spectral_kurtosis": {
        "dmean": 1.34784817696,
        "dmean2": 2.28327989578,
        "dvar": 5.53600788116,
        "dvar2": 15.3863277435,
        "max": 41.0954704285,
        "mean": 3.99358439445,
        "median": 3.2338886261,
        "min": -1.24261045456,
        "var": 9.46170520782
    },
    "spectral_rms": {
        "dmean": 0.00120735715609,
        "dmean2": 0.00198470451869,
        "dvar": 2.94684582514e-06,
        "dvar2": 7.50671006244e-06,
        "max": 0.013330985792,
        "mean": 0.00485612032935,
        "median": 0.00457068346441,
        "min": 3.15263396986e-12,
        "var": 4.70166014566e-06
    },
    "spectral_rolloff": {
        "dmean": 572.427429199,
        "dmean2": 938.819458008,
        "dvar": 596558.9375,
        "dvar2": 1302262.75,
        "max": 19293.75,
        "mean": 2001.74462891,
        "median": 2024.12109375,
        "min": 86.1328125,
        "var": 2403640
    },
    "spectral_skewness": {
        "dmean": 0.183611959219,
        "dmean2": 0.301482200623,
        "dvar": 0.0651560351253,
        "dvar2": 0.166362836957,
        "max": 5.1413898468,
        "mean": 1.31559419632,
        "median": 1.22101616859,
        "min": -0.0764237567782,
        "var": 0.210698246956
    },
    "spectral_spread": {
        "dmean": 426595.28125,
        "dmean2": 592793.0625,
        "dvar": 409251381248,
        "dvar2": 784244604928,
        "max": 44538580,
        "mean": 4476181,
        "median": 4291903,
        "min": 930591.75,
        "var": 5.50323145933e+12
    },
    "spectral_strongpeak": {
        "dmean": 0.515200376511,
        "dmean2": 0.906621336937,
        "dvar": 0.981766223907,
        "dvar2": 2.60280919075,
        "max": 10.3948526382,
        "mean": 0.690013825893,
        "median": 0.318147718906,
        "min": 0,
        "var": 1.24504125118
    },
    "zerocrossingrate": {
        "dmean": 0.0106446594,
        "dmean2": 0.0127034373581,
        "dvar": 0.000124131605844,
        "dvar2": 0.000155563728185,
        "max": 0.51904296875,
        "mean": 0.072725661099,
        "median": 0.07080078125,
        "min": 0.00341796875,
        "var": 0.00154139008373
    },
    "barkbands": {
        "dmean": [0.000232273334404, 0.0074836788699, 0.00429349346086, 0.00196011387743, 0.00318304402754, 0.000449725164799, 0.000311155919917, 0.000511558493599, 0.000460584065877, 0.000645783846267, 0.000381444377126, 0.000277977087535, 0.000397327996325, 0.000664202205371, 0.000476877641631, 0.000350564718246, 0.000425827456638, 0.000206448297831, 0.000248495052801, 0.000212104874663, 0.000132903660415, 9.47786393226e-05, 6.21244325885e-05, 4.69815640827e-05, 3.18222810165e-05, 1.58535531227e-05, 3.76990413997e-07],
        "dmean2": [0.000329777802108, 0.013032364659, 0.00792772043496, 0.00348588312045, 0.00569457514212, 0.000727372942492, 0.000499525747728, 0.000820683431812, 0.000742275791708, 0.00103418692015, 0.000622453109827, 0.000456036563264, 0.000644891813863, 0.00109456514474, 0.00078554142965, 0.00058334635105, 0.000708432227839, 0.000344603060512, 0.000419014832005, 0.000356674107024, 0.000215583859244, 0.000148951017763, 9.34082345339e-05, 6.92161120242e-05, 4.51637024526e-05, 2.32205020438e-05, 6.07298034083e-07],
        "dvar": [2.68167895001e-07, 0.00028647450381, 9.80846889433e-05, 1.13770993266e-05, 5.10856989422e-05, 5.77109517508e-07, 3.49560423274e-07, 1.24198186313e-06, 2.12675558942e-06, 3.9721990106e-06, 1.47761511471e-06, 5.71318651055e-07, 1.01205364444e-06, 2.52570384873e-06, 1.14106171623e-06, 2.86638112357e-07, 3.39077985245e-07, 8.2145476199e-08, 1.18828609175e-07, 7.40510515129e-08, 3.80874638495e-08, 2.0313533966e-08, 1.28371944186e-08, 2.01347507556e-08, 5.02725194806e-09, 9.46731693041e-10, 4.57089119159e-13],
        "dvar2": [4.95633457831e-07, 0.000763271062169, 0.000285211222945, 3.12611446134e-05, 0.000142732344102, 1.43057502555e-06, 8.41211544866e-07, 3.12907604894e-06, 5.15424562764e-06, 1.00768638731e-05, 3.92415449824e-06, 1.50213384131e-06, 2.56946259469e-06, 6.95337894285e-06, 2.94167080028e-06, 7.55068299441e-07, 8.91534853054e-07, 2.19573308868e-07, 3.19062536391e-07, 1.97524357759e-07, 9.49005283246e-08, 4.5804551263e-08, 2.64642530112e-08, 5.03945258856e-08, 1.11319256035e-08, 2.17833728833e-09, 1.18138701946e-12],
        "max": [0.00731964083388, 0.137794137001, 0.0933804363012, 0.0360034555197, 0.0612591691315, 0.0209739170969, 0.0135828200728, 0.023043371737, 0.0548156201839, 0.0526570081711, 0.0382057316601, 0.0168055966496, 0.0251890271902, 0.0284813586622, 0.0238266866654, 0.0132936090231, 0.0160687454045, 0.00692006619647, 0.00584077602252, 0.00468760635704, 0.0026864958927, 0.00247554015368, 0.00555598316714, 0.00915186479688, 0.00223906827159, 0.000686014420353, 1.71455067175e-05],
        "mean": [0.000280981097603, 0.00736414734274, 0.00480228289962, 0.00212561269291, 0.00321112829261, 0.000758873182349, 0.000488509831484, 0.000746941484977, 0.000653215567581, 0.000941990583669, 0.000584905676078, 0.000405235594371, 0.000636032258626, 0.00112255464774, 0.000811190111563, 0.000674253271427, 0.000890583498403, 0.000435121008195, 0.000555065402295, 0.000531136523932, 0.000335270306095, 0.000239909015363, 0.000166056939634, 0.00012107405928, 7.4882300396e-05, 3.31622977683e-05, 5.87591330259e-07],
        "median": [3.21669176628e-05, 0.00266829621978, 0.00284522771835, 0.00114294083323, 0.00144345196895, 0.000404441816499, 0.000249400298344, 0.000277623039437, 0.000194132444449, 0.000170866944245, 0.000139253796078, 9.58960954449e-05, 0.000170781306224, 0.000333153060637, 0.000350915914169, 0.000479955720948, 0.000723501201719, 0.000349624519004, 0.000454260065453, 0.000484200107167, 0.000254283339018, 0.000161487216246, 8.15835592221e-05, 6.55663534417e-05, 4.35915462731e-05, 1.87631849258e-05, 3.01968952954e-07],
        "min": [2.807281586e-25, 1.28870052971e-24, 8.97859887255e-25, 9.81477664095e-25, 7.86570368697e-24, 9.0099038315e-24, 7.55254010709e-24, 1.37270758968e-23, 1.43191049621e-23, 2.01604669263e-23, 1.77108455563e-23, 3.46538991044e-23, 3.77056075163e-23, 5.00340109401e-23, 4.31524743412e-23, 6.93551614176e-23, 8.13836620134e-23, 1.22502374055e-22, 1.3510794218e-22, 1.95876081276e-22, 2.61811574846e-22, 3.4583747913e-22, 4.18209497084e-22, 5.76256353185e-22, 9.76662004323e-22, 1.35773983122e-21, 2.1796677661e-21],
        "var": [4.30191875012e-07, 0.000221591253649, 6.21252547717e-05, 9.0665771495e-06, 3.63830949937e-05, 1.34842025545e-06, 5.8850031337e-07, 1.9542139853e-06, 3.0034102565e-06, 7.05802813172e-06, 2.6601016998e-06, 9.52098844209e-07, 2.26629390454e-06, 5.71789632886e-06, 2.25807434617e-06, 6.12345900208e-07, 7.57137001983e-07, 1.76013728037e-07, 2.76032523061e-07, 2.01899240437e-07, 1.08837582502e-07, 6.76763036722e-08, 5.12997111457e-08, 3.77151252451e-08, 1.09762439138e-08, 1.99034211334e-09, 6.92444148895e-13]
    },
    "erbbands": {
        "dmean": [0.164873838425, 1.90683841705, 4.8873872757, 5.48029375076, 12.4871110916, 8.01851463318, 4.42488193512, 3.92049980164, 4.43620204926, 6.91112995148, 10.2841348648, 10.6477193832, 19.2586975098, 15.1782264709, 12.3996267319, 11.6857681274, 16.9017429352, 25.3393764496, 31.7969856262, 16.2003517151, 21.5907993317, 21.3209400177, 11.9580087662, 10.8553972244, 12.2813587189, 9.86010456085, 6.47436952591, 4.95757865906, 3.51737976074, 2.20558428764, 1.81858384609, 1.208360672, 0.673888742924, 0.363770335913, 0.250547707081, 0.108300730586, 0.0202437154949, 0.0020268401131, 4.78888796351e-05, 1.87062632904e-05],
        "dmean2": [0.286239981651, 3.34757852554, 8.98146247864, 9.90603542328, 22.3438434601, 14.4088430405, 7.56205415726, 6.19550085068, 7.07872343063, 11.0792789459, 16.4071159363, 17.0904636383, 30.7332248688, 24.5333557129, 20.1385231018, 19.0831050873, 27.3363838196, 41.4076309204, 51.8354415894, 26.4006748199, 35.9529266357, 35.404296875, 19.8211574554, 18.2448291779, 20.6564331055, 16.5825939178, 10.6993684769, 7.95617628098, 5.5241818428, 3.42491912842, 2.73495841026, 1.81484282017, 0.987616658211, 0.519849300385, 0.367727160454, 0.159008935094, 0.0293505229056, 0.00291470671073, 6.8822686444e-05, 3.16433761327e-05],
        "dvar": [0.138327226043, 18.825428009, 129.270629883, 110.204627991, 756.453613281, 303.014343262, 50.9962539673, 50.5569953918, 74.0717544556, 207.044158936, 575.928771973, 1223.90136719, 2895.53955078, 2442.86206055, 983.300048828, 1033.01647949, 1834.50024414, 2934.70068359, 5389.16699219, 1156.05554199, 1141.98168945, 777.958496094, 274.75100708, 238.615142822, 301.994506836, 169.652938843, 91.9585647583, 52.644657135, 29.779548645, 13.038110733, 12.416973114, 14.7536840439, 2.94718337059, 0.711438596249, 0.282986611128, 0.0445470139384, 0.00166639371309, 1.56130681717e-05, 7.67258434564e-09, 9.17411813184e-10],
        "dvar2": [0.370376348495, 50.4921455383, 371.850769043, 312.769897461, 2086.65161133, 859.604553223, 136.116760254, 115.085578918, 177.465637207, 521.971862793, 1397.20007324, 3057.89160156, 7185.80957031, 6431.0390625, 2503.02319336, 2705.97729492, 4705.90039062, 7762.12109375, 14277.4863281, 2936.04858398, 2948.27490234, 2056.38989258, 723.002929688, 652.602783203, 796.433166504, 457.157501221, 238.727859497, 126.146682739, 67.9817504883, 29.1458339691, 26.4342021942, 37.4771995544, 6.76395082474, 1.57146441936, 0.654102921486, 0.101287856698, 0.00390081922524, 3.58645629603e-05, 1.75375518552e-08, 2.43056952343e-09],
        "max": [3.16554665565, 34.0756416321, 96.9436950684, 95.0238113403, 268.274841309, 179.174743652, 172.666152954, 270.578643799, 228.685455322, 350.309814453, 485.341827393, 1391.97839355, 1501.1270752, 1122.48193359, 862.606872559, 836.198547363, 1122.84753418, 1486.84643555, 1348.32116699, 961.946350098, 914.729614258, 471.345733643, 457.992980957, 225.300506592, 353.504638672, 232.201019287, 153.483566284, 135.008285522, 103.439727783, 86.6427307129, 188.939086914, 283.941101074, 65.6265258789, 28.2238712311, 17.4726924896, 5.10122203827, 1.04352319241, 0.130340099335, 0.00291702593677, 0.000243338232394],
        "mean": [0.154597848654, 1.86603474617, 5.5109462738, 6.41763210297, 11.698592186, 8.36992931366, 6.02858829498, 7.05869150162, 7.26173353195, 10.9108228683, 14.9986572266, 15.5631008148, 28.5806179047, 23.3517131805, 21.2804660797, 18.3008174896, 28.5981407166, 46.3446388245, 57.6982383728, 32.8695259094, 45.6085891724, 47.8753738403, 27.317905426, 24.6260375977, 28.7856082916, 24.7047863007, 15.6849279404, 12.6541814804, 8.83868789673, 5.66608333588, 4.74345445633, 3.09558320045, 1.69302928448, 0.871295809746, 0.530661284924, 0.223903372884, 0.0426463484764, 0.00442524906248, 0.000118141768326, 4.07079278375e-05],
        "median": [0.0378758646548, 0.72835534811, 3.15210938454, 3.9637901783, 4.88404130936, 3.92620706558, 3.37951374054, 3.58383154869, 3.97201561928, 4.95373058319, 6.06419801712, 5.35086631775, 6.08644151688, 4.7993721962, 6.14817523956, 4.59797382355, 8.0114736557, 16.4949512482, 20.4219856262, 18.3854026794, 33.9934654236, 40.3113174438, 22.9796714783, 20.3541145325, 24.6774024963, 22.2651424408, 12.5496816635, 9.41676712036, 5.99308919907, 3.21789503098, 2.29620933533, 1.59696817398, 0.942412436008, 0.507791638374, 0.301960110664, 0.12607306242, 0.0243232697248, 0.00251575186849, 7.9736841144e-05, 3.32016861648e-05],
        "min": [3.89331224165e-23, 4.19634217744e-22, 1.50436728832e-21, 5.34430892454e-21, 1.79546741317e-20, 1.84111114244e-20, 2.86981072367e-20, 9.55087162931e-20, 1.37581823509e-19, 1.66824454696e-19, 2.54956477684e-19, 3.85002737512e-19, 5.4553068046e-19, 8.05712432224e-19, 8.77395645614e-19, 1.42956124516e-18, 2.14812042879e-18, 3.13042945944e-18, 2.47911737128e-18, 4.08192539189e-18, 4.06208587849e-18, 5.02449025527e-18, 6.26860257019e-18, 5.9054438115e-18, 9.54167312241e-18, 1.00422861378e-17, 1.07815903908e-17, 9.52740508402e-18, 1.03733320908e-17, 9.79320882052e-18, 1.246136095e-17, 1.24971654628e-17, 9.34736260625e-18, 9.34177169249e-18, 6.72804267064e-18, 4.24580186536e-18, 2.5741504975e-18, 9.1930258e-19, 2.75313676902e-19, 2.91729347577e-20],
        "var": [0.113121792674, 13.9862251282, 83.9506149292, 75.9698486328, 535.939941406, 217.320297241, 66.0310134888, 161.304870605, 119.216896057, 372.738189697, 862.982849121, 1619.17431641, 5019.08984375, 4260.79492188, 2542.21948242, 1779.67712402, 4259.46337891, 7343.359375, 12329.2880859, 2577.08227539, 2567.93994141, 1947.1574707, 642.95715332, 542.868713379, 716.770385742, 449.725830078, 224.934799194, 163.276367188, 93.7782211304, 45.7929649353, 44.9560966492, 26.6831893921, 6.57050943375, 1.55320310593, 0.562883675098, 0.0939340591431, 0.00343057443388, 3.33684001816e-05, 1.77104286792e-08, 1.03255315409e-09]
    },
    "gfcc": {
        "mean": [1.69649851322, 82.0997009277, -120.332611084, 53.2205162048, -44.4691429138, 15.9693660736, -38.5746078491, 12.0334005356, -24.7016601562, 3.82923936844, -23.6078834534, -4.39358997345, -13.3288106918],
        "cov": [[16074.3789062, -1873.01940918, -687.110595703, 868.668029785, -786.739562988, 912.275817871, -456.778503418, 255.140304565, -500.465606689, 244.772644043, -402.641845703, 123.943450928, -195.416763306], [-1873.01940918, 1413.61303711, -356.861724854, -285.347045898, 286.18145752, -340.778839111, 244.314575195, -153.428024292, 190.445404053, -150.026473999, 168.808120728, -97.6234588623, 78.8760070801], [-687.110595703, -356.861724854, 1078.81884766, 208.877410889, 46.1206588745, 235.821990967, -64.9700622559, 141.034988403, -54.9087257385, 98.522819519, -67.4260559082, 23.3030605316, -46.1180763245], [868.668029785, -285.347045898, 208.877410889, 410.807434082, 16.2431163788, 6.69528579712, -65.6200561523, 25.1229972839, -16.423658371, 60.1175765991, -21.5393676758, 23.3458137512, 11.4262752533], [-786.739562988, 286.18145752, 46.1206588745, 16.2431163788, 232.566604614, -24.0852565765, 74.6447296143, -17.0626068115, 45.4138183594, -20.4150428772, 47.7982063293, -2.63670492172, 42.1051254272], [912.275817871, -340.778839111, 235.821990967, 6.69528579712, -24.0852565765, 371.146514893, 9.01365184784, 80.7337112427, -78.0656738281, 25.67070961, -49.188293457, 19.1529865265, -29.4267787933], [-456.778503418, 244.314575195, -64.9700622559, -65.6200561523, 74.6447296143, 9.01365184784, 167.372711182, -7.90434455872, 33.1106872559, -36.9324073792, 45.0115966797, -14.9266691208, 16.4104194641], [255.140304565, -153.428024292, 141.034988403, 25.1229972839, -17.0626068115, 80.7337112427, -7.90434455872, 123.308959961, 12.2675018311, 49.5770988464, -28.7212772369, 10.1572370529, -18.7548694611], [-500.465606689, 190.445404053, -54.9087257385, -16.423658371, 45.4138183594, -78.0656738281, 33.1106872559, 12.2675018311, 128.063812256, 16.477891922, 36.6142196655, -26.6317520142, 13.3740758896], [244.772644043, -150.026473999, 98.522819519, 60.1175765991, -20.4150428772, 25.67070961, -36.9324073792, 49.5770988464, 16.477891922, 109.022819519, 3.53476119041, 11.0618829727, -17.8467159271], [-402.641845703, 168.808120728, -67.4260559082, -21.5393676758, 47.7982063293, -49.188293457, 45.0115966797, -28.7212772369, 36.6142196655, 3.53476119041, 90.4006347656, 11.7476606369, 12.555639267], [123.943450928, -97.6234588623, 23.3030605316, 23.3458137512, -2.63670492172, 19.1529865265, -14.9266691208, 10.1572370529, -26.6317520142, 11.0618829727, 11.7476606369, 63.9657440186, 18.6448669434], [-195.416763306, 78.8760070801, -46.1180763245, 11.4262752533, 42.1051254272, -29.4267787933, 16.4104194641, -18.7548694611, 13.3740758896, -17.8467159271, 12.555639267, 18.6448669434, 67.0274429321]],
        "icov": [[0.000245102070039, -0.00052362063434, 0.000595044111833, -0.000931130140088, 0.000702848949004, -0.000972693320364, 0.000438936403953, -0.000383734964998, 0.00059600622626, -0.000571026059333, 0.00083543965593, -0.000638877332676, 0.000565788010135], [-0.00052362063434, 0.00397694529966, -0.00148595531937, 0.00332607189193, -0.00335329095833, 0.0037233736366, -0.00234131421894, 0.00141027395148, -0.00229485379532, 0.00287703424692, -0.00409030402079, 0.00435958290473, -0.00230957730673], [0.000595044111833, -0.00148595531937, 0.002895681886, -0.00285287573934, 0.00102950260043, -0.00302797625773, 0.00153241713997, -0.00190045707859, 0.00189068599138, -0.00196051131934, 0.00258772680536, -0.00181647820864, 0.00220044259913], [-0.000931130140088, 0.00332607189193, -0.00285287573934, 0.00727921072394, -0.00398619426414, 0.00483046332374, -0.00161905563436, 0.0019971979782, -0.0023147999309, 0.00139580259565, -0.00363128446043, 0.00350135192275, -0.00371278822422], [0.000702848949004, -0.00335329095833, 0.00102950260043, -0.00398619426414, 0.00976528786123, -0.0039024068974, 0.000282289198367, -0.00105684169102, 0.0011470905738, -0.00170720205642, 0.00155668833759, -0.00281008472666, -0.00102270708885], [-0.000972693320364, 0.0037233736366, -0.00302797625773, 0.00483046332374, -0.0039024068974, 0.0091100493446, -0.0039243856445, -0.000210855941987, -0.000260818342213, 0.00262928800657, -0.00365836615674, 0.00395458098501, -0.00243414123543], [0.000438936403953, -0.00234131421894, 0.00153241713997, -0.00161905563436, 0.000282289198367, -0.0039243856445, 0.0112472111359, -0.00316598382778, 0.0011348510161, 0.00143098994158, -0.00242877868004, 0.000508368131705, 0.000293630844681], [-0.000383734964998, 0.00141027395148, -0.00190045707859, 0.0019971979782, -0.00105684169102, -0.000210855941987, -0.00316598382778, 0.0160787403584, -0.00663588102907, -0.00353020429611, 0.00491810077801, -0.00405442574993, 0.00200966955163], [0.00059600622626, -0.00229485379532, 0.00189068599138, -0.0023147999309, 0.0011470905738, -0.000260818342213, 0.0011348510161, -0.00663588102907, 0.0167034137994, -0.00471708085388, -0.00261745322496, 0.00594828417525, -0.00258919829503], [-0.000571026059333, 0.00287703424692, -0.00196051131934, 0.00139580259565, -0.00170720205642, 0.00262928800657, 0.00143098994158, -0.00353020429611, -0.00471708085388, 0.0174504481256, -0.00767361093313, 0.0019528811099, 0.000733081367798], [0.00083543965593, -0.00409030402079, 0.00258772680536, -0.00363128446043, 0.00155668833759, -0.00365836615674, -0.00242877868004, 0.00491810077801, -0.00261745322496, -0.00767361093313, 0.0257152151316, -0.0140802524984, 0.00661410624161], [-0.000638877332676, 0.00435958290473, -0.00181647820864, 0.00350135192275, -0.00281008472666, 0.00395458098501, 0.000508368131705, -0.00405442574993, 0.00594828417525, 0.0019528811099, -0.0140802524984, 0.0309542249888, -0.0132369380444], [0.000565788010135, -0.00230957730673, 0.00220044259913, -0.00371278822422, -0.00102270708885, -0.00243414123543, 0.000293630844681, 0.00200966955163, -0.00258919829503, 0.000733081367798, 0.00661410624161, -0.0132369380444, 0.0246527511626]]
    },
    "melbands": {
        "dmean": [0.00180560140871, 0.0025517588947, 0.00116188894026, 0.000797553278971, 0.000174237502506, 8.6313841166e-05, 6.44776882837e-05, 8.63994355313e-05, 8.22919391794e-05, 6.98902877048e-05, 0.000100609053334, 6.64645558572e-05, 4.52385393146e-05, 3.08287308144e-05, 3.35006770911e-05, 4.27687300544e-05, 5.430505189e-05, 5.94413832005e-05, 3.26936751662e-05, 2.02747014555e-05, 2.96724465443e-05, 2.70256896329e-05, 1.51104241013e-05, 9.46922409639e-06, 9.71779081738e-06, 1.09923803393e-05, 9.37078311836e-06, 6.83763164488e-06, 4.64347522211e-06, 3.4978934309e-06, 3.17952890327e-06, 2.36208870774e-06, 1.72844545432e-06, 1.24464941109e-06, 1.18723221476e-06, 1.04746675333e-06, 7.40595169191e-07, 5.44651811651e-07, 3.86268652619e-07, 3.11017885224e-07],
        "dmean2": [0.0031355463434, 0.00457186764106, 0.00208482099697, 0.0014318296453, 0.00030070534558, 0.00013694811787, 0.000102892947325, 0.000138844465255, 0.000131254666485, 0.000112706962682, 0.000160563751706, 0.000107296138594, 7.39442621125e-05, 5.04415220348e-05, 5.40484979865e-05, 7.00074233464e-05, 8.90838782652e-05, 9.72116176854e-05, 5.38428284926e-05, 3.36379562214e-05, 4.97236942465e-05, 4.50300867669e-05, 2.54503920587e-05, 1.59348219313e-05, 1.64523025887e-05, 1.87230816664e-05, 1.58681014e-05, 1.15908660518e-05, 7.76948581915e-06, 5.72018279854e-06, 5.17726675753e-06, 3.78041568183e-06, 2.76584773928e-06, 1.96358087123e-06, 1.84023440397e-06, 1.61271805155e-06, 1.14513545668e-06, 8.26222049e-07, 5.70887891627e-07, 4.58800315073e-07],
        "dvar": [1.675540625e-05, 3.40748338203e-05, 4.23984738518e-06, 3.41512850355e-06, 7.50717745746e-08, 2.25281731048e-08, 1.51747041599e-08, 3.39547163719e-08, 4.08057232448e-08, 5.5039521385e-08, 8.27321713359e-08, 4.72616754621e-08, 1.47729268818e-08, 7.78747821784e-09, 7.21189152841e-09, 1.39246969511e-08, 1.48894292451e-08, 2.21931770739e-08, 6.23588647386e-09, 1.17424647783e-09, 2.15268891601e-09, 1.3077585681e-09, 4.01332078681e-10, 1.93177890351e-10, 1.93376148427e-10, 2.40617192837e-10, 1.514301462e-10, 8.26752624694e-11, 4.45937418936e-11, 2.62251019512e-11, 2.25640461177e-11, 1.24101822568e-11, 7.43463450525e-12, 4.47260587941e-12, 5.21561006189e-12, 5.52015681429e-12, 5.88920188657e-12, 1.87630835348e-12, 8.11764826365e-13, 5.47330898052e-13],
        "dvar2": [4.46047852165e-05, 9.50953544816e-05, 1.17545778267e-05, 9.54328152147e-06, 2.04297037953e-07, 5.29699768492e-08, 3.65797632185e-08, 8.64416165314e-08, 9.67548814401e-08, 1.37928509503e-07, 2.0599803463e-07, 1.23882443859e-07, 3.79002109696e-08, 2.08667287893e-08, 1.72234191353e-08, 3.6319235619e-08, 3.94296151285e-08, 6.02349103929e-08, 1.65772071625e-08, 2.99794811198e-09, 5.57767743103e-09, 3.48079920443e-09, 1.09252673575e-09, 5.17038023506e-10, 5.35902322518e-10, 6.52855602912e-10, 4.01984751042e-10, 2.25519380948e-10, 1.17465481786e-10, 6.66351626655e-11, 5.60944277139e-11, 2.95903093694e-11, 1.7776717598e-11, 1.02033824098e-11, 1.18045261066e-11, 1.28360724827e-11, 1.54040582373e-11, 4.41399911413e-12, 1.83840160976e-12, 1.27327564724e-12],
        "max": [0.0325117744505, 0.0433347448707, 0.0181314200163, 0.0164011567831, 0.0048068468459, 0.00518614705652, 0.00318212318234, 0.00438126781955, 0.00466151488945, 0.00947388447821, 0.00805066712201, 0.00433414010331, 0.00376040278934, 0.0022114017047, 0.00246984953992, 0.0034582731314, 0.00342047773302, 0.00279311765917, 0.00209002220072, 0.00104681716766, 0.00112581683788, 0.000707602594048, 0.000387043895898, 0.0003118084569, 0.000211851031054, 0.00024366917205, 0.000244997878326, 0.000185490818694, 0.000119391515909, 7.26243888494e-05, 9.03223190107e-05, 6.03490407229e-05, 5.13490376761e-05, 6.4462001319e-05, 0.000119377204101, 0.000134779402288, 0.000172160041984, 5.18518936587e-05, 2.76803639281e-05, 2.53054167842e-05],
        "mean": [0.00175644643605, 0.00284966407344, 0.00131934310775, 0.000778723973781, 0.000232988226344, 0.000154674300575, 0.000105139166408, 0.00013226622832, 0.000118191645015, 9.83162972261e-05, 0.000146338425111, 9.78611060418e-05, 7.33121996745e-05, 4.77751927974e-05, 5.1082472055e-05, 6.70854715281e-05, 9.18545847526e-05, 0.000102234451333, 5.55733022338e-05, 3.80840501748e-05, 5.78752878937e-05, 5.48109019292e-05, 3.12919692078e-05, 1.90925384231e-05, 1.9627976144e-05, 2.21333357331e-05, 2.01306775125e-05, 1.54825920617e-05, 1.0104087778e-05, 7.78127287049e-06, 7.3353580774e-06, 5.28484088136e-06, 3.87642785427e-06, 2.85565261038e-06, 2.78823904409e-06, 2.43476711148e-06, 1.69667202954e-06, 1.25156020658e-06, 9.0266269126e-07, 6.66295534302e-07],
        "median": [0.000567911891267, 0.00156009488273, 0.000761650560889, 0.000336221215548, 0.00013329272042, 8.22703150334e-05, 5.70918782614e-05, 5.54330836167e-05, 4.52211534139e-05, 2.96383695968e-05, 2.83156259684e-05, 1.77860092663e-05, 1.93179748749e-05, 1.23756353787e-05, 1.28130368466e-05, 1.74572815013e-05, 3.07488226099e-05, 3.21016450471e-05, 2.41728666879e-05, 2.57519968727e-05, 4.15210815845e-05, 4.39328941866e-05, 2.53492162301e-05, 1.48938934217e-05, 1.54241606651e-05, 1.76323464984e-05, 1.73642019945e-05, 1.35798836709e-05, 8.00010730018e-06, 5.66953031012e-06, 5.28358077645e-06, 3.57792441719e-06, 2.32014849644e-06, 1.47172352172e-06, 1.310561629e-06, 1.17706247238e-06, 8.42133886181e-07, 6.52318988159e-07, 5.21007223142e-07, 3.75558840915e-07],
        "min": [7.61068842492e-25, 7.41653052766e-25, 1.33652009449e-24, 2.16089117893e-24, 1.25677276508e-24, 2.27816757984e-24, 1.66894686881e-24, 2.7553909566e-24, 2.46740406973e-24, 2.01786497757e-24, 2.51521199882e-24, 2.68567892398e-24, 2.39791331259e-24, 4.01607982443e-24, 3.73101192012e-24, 4.52677023067e-24, 4.68487294443e-24, 3.33075770188e-24, 3.69210411698e-24, 4.61622784618e-24, 3.93207323777e-24, 4.2694737801e-24, 3.01563123885e-24, 4.31640982067e-24, 4.55989686666e-24, 5.70058500244e-24, 6.50441454334e-24, 6.38454791765e-24, 5.94346620326e-24, 6.61765631515e-24, 4.77110530213e-24, 5.02429218182e-24, 4.35549156763e-24, 5.06538197422e-24, 6.27967753777e-24, 6.74997905453e-24, 7.30747336713e-24, 5.59508077283e-24, 6.2335224695e-24, 7.90816254747e-24],
        "var": [1.33032026497e-05, 2.35807638092e-05, 3.125332114e-06, 2.37841300077e-06, 9.02422030435e-08, 6.55887149037e-08, 2.45826328182e-08, 5.92565250201e-08, 6.13985235987e-08, 7.32338278908e-08, 1.43275656228e-07, 8.21728249889e-08, 3.25956612812e-08, 1.34220563552e-08, 1.44966127991e-08, 2.93825781483e-08, 3.44577948397e-08, 4.77546535649e-08, 1.17646896669e-08, 2.51464027379e-09, 4.47216574884e-09, 2.86103096769e-09, 8.87658446747e-10, 3.69008518186e-10, 3.8790906598e-10, 4.82836159943e-10, 3.41054046116e-10, 1.90349083717e-10, 9.63752480598e-11, 6.46911552105e-11, 6.08426919957e-11, 3.39972355823e-11, 2.10195107847e-11, 1.36261878517e-11, 1.61795143255e-11, 1.45861864254e-11, 9.1169910163e-12, 3.98093710774e-12, 1.67352460015e-12, 1.04052053432e-12]
    },
    "mfcc": {
        "mean": [-632.200073242, 101.775917053, -6.77386856079, 38.3141212463, 15.3350028992, 11.0575284958, 2.09444975853, 4.14720249176, 5.20814418793, 5.38721990585, -1.76648080349, -0.723950624466, -4.57044839859],
        "cov": [[10449.7773438, -1079.77026367, -564.371520996, 183.192886353, -250.970184326, 302.375762939, -24.9666862488, 45.8464164734, -77.697303772, 125.827461243, -173.885147095, -127.713684082, -41.2310256958], [-1079.77026367, 1256.15856934, -232.363189697, -44.0128555298, 41.1018028259, -44.7770462036, 61.1446228027, 33.3349380493, 25.6518421173, -19.6355018616, 54.4810638428, 33.2555541992, -8.48929023743], [-564.371520996, -232.363189697, 702.166625977, 101.150306702, 118.462898254, 86.6954498291, 42.5719566345, 28.0055179596, 45.7808303833, 30.8442955017, 40.2261314392, 25.8233795166, 1.23287320137], [183.192886353, -44.0128555298, 101.150306702, 405.675292969, 99.4167709351, -11.0454883575, -29.5509281158, -53.1786689758, 24.7119369507, -9.39001560211, 8.75360298157, 11.8491897583, 49.8681259155], [-250.970184326, 41.1018028259, 118.462898254, 99.4167709351, 173.252227783, 45.2208137512, 11.0762605667, 8.41513729095, 26.9555835724, 12.2752408981, 4.38745450974, 7.67531776428, 7.94038820267], [302.375762939, -44.7770462036, 86.6954498291, -11.0454883575, 45.2208137512, 164.53187561, 84.2295684814, 49.0537528992, 7.42579936981, 19.2241458893, -0.145436495543, -9.43503761292, -14.241071701], [-24.9666862488, 61.1446228027, 42.5719566345, -29.5509281158, 11.0762605667, 84.2295684814, 138.42515564, 63.1526908875, 5.60701608658, -1.41740131378, 6.92880058289, 1.54307091236, -3.81652116776], [45.8464164734, 33.3349380493, 28.0055179596, -53.1786689758, 8.41513729095, 49.0537528992, 63.1526908875, 105.203186035, 19.9109973907, 12.8234987259, -1.74325942993, -6.70206785202, -9.28688621521], [-77.697303772, 25.6518421173, 45.7808303833, 24.7119369507, 26.9555835724, 7.42579936981, 5.60701608658, 19.9109973907, 87.2196578979, 32.1980781555, 11.360455513, 2.18496489525, 0.0717447325587], [125.827461243, -19.6355018616, 30.8442955017, -9.39001560211, 12.2752408981, 19.2241458893, -1.41740131378, 12.8234987259, 32.1980781555, 85.2236785889, 29.5782775879, 12.7744054794, -4.87759637833], [-173.885147095, 54.4810638428, 40.2261314392, 8.75360298157, 4.38745450974, -0.145436495543, 6.92880058289, -1.74325942993, 11.360455513, 29.5782775879, 72.6234664917, 34.588142395, 4.44288825989], [-127.713684082, 33.2555541992, 25.8233795166, 11.8491897583, 7.67531776428, -9.43503761292, 1.54307091236, -6.70206785202, 2.18496489525, 12.7744054794, 34.588142395, 73.1106796265, 32.1346626282], [-41.2310256958, -8.48929023743, 1.23287320137, 49.8681259155, 7.94038820267, -14.241071701, -3.81652116776, -9.28688621521, 0.0717447325587, -4.87759637833, 4.44288825989, 32.1346626282, 65.1643218994]],
