{
"lowlevel": {
    "average_loudness": 0.778762936592,
    "barkbands_crest": {
        "dmean": 2.35725641251,
        "dmean2": 3.93977975845,
        "dvar": 4.38451957703,
        "dvar2": 11.6248159409,
        "max": 25.6103019714,
        "mean": 8.77919769287,
        "median": 7.90166711807,
        "min": 2.66936516762,
        "var": 13.6936330795
    },
    "barkbands_flatness_db": {
        "dmean": 0.0164208766073,
        "dmean2": 0.0256944075227,
        "dvar": 0.000245153496508,
        "dvar2": 0.000578441889957,
        "max": 0.391912966967,
        "mean": 0.126533061266,
        "median": 0.116160750389,
        "min": 0.0316487364471,
        "var": 0.00205142027698
    },
    "barkbands_kurtosis": {
        "dmean": 1.96480834484,
        "dmean2": 3.23898291588,
        "dvar": 19.7827091217,
        "dvar2": 52.9113540649,
        "max": 164.955459595,
        "mean": 2.97052240372,
        "median": 0.469814300537,
        "min": -1.89972805977,
        "var": 55.2091293335
    },
    "barkbands_skewness": {
        "dmean": 0.41841390729,
        "dmean2": 0.669176876545,
        "dvar": 0.193199142814,
        "dvar2": 0.484857708216,
        "max": 10.3032178879,
        "mean": 1.04290890694,
        "median": 0.819999039173,
        "min": -2.15537619591,
        "var": 1.44901323318
    },
    "barkbands_spread": {
        "dmean": 4.08449983597,
        "dmean2": 6.37476825714,
        "dvar": 21.1646785736,
        "dvar2": 46.4648857117,
        "max": 116.194419861,
        "mean": 20.3864326477,
        "median": 20.0631713867,
        "min": 0.71517509222,
        "var": 112.512908936
    },
    "dissonance": {
        "dmean": 0.0198057796806,
        "dmean2": 0.0336702391505,
        "dvar": 0.000374587019905,
        "dvar2": 0.00103881396353,
        "max": 0.500000059605,
        "mean": 0.465861111879,
        "median": 0.473103016615,
        "min": 0.181561142206,
        "var": 0.000834476202726
    },
    "dynamic_complexity": 3.55384087563,
    "erbbands_crest": {
        "dmean": 2.63795590401,
        "dmean2": 4.30541276932,
        "dvar": 6.59166479111,
        "dvar2": 15.8611698151,
        "max": 30.8263778687,
        "mean": 9.2066822052,
        "median": 8.02056121826,
        "min": 2.40475869179,
        "var": 21.265794754
    },
    "erbbands_flatness_db": {
        "dmean": 0.0147042358294,
        "dmean2": 0.021819088608,
        "dvar": 0.00018373207422,
        "dvar2": 0.0003661182418,
        "max": 0.403736203909,
        "mean": 0.167880550027,
        "median": 0.16500878334,
        "min": 0.0369478054345,
        "var": 0.0013766111806
    },
    "erbbands_kurtosis": {
        "dmean": 0.873289227486,
        "dmean2": 1.39323329926,
        "dvar": 2.16046142578,
        "dvar2": 5.25778770447,
        "max": 45.4169960022,
        "mean": 0.725525796413,
        "median": 0.187162160873,
        "min": -1.78213369846,
        "var": 4.63635540009
    },
    "erbbands_skewness": {
        "dmean": 0.325996339321,
        "dmean2": 0.512348949909,
        "dvar": 0.0913383513689,
        "dvar2": 0.216692253947,
        "max": 5.82487106323,
        "mean": 0.29002982378,
        "median": 0.232732504606,
        "min": -2.19425940514,
        "var": 0.444723248482
    },
    "erbbands_spread": {
        "dmean": 5.72765779495,
        "dmean2": 8.89124298096,
        "dvar": 42.356262207,
        "dvar2": 92.8756713867,
        "max": 143.839096069,
        "mean": 29.2872772217,
        "median": 27.54936409,
        "min": 2.12533974648,
        "var": 193.436035156
    },
    "hfc": {
        "dmean": 3.95081067085,
        "dmean2": 5.9447221756,
        "dvar": 28.5928592682,
        "dvar2": 65.2473297119,
        "max": 110.723968506,
        "mean": 19.8156261444,
        "median": 14.9609050751,
        "min": 1.0556107077e-16,
        "var": 316.499847412
    },
    "melbands_crest": {
        "dmean": 3.30678224564,
        "dmean2": 5.53733253479,
        "dvar": 7.88776731491,
        "dvar2": 21.8345565796,
        "max": 31.9382152557,
        "mean": 12.5068149567,
        "median": 11.6351308823,
        "min": 1.55810749531,
        "var": 24.8462924957
    },
    "melbands_flatness_db": {
        "dmean": 0.021445684135,
        "dmean2": 0.0334534198046,
        "dvar": 0.000410300097428,
        "dvar2": 0.000962665944826,
        "max": 0.531460464001,
        "mean": 0.193399295211,
        "median": 0.181498378515,
        "min": 0.00305814412422,
        "var": 0.00444468623027
    },
    "melbands_kurtosis": {
        "dmean": 4.0302438736,
        "dmean2": 6.66581201553,
        "dvar": 61.4609184265,
        "dvar2": 170.125854492,
        "max": 273.771942139,
        "mean": 7.68413639069,
        "median": 2.80386447906,
        "min": -1.53740096092,
        "var": 197.922348022
    },
    "melbands_skewness": {
        "dmean": 0.563186943531,
        "dmean2": 0.902717113495,
        "dvar": 0.320035010576,
        "dvar2": 0.814425528049,
        "max": 11.2842168808,
        "mean": 1.82733738422,
        "median": 1.58885371685,
        "min": -1.35251927376,
        "var": 2.14114141464
    },
    "melbands_spread": {
        "dmean": 5.69685792923,
        "dmean2": 9.08426761627,
        "dvar": 38.9550361633,
        "dvar2": 92.0151672363,
        "max": 172.213195801,
        "mean": 27.1857700348,
        "median": 26.0834217072,
        "min": 0.693925201893,
        "var": 335.499908447
    },
    "pitch_salience": {
        "dmean": 0.0669491738081,
        "dmean2": 0.111051574349,
        "dvar": 0.00335615570657,
        "dvar2": 0.00910649169236,
        "max": 0.865980565548,
        "mean": 0.564076900482,
        "median": 0.569157898426,
        "min": 0.12126070261,
        "var": 0.00956129655242
    },
    "silence_rate_20dB": {
        "dmean": 0,
        "dmean2": 0,
        "dvar": 0,
        "dvar2": 0,
        "max": 1,
        "mean": 1,
        "median": 1,
        "min": 1,
        "var": 0
    },
    "silence_rate_30dB": {
        "dmean": 0,
        "dmean2": 0,
        "dvar": 0,
        "dvar2": 0,
        "max": 1,
        "mean": 1,
        "median": 1,
        "min": 1,
        "var": 0
    },
    "silence_rate_60dB": {
        "dmean": 0.0122881354764,
        "dmean2": 0.0245788749307,
        "dvar": 0.0121386293322,
        "dvar2": 0.029273558408,
        "max": 1,
        "mean": 0.0558203570545,
        "median": 0,
        "min": 0,
        "var": 0.05270165205
    },
    "spectral_centroid": {
        "dmean": 185.027404785,
        "dmean2": 287.939086914,
        "dvar": 39011.5078125,
        "dvar2": 85123.578125,
        "max": 11645.1904297,
        "mean": 1443.42956543,
        "median": 1392.63684082,
        "min": 153.562835693,
        "var": 1342295.625
    },
    "spectral_complexity": {
        "dmean": 2.62182211876,
        "dmean2": 4.21315813065,
        "dvar": 5.9024310112,
        "dvar2": 14.5568599701,
        "max": 54,
        "mean": 20.2783603668,
        "median": 21,
        "min": 0,
        "var": 117.316215515
    },
    "spectral_decrease": {
        "dmean": 1.26431443093e-09,
        "dmean2": 2.01366923136e-09,
        "dvar": 1.60092649491e-18,
        "dvar2": 4.10275214536e-18,
        "max": 2.06690368297e-28,
        "mean": -5.35647037836e-09,
        "median": -4.97925789489e-09,
        "min": -2.23806662092e-08,
        "var": 1.15091362714e-17
    },
    "spectral_energy": {
        "dmean": 0.00503540923819,
        "dmean2": 0.00798587407917,
        "dvar": 2.56985149463e-05,
        "dvar2": 6.54400646454e-05,
        "max": 0.0945128425956,
        "mean": 0.0220138132572,
        "median": 0.0204285662621,
        "min": 1.00481264078e-20,
        "var": 0.000201800605282
    },
    "spectral_energyband_high": {
        "dmean": 0.000125824270071,
        "dmean2": 0.00018880450807,
        "dvar": 6.5379708758e-08,
        "dvar2": 1.38539292038e-07,
        "max": 0.00719718635082,
        "mean": 0.000387243460864,
        "median": 0.000240731707891,
        "min": 6.98204979701e-21,
        "var": 2.27454549417e-07
    },
    "spectral_energyband_low": {
        "dmean": 0.00300022843294,
        "dmean2": 0.00497536221519,
        "dvar": 1.21392940855e-05,
        "dvar2": 3.32957752107e-05,
        "max": 0.0527999512851,
        "mean": 0.00603831745684,
        "median": 0.00476842140779,
        "min": 5.86225178978e-24,
        "var": 2.77214385278e-05
    },
    "spectral_energyband_middle_high": {
        "dmean": 0.00245808809996,
        "dmean2": 0.00378166348673,
        "dvar": 1.45411722769e-05,
        "dvar2": 3.55849369953e-05,
        "max": 0.0811639502645,
        "mean": 0.00941564701498,
        "median": 0.0056000710465,
        "min": 1.14486552662e-21,
        "var": 0.000112615343824
    },
    "spectral_energyband_middle_low": {
        "dmean": 0.00238483445719,
        "dmean2": 0.00381316198036,
        "dvar": 7.76935303293e-06,
        "dvar2": 1.88243666344e-05,
        "max": 0.0583550594747,
        "mean": 0.00729133980349,
        "median": 0.0061548249796,
        "min": 1.53609658659e-22,
        "var": 2.88805113087e-05
    },
    "spectral_entropy": {
        "dmean": 0.125910297036,
        "dmean2": 0.185008451343,
        "dvar": 0.0182752963156,
        "dvar2": 0.0369700230658,
        "max": 9.8179063797,
        "mean": 7.52016448975,
        "median": 7.575111866,
        "min": 5.43533945084,
        "var": 0.19274392724
    },
    "spectral_flux": {
        "dmean": 0.0167576633394,
        "dmean2": 0.027426386252,
        "dvar": 0.000237478641793,
        "dvar2": 0.000625906104688,
        "max": 0.229384750128,
        "mean": 0.0782655179501,
        "median": 0.0770151689649,
        "min": 6.35446348318e-11,
        "var": 0.00125764962286
    },
    "spectral_kurtosis": {
        "dmean": 1.66942548752,
        "dmean2": 2.79397344589,
        "dvar": 4.39959621429,
        "dvar2": 11.7247714996,
        "max": 85.6614685059,
        "mean": 5.5326461792,
        "median": 4.82185602188,
        "min": -1.34346437454,
        "var": 14.6378889084
    },
    "spectral_rms": {
        "dmean": 0.000528375094291,
        "dmean2": 0.000827841926366,
        "dvar": 2.08884060271e-07,
        "dvar2": 5.0643063787e-07,
        "max": 0.00960248149931,
        "mean": 0.00433433847502,
        "median": 0.00446433760226,
        "min": 3.13098223563e-12,
        "var": 2.69043175649e-06
    },
    "spectral_rolloff": {
        "dmean": 298.663116455,
        "dmean2": 499.648162842,
        "dvar": 338558.4375,
        "dvar2": 716493.1875,
        "max": 19509.0820312,
        "mean": 1571.43652344,
        "median": 1313.52539062,
        "min": 129.19921875,
        "var": 4320955.5
    },
    "spectral_skewness": {
        "dmean": 0.201835185289,
        "dmean2": 0.323765426874,
        "dvar": 0.0414447784424,
        "dvar2": 0.0982954278588,
        "max": 6.98872423172,
        "mean": 1.62526714802,
        "median": 1.53341829777,
        "min": -0.099788941443,
        "var": 0.282716155052
    },
    "spectral_spread": {
        "dmean": 378733.03125,
        "dmean2": 561189.75,
        "dvar": 409833897984,
        "dvar2": 783633350656,
        "max": 42564464,
        "mean": 4059206.75,
        "median": 3443901,
        "min": 1257917.375,
        "var": 1.62226556109e+13
    },
    "spectral_strongpeak": {
        "dmean": 0.706448495388,
        "dmean2": 1.18843483925,
        "dvar": 1.09149229527,
        "dvar2": 2.74738264084,
        "max": 10.6332597733,
        "mean": 1.24607717991,
        "median": 0.41385409236,
        "min": 0,
        "var": 2.60453367233
    },
    "zerocrossingrate": {
        "dmean": 0.00642400188372,
        "dmean2": 0.00804771762341,
        "dvar": 7.3721530498e-05,
        "dvar2": 8.53674137034e-05,
        "max": 0.52880859375,
        "mean": 0.0578384958208,
        "median": 0.052734375,
        "min": 0.0048828125,
        "var": 0.00288708670996
    },
    "barkbands": {
        "dmean": [2.49256227107e-05, 0.00121579982806, 0.00208726967685, 0.000900188460946, 0.000753037398681, 0.000457270158222, 0.000634071766399, 0.000597912701778, 0.000713651126716, 0.000984685844742, 0.000824029440992, 0.00100905261934, 0.000557953724638, 0.000433402950875, 0.000465872028144, 0.000239256027271, 0.000179352908162, 0.000189800673979, 0.000196242224774, 0.000104288381408, 4.24124918936e-05, 2.79082105408e-05, 2.09546997212e-05, 1.32848899739e-05, 1.6476124074e-05, 3.9780611587e-06, 6.28845953088e-07],
        "dmean2": [3.96401701437e-05, 0.00202009105124, 0.00352458027191, 0.00148041546345, 0.00124490098096, 0.000733421416953, 0.00102982716635, 0.000967316736933, 0.0011569885537, 0.00155368505511, 0.00130588677712, 0.00162061990704, 0.000901425490156, 0.000679570483044, 0.000745184312109, 0.000382008031011, 0.000293448683806, 0.000311092706397, 0.000313351716613, 0.000167393256561, 6.69004584779e-05, 4.43570315838e-05, 3.2022522646e-05, 2.05359920074e-05, 2.40598019445e-05, 6.15144472249e-06, 9.4367624115e-07],
        "dvar": [1.41608824666e-09, 2.82930523099e-06, 6.98321764503e-06, 1.4264390984e-06, 7.75226226324e-07, 3.69071898376e-07, 8.92412060693e-07, 2.20978449761e-06, 3.3500864447e-06, 5.54634016225e-06, 3.97792700824e-06, 5.5363757383e-06, 1.59524768151e-06, 7.90398246409e-07, 1.13485555175e-06, 2.5585816843e-07, 1.14642773497e-07, 1.33495547061e-07, 1.26478809648e-07, 6.46733582244e-08, 6.42868869249e-09, 2.32594699057e-09, 1.63716540325e-09, 2.84274181972e-09, 1.08565130219e-08, 3.3525038301e-09, 2.32447776305e-11],
        "dvar2": [3.36400685086e-09, 7.57058069212e-06, 1.94000276679e-05, 3.59583486897e-06, 2.08165397453e-06, 8.98336736554e-07, 2.25851090363e-06, 5.13214308739e-06, 8.02601698524e-06, 1.24314428831e-05, 9.01383373275e-06, 1.49739780682e-05, 3.90008017348e-06, 1.85319106549e-06, 2.88997944153e-06, 6.17469311237e-07, 2.69909236295e-07, 3.58154039759e-07, 3.09808541488e-07, 1.52654834551e-07, 1.67085243419e-08, 5.75625103139e-09, 3.60478802364e-09, 7.20005743915e-09, 1.99997067796e-08, 7.47098649612e-09, 4.53000935374e-11],
        "max": [0.000888356822543, 0.0204042661935, 0.0444041192532, 0.0248559787869, 0.0149455443025, 0.0126898596063, 0.0341243892908, 0.0564637072384, 0.0508431866765, 0.0527884997427, 0.0459569580853, 0.0609669685364, 0.0227002948523, 0.0236646141857, 0.0197938010097, 0.0117470780388, 0.00913405511528, 0.00757063599303, 0.00934615544975, 0.00952327623963, 0.00177755800541, 0.00110100524034, 0.00151162955444, 0.00227582152002, 0.00416649412364, 0.0035059354268, 0.000256787141552],
        "mean": [4.39126306446e-05, 0.00217299768701, 0.00290074571967, 0.00164814398158, 0.00139533169568, 0.000833813741338, 0.0010480559431, 0.000983355683275, 0.0010610637255, 0.00169840501621, 0.00156680797227, 0.00179679272696, 0.000960805220529, 0.000821475638077, 0.000861901848111, 0.000433516543126, 0.000377798860427, 0.000430762098404, 0.000441524636699, 0.000254617683822, 0.000109615728434, 6.99242737028e-05, 4.69570804853e-05, 2.18614895857e-05, 2.64145874098e-05, 5.81357517149e-06, 1.47128196204e-06],
        "median": [2.52093905146e-05, 0.00163446483202, 0.00167555222288, 0.000803320494015, 0.00102801446337, 0.000564813031815, 0.000649735680781, 0.000315652927384, 0.000395833543735, 0.000447703088867, 0.000319835264236, 0.000531033088919, 0.000290234485874, 0.000228956341743, 0.000198263471248, 0.000169749575434, 0.00021541667229, 0.000169851322426, 0.000216258471482, 0.000130612024805, 5.40893415746e-05, 3.78781187464e-05, 2.39783930738e-05, 1.04203872979e-05, 6.841989034e-06, 1.37993151839e-06, 8.3144823293e-07],
        "min": [1.77942084818e-25, 1.11087116572e-24, 7.45264507294e-25, 1.12480185766e-24, 4.14155367343e-24, 5.27718323866e-24, 7.11421664485e-24, 5.23051264978e-24, 1.66675075894e-23, 1.82122124155e-23, 1.33754064385e-23, 2.49572082357e-23, 2.20056125836e-23, 4.16164138529e-23, 5.07180574745e-23, 5.9374480623e-23, 6.47431460887e-23, 7.83475888246e-23, 1.34292891093e-22, 1.69128117765e-22, 2.36439056587e-22, 3.14811819541e-22, 4.32781916327e-22, 5.74774607347e-22, 7.84810274867e-22, 1.1758648067e-21, 1.94534987445e-21],
        "var": [2.92271962188e-09, 4.51350251751e-06, 1.28766605485e-05, 5.19174955116e-06, 1.66748702668e-06, 8.4051845306e-07, 1.94089557226e-06, 6.92313551554e-06, 5.93676759308e-06, 1.42892977237e-05, 1.43676506923e-05, 1.33908042699e-05, 3.69056283489e-06, 2.44225748247e-06, 3.02057128465e-06, 5.9971699784e-07, 3.0175706911e-07, 4.64822733193e-07, 3.86594678048e-07, 1.66010607927e-07, 2.69810751519e-08, 8.40916136724e-09, 4.75704187153e-09, 2.85066104055e-09, 1.77628827203e-08, 4.92316587497e-09, 3.54992910068e-11]
    },
    "erbbands": {
        "dmean": [0.0310628022999, 0.315064638853, 1.99818527699, 2.61808824539, 2.1342716217, 3.20887947083, 4.43669986725, 3.44777727127, 7.67801761627, 8.49709701538, 14.8572626114, 17.1734790802, 21.2574214935, 34.4318809509, 26.875202179, 42.9947929382, 23.9495067596, 17.8878116608, 26.7335166931, 14.7015953064, 11.2952327728, 9.08849334717, 9.9935092926, 10.7598991394, 7.47184753418, 3.92554450035, 2.26132249832, 1.3268225193, 1.04474568367, 0.83124268055, 0.547424376011, 0.296609044075, 0.225268810987, 0.203636825085, 0.110210843384, 0.0283047109842, 0.00561110954732, 0.00114703807048, 0.000108908090624, 7.45848592487e-06],
        "dmean2": [0.0498553179204, 0.530982375145, 3.38354659081, 4.29497146606, 3.5616710186, 5.37251329422, 7.07269620895, 5.62483358383, 12.5690956116, 13.5605230331, 23.9550762177, 28.2208595276, 33.857170105, 53.7871131897, 42.5687026978, 69.6102371216, 38.1725349426, 27.5814914703, 42.250164032, 23.0828170776, 17.9557762146, 14.8262615204, 16.5180969238, 17.4333457947, 11.8459177017, 6.19896697998, 3.59439015388, 2.09456419945, 1.6761058569, 1.29080796242, 0.835109889507, 0.4583722651, 0.344392418861, 0.30502679944, 0.160039141774, 0.044083032757, 0.00828684959561, 0.00171780923847, 0.000162281838129, 1.15222264867e-05],
        "dvar": [0.00198866077699, 0.179924681783, 6.29355144501, 10.6255054474, 6.8072309494, 15.4206533432, 32.710018158, 24.8359889984, 115.921150208, 276.660797119, 1338.60754395, 2020.59387207, 3128.00073242, 6202.22021484, 4397.0859375, 11293.7646484, 2695.25610352, 1283.33312988, 3692.2199707, 1001.69830322, 593.093383789, 273.669769287, 405.385681152, 391.570678711, 245.512863159, 68.5995864868, 20.9091949463, 5.75467824936, 3.31920099258, 2.47331047058, 1.10134625435, 0.968117535114, 1.07655310631, 1.36560356617, 0.628015935421, 0.156388327479, 0.00636895978823, 0.000188475038158, 4.19745219915e-07, 2.55646975811e-10],
        "dvar2": [0.00525562418625, 0.483128607273, 17.831987381, 28.0531845093, 17.9829063416, 41.9866981506, 76.1900024414, 63.3382987976, 302.305541992, 638.170410156, 3134.27587891, 5096.95410156, 7060.50097656, 14166.8173828, 10241.2050781, 31052.515625, 6496.33837891, 2765.32446289, 9619.71777344, 2412.37719727, 1429.48596191, 648.173706055, 1129.54101562, 980.453308105, 578.402648926, 157.692855835, 56.45104599, 14.8407440186, 8.43144226074, 5.77461433411, 2.39805793762, 2.5552418232, 2.54902482033, 2.73706769943, 1.16999495029, 0.382536530495, 0.0119074536487, 0.000341249542544, 7.08881941591e-07, 4.65273597428e-10],
        "max": [0.555389046669, 5.26368904114, 37.5060272217, 53.4194335938, 51.734954834, 67.6167526245, 92.4060211182, 122.255577087, 246.339416504, 563.437316895, 1019.88391113, 1236.82751465, 1214.05383301, 1756.17834473, 1653.64172363, 2939.88427734, 1043.35876465, 1363.18994141, 1284.03894043, 815.729919434, 717.710021973, 536.915100098, 375.403198242, 545.43170166, 566.008361816, 255.93850708, 108.690071106, 88.7710342407, 44.4859199524, 45.2954711914, 41.9460029602, 50.4409713745, 36.4898986816, 53.1363525391, 37.4038276672, 23.7732658386, 4.72253131866, 0.741866409779, 0.0302988085896, 0.00064069108339],
        "mean": [0.061058267951, 0.534509658813, 2.8747792244, 4.80656957626, 3.92824149132, 5.24016809464, 7.87568950653, 6.20753479004, 12.885966301, 15.1387233734, 24.865737915, 26.8049812317, 38.1103897095, 70.4713058472, 52.800868988, 78.5470046997, 46.9450416565, 37.8695716858, 53.7181587219, 31.1406993866, 23.2597675323, 21.1410140991, 24.1014957428, 25.4569644928, 18.3937110901, 10.7051639557, 6.0596871376, 3.51198816299, 2.66564583778, 1.90934038162, 1.21818935871, 0.530401587486, 0.359076499939, 0.316456109285, 0.172540977597, 0.0391443893313, 0.00857583340257, 0.00216961349361, 0.000282716093352, 3.39654143318e-05],
        "median": [0.0394350253046, 0.399467408657, 1.72270822525, 2.91404271126, 2.78741288185, 3.61616802216, 5.08158779144, 4.47690105438, 8.37041759491, 7.94836330414, 9.20447063446, 10.2728252411, 11.9483737946, 18.5520038605, 15.6145505905, 25.747587204, 18.1819915771, 15.8324575424, 16.1078720093, 12.672413826, 10.8608827591, 12.7438335419, 10.6372680664, 11.9387283325, 10.1157331467, 5.97038459778, 3.07565617561, 1.87997341156, 1.38969731331, 1.04813671112, 0.619530081749, 0.27661472559, 0.144104227424, 0.089145347476, 0.0356953255832, 0.00761448871344, 0.00227539218031, 0.000891323434189, 0.00017836871848, 3.05154135276e-05],
        "min": [3.23645616486e-23, 5.78455470197e-22, 1.59907684313e-21, 6.76887105521e-21, 9.18239142387e-21, 1.60986310868e-20, 4.45452366432e-20, 3.62070363488e-20, 1.08616530472e-19, 2.20294223747e-19, 1.83119886914e-19, 4.49659982176e-19, 4.58403591443e-19, 6.30133059151e-19, 8.47964197528e-19, 1.12525990258e-18, 1.27175555361e-18, 2.10559093759e-18, 3.24368185903e-18, 3.02330977691e-18, 3.79750843725e-18, 4.19724677699e-18, 4.30737843093e-18, 7.11075391105e-18, 6.16312918387e-18, 8.81226691262e-18, 9.61061118184e-18, 1.10661578924e-17, 1.0017267233e-17, 8.38111804348e-18, 1.22205769455e-17, 1.07631467447e-17, 1.10191417735e-17, 7.19489141424e-18, 5.77077301751e-18, 4.05438110468e-18, 2.25691432488e-18, 9.01304060449e-19, 2.47617782988e-19, 2.80800094487e-20],
        "var": [0.00411755638197, 0.276895701885, 11.4279994965, 30.2290802002, 14.7062692642, 27.8019447327, 76.4124832153, 43.9095191956, 242.7525177, 749.239196777, 3634.16967773, 3630.23950195, 7156.58447266, 22004.5917969, 11166.3466797, 25720.5507812, 7328.96240234, 4627.55566406, 9849.3671875, 2847.66625977, 1441.5645752, 798.748535156, 1387.66149902, 1302.90222168, 703.694702148, 237.264221191, 89.1937789917, 25.4402198792, 12.7882909775, 6.75976419449, 3.28252267838, 0.95690536499, 1.2041144371, 1.90963017941, 1.0661046505, 0.20651678741, 0.0107620088384, 0.000279646366835, 7.92702792296e-07, 8.11134104328e-10]
    },
    "gfcc": {
        "mean": [-26.2473545074, 107.40133667, -126.718742371, 25.917345047, -46.0512123108, 11.0978832245, -26.4566993713, 3.54068684578, -20.6481895447, -3.6949224472, -11.7694444656, -2.36703634262, -12.7161474228],
        "cov": [[24260.6835938, 1139.05200195, -3412.69750977, 617.767211914, -721.867431641, 401.856872559, -230.509658813, 285.344329834, -490.732513428, 17.6806659698, 42.5979576111, -129.667297363, -139.22227478], [1139.05200195, 811.114929199, 75.8264007568, 20.2112941742, 33.9956703186, -93.9926986694, 34.8535766602, -115.783027649, 75.0999832153, -58.3718833923, -40.2452163696, -1.71621644497, -29.9265155792], [-3412.69750977, 75.8264007568, 925.907287598, -12.090467453, 61.8302497864, -70.2433013916, -78.0149154663, -80.4423522949, 120.346000671, -12.9871816635, -48.1125297546, 25.6573047638, 2.42434000969], [617.767211914, 20.2112941742, -12.090467453, 285.225189209, 8.1383895874, 8.4068031311, -6.1551527977, -23.2296676636, 43.7119522095, -0.81855070591, -13.0372648239, -2.42654705048, 2.91241049767], [-721.867431641, 33.9956703186, 61.8302497864, 8.1383895874, 195.336135864, -3.14406728745, 49.606300354, -4.13356256485, -2.13387751579, -0.85450065136, -10.1391010284, -0.172416120768, 9.05281066895], [401.856872559, -93.9926986694, -70.2433013916, 8.4068031311, -3.14406728745, 164.325668335, 32.6601905823, 4.84884738922, -35.1668663025, 5.20071315765, 12.7119054794, -3.90385365486, 2.87192606926], [-230.509658813, 34.8535766602, -78.0149154663, -6.1551527977, 49.606300354, 32.6601905823, 185.349655151, 3.75886559486, 14.0192861557, -7.701379776, 11.9706916809, 8.45668315887, 6.4944396019], [285.344329834, -115.783027649, -80.4423522949, -23.2296676636, -4.13356256485, 4.84884738922, 3.75886559486, 135.665237427, -22.4618206024, 22.7176055908, 19.9165630341, -12.1017017365, 14.00187397], [-490.732513428, 75.0999832153, 120.346000671, 43.7119522095, -2.13387751579, -35.1668663025, 14.0192861557, -22.4618206024, 132.790344238, 7.39931821823, -20.815410614, 10.3711509705, 4.04840803146], [17.6806659698, -58.3718833923, -12.9871816635, -0.81855070591, -0.85450065136, 5.20071315765, -7.701379776, 22.7176055908, 7.39931821823, 72.5035324097, 34.8154563904, 2.21221184731, -0.6995459795], [42.5979576111, -40.2452163696, -48.1125297546, -13.0372648239, -10.1391010284, 12.7119054794, 11.9706916809, 19.9165630341, -20.815410614, 34.8154563904, 93.4580307007, 15.5146102905, -1.18038845062], [-129.667297363, -1.71621644497, 25.6573047638, -2.42654705048, -0.172416120768, -3.90385365486, 8.45668315887, -12.1017017365, 10.3711509705, 2.21221184731, 15.5146102905, 61.1249923706, 16.3396511078], [-139.22227478, -29.9265155792, 2.42434000969, 2.91241049767, 9.05281066895, 2.87192606926, 6.4944396019, 14.00187397, 4.04840803146, -0.6995459795, -1.18038845062, 16.3396511078, 56.1362495422]],
        "icov": [[0.000315797195071, -0.000858841114677, 0.00106178026181, -0.00070911180228, 0.000785026757512, -0.00081284029875, 0.000824996619485, -0.000855648249853, 0.000645717605948, -0.000513730046805, 0.000636801123619, -0.000538556021638, 0.000466427329229], [-0.000858841114677, 0.004001471214, -0.00277200806886, 0.00199348805472, -0.00239380053245, 0.00304190511815, -0.00252915685996, 0.00348517182283, -0.00250941584818, 0.0024591749534, -0.00190192169975, 0.00175838917494, -0.0006669719005], [0.00106178026181, -0.00277200806886, 0.0050468952395, -0.00201503606513, 0.00191047682893, -0.0026121144183, 0.00368029880337, -0.0022536017932, 0.000707456201781, -0.0013826135546, 0.0022731795907, -0.00222353707068, 0.00163074152078], [-0.00070911180228, 0.00199348805472, -0.00201503606513, 0.00548521894962, -0.00220411038026, 0.00129778217524, -0.0012478325516, 0.00258284341544, -0.00322954519652, 0.00136011547875, -0.00140386645216, 0.00159108650405, -0.00134706951212], [0.000785026757512, -0.00239380053245, 0.00191047682893, -0.00220411038026, 0.00805161427706, -0.00156664813403, -0.000161264673807, -0.00216133752838, 0.0032447334379, -0.00251942058094, 0.00267402874306, -0.0009408784681, 0.000106775129098], [-0.00081284029875, 0.00304190511815, -0.0026121144183, 0.00129778217524, -0.00156664813403, 0.00950996857136, -0.00386990746483, 0.00320576969534, 0.000224916933803, 0.000818764325231, -0.00175498402677, 0.0020831215661, -0.00158380682115], [0.000824996619485, -0.00252915685996, 0.00368029880337, -0.0012478325516, -0.000161264673807, -0.00386990746483, 0.00931970309466, -0.00260103540495, -0.000776705623139, 0.000593786535319, 0.000105961393274, -0.00217718491331, 0.00109746167436], [-0.000855648249853, 0.00348517182283, -0.0022536017932, 0.00258284341544, -0.00216133752838, 0.00320576969534, -0.00260103540495, 0.0121949389577, -0.00141963572241, -0.000402023782954, -0.00278699933551, 0.00435949349776, -0.00408722832799], [0.000645717605948, -0.00250941584818, 0.000707456201781, -0.00322954519652, 0.0032447334379, 0.000224916933803, -0.000776705623139, -0.00141963572241, 0.0128731001168, -0.00506445532665, 0.00442100455984, -0.00243071233854, 0.000118815987662], [-0.000513730046805, 0.0024591749534, -0.0013826135546, 0.00136011547875, -0.00251942058094, 0.000818764325231, 0.000593786535319, -0.000402023782954, -0.00506445532665, 0.020361693576, -0.008595418185, 0.00170366885141, 0.000364388397429], [0.000636801123619, -0.00190192169975, 0.0022731795907, -0.00140386645216, 0.00267402874306, -0.00175498402677, 0.000105961393274, -0.00278699933551, 0.00442100455984, -0.008595418185, 0.0168492589146, -0.00576405832544, 0.00248760660179], [-0.000538556021638, 0.00175838917494, -0.00222353707068, 0.00159108650405, -0.0009408784681, 0.0020831215661, -0.00217718491331, 0.00435949349776, -0.00243071233854, 0.00170366885141, -0.00576405832544, 0.0213250610977, -0.00730689801276], [0.000466427329229, -0.0006669719005, 0.00163074152078, -0.00134706951212, 0.000106775129098, -0.00158380682115, 0.00109746167436, -0.00408722832799, 0.000118815987662, 0.000364388397429, 0.00248760660179, -0.00730689801276, 0.0217458866537]]
    },
    "melbands": {
        "dmean": [0.000304122630041, 0.000780124741141, 0.000426527054515, 0.00016035498993, 0.000151894579176, 8.07263932074e-05, 0.000121842451335, 9.60757606663e-05, 0.000121745935758, 0.000110507658974, 0.000111731496872, 0.000146274556755, 9.67942905845e-05, 0.000118799696793, 7.68611280364e-05, 5.38727181265e-05, 3.63477593055e-05, 4.83400581288e-05, 3.3925371099e-05, 1.89486745512e-05, 1.3575999219e-05, 1.1264263776e-05, 8.33561716718e-06, 9.97435745376e-06, 1.00549768831e-05, 7.30341798771e-06, 5.39959000889e-06, 2.6994084692e-06, 1.68370297615e-06, 1.14192641831e-06, 7.87581200257e-07, 7.12309486062e-07, 4.96957966334e-07, 4.93714537697e-07, 3.6668407688e-07, 2.32126978972e-07, 1.76764757498e-07, 1.59188473958e-07, 1.70340300087e-07, 1.82990177677e-07],
        "dmean2": [0.000498947396409, 0.00131862331182, 0.000698878022376, 0.00026746749063, 0.000244497263338, 0.000131117689307, 0.000198970126803, 0.000153120054165, 0.000196678840439, 0.000181744311703, 0.00017765154189, 0.000228760341997, 0.000151397427544, 0.000191109749721, 0.000123759411508, 8.82123422343e-05, 5.55000588065e-05, 7.67060846556e-05, 5.45367329323e-05, 3.00589908875e-05, 2.16962125705e-05, 1.85070839507e-05, 1.38093428177e-05, 1.65403889696e-05, 1.6367117496e-05, 1.18236666822e-05, 8.68068673299e-06, 4.34735829913e-06, 2.73413365903e-06, 1.80355254997e-06, 1.27510861603e-06, 1.16310798148e-06, 7.8821273064e-07, 7.74574345996e-07, 5.65317179735e-07, 3.6191877939e-07, 2.78327064507e-07, 2.4684914024e-07, 2.61032937487e-07, 2.7652947665e-07],
        "dvar": [1.84720988727e-07, 9.241390444e-07, 2.57048441199e-07, 3.47327606676e-08, 3.39170043162e-08, 1.24008181501e-08, 2.89001000908e-08, 4.00368449505e-08, 8.54394670569e-08, 8.82165949179e-08, 8.83507453864e-08, 1.11000083791e-07, 5.95000315684e-08, 9.33481842935e-08, 2.56232421947e-08, 1.85523045815e-08, 5.76811087782e-09, 1.21446426249e-08, 6.56339782523e-09, 1.6874631692e-09, 9.7382057973e-10, 4.94449758914e-10, 2.14316023261e-10, 4.22343660045e-10, 3.64858421253e-10, 2.13448092534e-10, 2.19746318364e-10, 3.53220820648e-11, 1.21352372595e-11, 5.47760491479e-12, 2.2477100476e-12, 1.6788619106e-12, 7.90091137046e-13, 9.51521955846e-13, 4.92562425309e-13, 2.70676059691e-13, 4.33997618659e-13, 5.76889881351e-13, 6.78371096276e-13, 1.21100557967e-12],
        "dvar2": [4.93955383263e-07, 2.58548766396e-06, 6.72144722103e-07, 9.51448058117e-08, 8.20538232915e-08, 3.17016883855e-08, 7.50771036451e-08, 8.91806735126e-08, 1.9595982792e-07, 2.20297692977e-07, 1.97171630134e-07, 2.51163442044e-07, 1.31552610583e-07, 2.53772270753e-07, 6.46690949679e-08, 4.704790868e-08, 1.21980567869e-08, 3.16133537126e-08, 1.65543916353e-08, 3.99250321692e-09, 2.36151254107e-09, 1.15302478676e-09, 5.83168235924e-10, 1.13715548089e-09, 9.15499620557e-10, 5.48382284027e-10, 5.22394738578e-10, 8.61042973033e-11, 3.23350478337e-11, 1.32562459274e-11, 5.96137375575e-12, 4.40836343124e-12, 1.94791405228e-12, 2.21146733738e-12, 1.0931543214e-12, 6.5394402133e-13, 1.16232631159e-12, 1.43113233937e-12, 1.45773421546e-12, 2.48906342586e-12],
        "max": [0.00506293075159, 0.0141973439604, 0.00827425718307, 0.00298268697225, 0.00297761452384, 0.0025172685273, 0.00513706589118, 0.00754392426461, 0.00708163762465, 0.00852822046727, 0.00685560423881, 0.00790639501065, 0.00656749028713, 0.00886108260602, 0.00316803855821, 0.00312407827005, 0.00286721508019, 0.00259054754861, 0.00181459379382, 0.0011576715624, 0.000800156209152, 0.000782629009336, 0.000287677248707, 0.000393068563426, 0.000527769792825, 0.000518016051501, 0.00061430700589, 0.000232718448387, 7.48804595787e-05, 8.62996676005e-05, 6.28796842648e-05, 3.15849210892e-05, 1.94533586182e-05, 2.79218129435e-05, 2.7540130759e-05, 1.84359796549e-05, 3.46954293491e-05, 3.01135114569e-05, 3.37833698723e-05, 5.21263536939e-05],
        "mean": [0.000565082475077, 0.00122694508173, 0.000836771621834, 0.000295280071441, 0.000279390224023, 0.00014815335453, 0.000204424664844, 0.000172949876287, 0.000198451496544, 0.000164078854141, 0.000192714564037, 0.000288515031571, 0.000180075658136, 0.000209691555938, 0.000144700141391, 9.24449414015e-05, 6.77041971358e-05, 8.98217476788e-05, 6.13282754784e-05, 3.26738154399e-05, 2.54454116657e-05, 2.29354227486e-05, 1.89663533092e-05, 2.15005220525e-05, 2.10068228625e-05, 1.53904347826e-05, 1.11401295726e-05, 6.24823769613e-06, 4.05423133998e-06, 2.61184322881e-06, 1.83401198228e-06, 1.64150083037e-06, 1.11233555344e-06, 1.03438765109e-06, 7.74106467816e-07, 4.35664617271e-07, 2.7950775916e-07, 2.40437685761e-07, 2.59265533487e-07, 2.71826223752e-07],
        "median": [0.000407362356782, 0.000818915024865, 0.000555941078346, 0.000231436541071, 0.000190619117348, 0.000108306077891, 0.000132187749841, 8.38781852508e-05, 7.30242318241e-05, 5.80910418648e-05, 5.02687580592e-05, 7.07706203684e-05, 4.13109482906e-05, 5.44308895769e-05, 4.98278132e-05, 2.35094885284e-05, 2.28177395911e-05, 2.19378089241e-05, 1.54541157826e-05, 1.2879489077e-05, 1.03358124761e-05, 1.28984484036e-05, 9.91159231489e-06, 7.94375773694e-06, 9.19989997783e-06, 7.23003222447e-06, 5.27964721186e-06, 3.12319275508e-06, 1.83958513844e-06, 1.25148983443e-06, 8.6805164301e-07, 7.54326038077e-07, 6.36044319435e-07, 5.24514916833e-07, 3.69554271629e-07, 2.16303618572e-07, 1.35004597723e-07, 9.69687334873e-08, 8.1298558996e-08, 6.57285568195e-08],
        "min": [3.86439612115e-25, 7.67125667218e-25, 1.27655039544e-24, 1.04376552953e-24, 1.41811661248e-24, 8.34595806454e-25, 1.93246289597e-24, 1.82614791456e-24, 1.16180505475e-24, 2.82127208346e-24, 1.89643423793e-24, 2.47829547782e-24, 2.14624676509e-24, 3.17445576035e-24, 2.34552860975e-24, 2.64525611347e-24, 2.71718287309e-24, 4.30944496774e-24, 3.83604756636e-24, 3.83849382403e-24, 4.2279915294e-24, 3.39526325253e-24, 3.60185448512e-24, 3.35455802982e-24, 5.01997869039e-24, 4.02003714516e-24, 3.30529879388e-24, 4.90547868544e-24, 4.60740364809e-24, 4.65003290255e-24, 5.52671493134e-24, 5.84046266271e-24, 5.19924693667e-24, 4.57399578319e-24, 5.725533123e-24, 6.06263429262e-24, 5.99279880326e-24, 7.30214776716e-24, 6.69568333614e-24, 5.86252828552e-24],
        "var": [3.17135373962e-07, 1.74363015049e-06, 7.68579297983e-07, 6.31460181921e-08, 8.23872028377e-08, 2.36669848164e-08, 6.36026342704e-08, 1.30945807086e-07, 2.14626695083e-07, 1.56733477752e-07, 2.0739814488e-07, 3.67750203623e-07, 1.66521132883e-07, 2.18570505695e-07, 6.89473083071e-08, 4.3115161219e-08, 1.90898301611e-08, 3.04501632797e-08, 1.60597544152e-08, 3.83782783331e-09, 2.20634266412e-09, 1.19871279569e-09, 6.98030355739e-10, 1.29265009807e-09, 1.0290357455e-09, 5.29789934145e-10, 4.34493691026e-10, 9.64409732629e-11, 4.49973530658e-11, 1.6380646839e-11, 9.49717127857e-12, 5.82740886795e-12, 1.96699514315e-12, 2.45571076495e-12, 1.47260936084e-12, 4.56583989367e-13, 3.79888693202e-13, 5.72390876016e-13, 9.14189839281e-13, 1.60980072588e-12]
    },
    "mfcc": {
        "mean": [-657.356750488, 136.669784546, -16.3095684052, 21.4153804779, 1.09707415104, 8.2198600769, 3.18714618683, 7.87030649185, -3.17786335945, 1.02125346661, 0.955957055092, -2.84538984299, 0.656483948231],
        "cov": [[10622.6103516, 192.077438354, -1403.59545898, 212.128997803, -258.111938477, 68.1675949097, 405.034423828, 144.601593018, -111.579856873, 168.086868286, 45.6305046082, -63.7542304993, 174.142105103], [192.077438354, 1040.74804688, 115.46030426, 111.216644287, 34.0361442566, 54.7475395203, -59.8926391602, 22.2017097473, 8.11412334442, -23.3266887665, -0.302542686462, 1.45525705814, -35.85987854], [-1403.59545898, 115.46030426, 616.183349609, 26.7384300232, 105.65133667, 32.5405235291, -156.612716675, -38.6989631653, 18.4007701874, -42.2663421631, -6.71776342392, 38.2167510986, -35.7648124695], [212.128997803, 111.216644287, 26.7384300232, 241.282440186, 38.725944519, 31.9041786194, -48.0914802551, 5.45300674438, 27.4673652649, 6.70735025406, -18.1802902222, 20.2403297424, 11.0731287003], [-258.111938477, 34.0361442566, 105.65133667, 38.725944519, 160.618774414, -6.35015392303, -29.0988483429, -23.3286552429, 9.3187789917, -11.3904790878, -7.76208209991, -12.5010414124, 2.75462341309], [68.1675949097, 54.7475395203, 32.5405235291, 31.9041786194, -6.35015392303, 185.678588867, -3.00625634193, 23.2460613251, 13.7133388519, -10.5675172806, -10.0210876465, 11.7579612732, -14.9047880173], [405.034423828, -59.8926391602, -156.612716675, -48.0914802551, -29.0988483429, -3.00625634193, 181.01512146, 28.6751060486, -26.5450782776, 18.806388855, 14.7389545441, -22.175775528, 14.9112386703], [144.601593018, 22.2017097473, -38.6989631653, 5.45300674438, -23.3286552429, 23.2460613251, 28.6751060486, 81.575843811, 22.7958469391, 3.90095877647, -5.16189193726, -6.94643974304, -5.75021982193], [-111.579856873, 8.11412334442, 18.4007701874, 27.4673652649, 9.3187789917, 13.7133388519, -26.5450782776, 22.7958469391, 100.032341003, 10.6807498932, -12.5246343613, 4.09382247925, -6.58595752716], [168.086868286, -23.3266887665, -42.2663421631, 6.70735025406, -11.3904790878, -10.5675172806, 18.806388855, 3.90095877647, 10.6807498932, 76.0089950562, 17.1397171021, -9.04205799103, -0.547850430012], [45.6305046082, -0.302542686462, -6.71776342392, -18.1802902222, -7.76208209991, -10.0210876465, 14.7389545441, -5.16189193726, -12.5246343613, 17.1397171021, 64.7177963257, 14.3734807968, 1.55797183514], [-63.7542304993, 1.45525705814, 38.2167510986, 20.2403297424, -12.5010414124, 11.7579612732, -22.175775528, -6.94643974304, 4.09382247925, -9.04205799103, 14.3734807968, 84.8233337402, 23.9361286163], [174.142105103, -35.85987854, -35.7648124695, 11.0731287003, 2.75462341309, -14.9047880173, 14.9112386703, -5.75021982193, -6.58595752716, -0.547850430012, 1.55797183514, 23.9361286163, 75.6654586792]],
