{
"lowlevel": {
    "average_loudness": 0.665480971336,
    "barkbands_crest": {
        "dmean": 2.10317611694,
        "dmean2": 3.36608219147,
        "dvar": 3.68718099594,
        "dvar2": 9.47655582428,
        "max": 22.5940666199,
        "mean": 10.5873394012,
        "median": 10.0846786499,
        "min": 3.31438875198,
        "var": 11.9129981995
    },
    "barkbands_flatness_db": {
        "dmean": 0.0183148644865,
        "dmean2": 0.0276136789471,
        "dvar": 0.000311859243084,
        "dvar2": 0.000668141350616,
        "max": 0.371293395758,
        "mean": 0.189887836576,
        "median": 0.186624005437,
        "min": 0.0328402481973,
        "var": 0.00229362281971
    },
    "barkbands_kurtosis": {
        "dmean": 3.28250312805,
        "dmean2": 5.12627029419,
        "dvar": 18.7414360046,
        "dvar2": 44.530582428,
        "max": 77.3967819214,
        "mean": 8.36977481842,
        "median": 6.48964500427,
        "min": -1.92558264732,
        "var": 62.9465293884
    },
    "barkbands_skewness": {
        "dmean": 0.461511880159,
        "dmean2": 0.693340301514,
        "dvar": 0.226661428809,
        "dvar2": 0.494376093149,
        "max": 7.20134973526,
        "mean": 2.02147984505,
        "median": 2.01969790459,
        "min": -2.39690518379,
        "var": 1.37088108063
    },
    "barkbands_spread": {
        "dmean": 3.26540088654,
        "dmean2": 4.94394397736,
        "dvar": 41.8632621765,
        "dvar2": 80.5951766968,
        "max": 113.41721344,
        "mean": 12.3629264832,
        "median": 8.7563419342,
        "min": 0.952185511589,
        "var": 171.049575806
    },
    "dissonance": {
        "dmean": 0.0252801235765,
        "dmean2": 0.041915178299,
        "dvar": 0.000509593344759,
        "dvar2": 0.00138758844696,
        "max": 0.500000059605,
        "mean": 0.436049699783,
        "median": 0.44174683094,
        "min": 0.224473401904,
        "var": 0.00132776063401
    },
    "dynamic_complexity": 4.48202514648,
    "erbbands_crest": {
        "dmean": 2.34502577782,
        "dmean2": 3.6819756031,
        "dvar": 4.95670700073,
        "dvar2": 11.6410331726,
        "max": 32.5392494202,
        "mean": 10.2761201859,
        "median": 9.37965583801,
        "min": 2.38633131981,
        "var": 18.876619339
    },
    "erbbands_flatness_db": {
        "dmean": 0.015614903532,
        "dmean2": 0.0223982334137,
        "dvar": 0.00024893815862,
        "dvar2": 0.000484441465233,
        "max": 0.409700006247,
        "mean": 0.18905352056,
        "median": 0.188517868519,
        "min": 0.0436398945749,
        "var": 0.00196860777214
    },
    "erbbands_kurtosis": {
        "dmean": 1.26146948338,
        "dmean2": 1.950263381,
        "dvar": 3.38337826729,
        "dvar2": 8.26114177704,
        "max": 76.0744857788,
        "mean": 2.01240992546,
        "median": 1.31980705261,
        "min": -1.81726491451,
        "var": 9.14031505585
    },
    "erbbands_skewness": {
        "dmean": 0.339346677065,
        "dmean2": 0.513039708138,
        "dvar": 0.114534400403,
        "dvar2": 0.234724193811,
        "max": 4.57178592682,
        "mean": 1.04254257679,
        "median": 1.06258630753,
        "min": -3.82485342026,
        "var": 0.663619160652
    },
    "erbbands_spread": {
        "dmean": 6.85918045044,
        "dmean2": 10.3104867935,
        "dvar": 97.3314056396,
        "dvar2": 212.829467773,
        "max": 150.938903809,
        "mean": 31.4183216095,
        "median": 26.4784355164,
        "min": 1.17747676373,
        "var": 369.129486084
    },
    "hfc": {
        "dmean": 3.42320203781,
        "dmean2": 4.49556827545,
        "dvar": 64.969078064,
        "dvar2": 108.06578064,
        "max": 249.315948486,
        "mean": 12.7495164871,
        "median": 6.31160640717,
        "min": 1.07436613473e-16,
        "var": 324.545623779
    },
    "melbands_crest": {
        "dmean": 2.61660385132,
        "dmean2": 4.16254711151,
        "dvar": 5.746301651,
        "dvar2": 14.6991624832,
        "max": 37.1553230286,
        "mean": 13.6221895218,
        "median": 12.9358730316,
        "min": 1.00101661682,
        "var": 20.9252586365
    },
    "melbands_flatness_db": {
        "dmean": 0.0209161713719,
        "dmean2": 0.0308332424611,
        "dvar": 0.000461022253148,
        "dvar2": 0.000937662029173,
        "max": 0.484064906836,
        "mean": 0.253560304642,
        "median": 0.251670002937,
        "min": 8.19722814072e-08,
        "var": 0.0042350133881
    },
    "melbands_kurtosis": {
        "dmean": 5.98389196396,
        "dmean2": 9.31887245178,
        "dvar": 82.5146484375,
        "dvar2": 204.723358154,
        "max": 198.922439575,
        "mean": 15.4997434616,
        "median": 11.7796993256,
        "min": -1.80305230618,
        "var": 218.850341797
    },
    "melbands_skewness": {
        "dmean": 0.579028844833,
        "dmean2": 0.87319624424,
        "dvar": 0.403462827206,
        "dvar2": 0.937510192394,
        "max": 11.5059165955,
        "mean": 2.58487915993,
        "median": 2.47114133835,
        "min": -1.99972426891,
        "var": 2.03265929222
    },
    "melbands_spread": {
        "dmean": 3.61894083023,
        "dmean2": 5.31695604324,
        "dvar": 72.8217926025,
        "dvar2": 124.586143494,
        "max": 261.866668701,
        "mean": 14.0046644211,
        "median": 9.16860103607,
        "min": 1.03211116791,
        "var": 359.046508789
    },
    "pitch_salience": {
        "dmean": 0.0602096244693,
        "dmean2": 0.096890412271,
        "dvar": 0.0029441032093,
        "dvar2": 0.00768425874412,
        "max": 0.996079921722,
        "mean": 0.585292220116,
        "median": 0.591170668602,
        "min": 0.0968437865376,
        "var": 0.0100655239075
    },
    "silence_rate_20dB": {
        "dmean": 0,
        "dmean2": 0,
        "dvar": 0,
        "dvar2": 0,
        "max": 1,
        "mean": 1,
        "median": 1,
        "min": 1,
        "var": 0
    },
    "silence_rate_30dB": {
        "dmean": 0.00229160697199,
        "dmean2": 0.0045836516656,
        "dvar": 0.00228643417358,
        "dvar2": 0.00532674882561,
        "max": 1,
        "mean": 0.997613132,
        "median": 1,
        "min": 0,
        "var": 0.00238117319532
    },
    "silence_rate_60dB": {
        "dmean": 0.0223431680351,
        "dmean2": 0.044690605253,
        "dvar": 0.021846704185,
        "dvar2": 0.0478401705623,
        "max": 1,
        "mean": 0.134810000658,
        "median": 0,
        "min": 0,
        "var": 0.116647988558
    },
    "spectral_centroid": {
        "dmean": 148.012771606,
        "dmean2": 217.061431885,
        "dvar": 64598.4765625,
        "dvar2": 117328.125,
        "max": 11530.9384766,
        "mean": 882.245300293,
        "median": 634.248352051,
        "min": 197.298828125,
        "var": 1145431.375
    },
    "spectral_complexity": {
        "dmean": 1.8122792244,
        "dmean2": 2.80175709724,
        "dvar": 3.65220880508,
        "dvar2": 7.36319923401,
        "max": 36,
        "mean": 11.3522052765,
        "median": 11,
        "min": 0,
        "var": 36.4909286499
    },
    "spectral_decrease": {
        "dmean": 1.31768851386e-09,
        "dmean2": 1.91183424647e-09,
        "dvar": 3.8725895535e-18,
        "dvar2": 7.7964849845e-18,
        "max": 4.67697401779e-28,
        "mean": -5.2113331428e-09,
        "median": -3.79877462819e-09,
        "min": -3.42325421343e-08,
        "var": 2.34048702914e-17
    },
    "spectral_energy": {
        "dmean": 0.00519090238959,
        "dmean2": 0.00750294700265,
        "dvar": 5.93004297116e-05,
        "dvar2": 0.000118005846161,
        "max": 0.133950173855,
        "mean": 0.0208252072334,
        "median": 0.0152163766325,
        "min": 9.9382018592e-21,
        "var": 0.000372831738787
    },
    "spectral_energyband_high": {
        "dmean": 0.000199879505089,
        "dmean2": 0.000273728044704,
        "dvar": 7.11577115453e-07,
        "dvar2": 1.21241168927e-06,
        "max": 0.0338528864086,
        "mean": 0.000403478567023,
        "median": 6.47963679512e-05,
        "min": 7.04514332135e-21,
        "var": 2.1299256332e-06
    },
    "spectral_energyband_low": {
        "dmean": 0.00192232080735,
        "dmean2": 0.00292340875603,
        "dvar": 1.91002673091e-05,
        "dvar2": 4.22674129368e-05,
        "max": 0.0966108441353,
        "mean": 0.00476364837959,
        "median": 0.0020073116757,
        "min": 2.13122070034e-23,
        "var": 5.98154983891e-05
    },
    "spectral_energyband_middle_high": {
        "dmean": 0.000959786120802,
        "dmean2": 0.00121994456276,
        "dvar": 6.7879677772e-06,
        "dvar2": 9.78035404842e-06,
        "max": 0.0694949924946,
        "mean": 0.00341240991838,
        "median": 0.000793467625044,
        "min": 1.09224464198e-21,
        "var": 5.44786271348e-05
    },
    "spectral_energyband_middle_low": {
        "dmean": 0.00408922554925,
        "dmean2": 0.00614103954285,
        "dvar": 3.64673323929e-05,
        "dvar2": 7.87248864071e-05,
        "max": 0.128034248948,
        "mean": 0.013239893131,
        "median": 0.00994894839823,
        "min": 1.4843622049e-22,
        "var": 0.000156090856763
    },
    "spectral_entropy": {
        "dmean": 0.172496750951,
        "dmean2": 0.254507988691,
        "dvar": 0.0358222797513,
        "dvar2": 0.0693646371365,
        "max": 9.83358573914,
        "mean": 7.0126824379,
        "median": 6.99587631226,
        "min": 5.11825847626,
        "var": 0.305488973856
    },
    "spectral_flux": {
        "dmean": 0.0176136121154,
        "dmean2": 0.0279189944267,
        "dvar": 0.000473381980555,
        "dvar2": 0.00106697122101,
        "max": 0.307888090611,
        "mean": 0.0581632629037,
        "median": 0.0489674024284,
        "min": 6.12867881444e-11,
        "var": 0.00175188737921
    },
    "spectral_kurtosis": {
        "dmean": 2.64898586273,
        "dmean2": 4.4027967453,
        "dvar": 11.8619880676,
        "dvar2": 31.7668991089,
        "max": 88.9461669922,
        "mean": 7.3916425705,
        "median": 5.85416126251,
        "min": -1.35257863998,
        "var": 44.060508728
    },
    "spectral_rms": {
        "dmean": 0.000521378358826,
        "dmean2": 0.000743543903809,
        "dvar": 3.9457290768e-07,
        "dvar2": 7.56368763177e-07,
        "max": 0.0114316707477,
        "mean": 0.00399964628741,
        "median": 0.00385295273736,
        "min": 3.1138089069e-12,
        "var": 4.32014212493e-06
    },
    "spectral_rolloff": {
        "dmean": 241.389602661,
        "dmean2": 398.330871582,
        "dvar": 688733.5625,
        "dvar2": 1344346.5,
        "max": 19401.4160156,
        "mean": 1038.82385254,
        "median": 538.330078125,
        "min": 43.06640625,
        "var": 4421896.5
    },
    "spectral_skewness": {
        "dmean": 0.290653586388,
        "dmean2": 0.459737122059,
        "dvar": 0.0898057073355,
        "dvar2": 0.209480449557,
        "max": 7.52948093414,
        "mean": 2.02432084084,
        "median": 1.96948885918,
        "min": -0.341804981232,
        "var": 0.571342289448
    },
    "spectral_spread": {
        "dmean": 552569.5625,
        "dmean2": 791739.5,
        "dvar": 798599217152,
        "dvar2": 1.40181071462e+12,
        "max": 42757752,
        "mean": 4377539,
        "median": 3634268.75,
        "min": 949726.75,
        "var": 1.41957498143e+13
    },
    "spectral_strongpeak": {
        "dmean": 0.395294845104,
        "dmean2": 0.631695508957,
        "dvar": 0.412922650576,
        "dvar2": 0.931070268154,
        "max": 9.75953388214,
        "mean": 0.979921638966,
        "median": 0.513112664223,
        "min": 0,
        "var": 1.55197703838
    },
    "zerocrossingrate": {
        "dmean": 0.00727964751422,
        "dmean2": 0.00832446757704,
        "dvar": 0.000192630061065,
        "dvar2": 0.00017787393881,
        "max": 0.52685546875,
        "mean": 0.043307479471,
        "median": 0.03125,
        "min": 0.00634765625,
        "var": 0.00309989904054
    },
    "barkbands": {
        "dmean": [1.50066016431e-05, 0.000869865412824, 0.000972487032413, 0.00110185600352, 0.0019054034492, 0.00128887675237, 0.000891267729457, 0.000734089699108, 0.00057721597841, 0.000362616061466, 0.000430065090768, 0.000264343369054, 0.000260983011685, 0.00014506210573, 9.28082881728e-05, 4.74235894217e-05, 5.58890315006e-05, 4.14250825997e-05, 4.57788082713e-05, 0.000107504922198, 2.66951374215e-05, 3.04752666125e-05, 3.95771457988e-05, 4.85251002829e-05, 3.94166563638e-05, 6.56967540635e-06, 4.12653946569e-08],
        "dmean2": [2.4712206141e-05, 0.00135010632221, 0.00150639482308, 0.00183775357436, 0.00303234346211, 0.00192512571812, 0.00132477388252, 0.00103776156902, 0.000842366192956, 0.000506233016495, 0.00058998138411, 0.000383130332921, 0.000366745662177, 0.000213237668504, 0.000138772593345, 7.40554678487e-05, 8.79280050867e-05, 6.29361675237e-05, 6.7182307248e-05, 0.000148097111378, 4.02889672841e-05, 4.34857247456e-05, 5.63138491998e-05, 6.91506575095e-05, 5.47377021576e-05, 9.47287117015e-06, 6.81984673179e-08],
        "dvar": [3.46140849317e-09, 5.03025648868e-06, 7.01378667145e-06, 4.84778274767e-06, 1.06500783659e-05, 6.62612092128e-06, 4.3877034841e-06, 4.7244493544e-06, 3.36526886713e-06, 1.60131071425e-06, 2.78819561572e-06, 1.1132393638e-06, 1.13332509954e-06, 3.44813770425e-07, 1.11887104026e-07, 2.96308790837e-08, 2.06809325221e-08, 1.71328196075e-08, 1.86416446724e-08, 1.11385233481e-07, 1.52342565229e-08, 3.40463692794e-08, 3.43743700171e-08, 9.45733162894e-08, 7.09914900199e-08, 2.00107974635e-09, 7.84566842374e-14],
        "dvar2": [8.7535392268e-09, 1.13732785394e-05, 1.59607679961e-05, 1.2706808775e-05, 2.66153783741e-05, 1.41337686728e-05, 8.72975306265e-06, 9.10677044885e-06, 7.11190659786e-06, 2.99426460515e-06, 4.89302556161e-06, 2.34108438235e-06, 2.09563722819e-06, 6.5883756406e-07, 2.3581584685e-07, 6.38682422505e-08, 4.75489230212e-08, 3.80489382223e-08, 3.71619748307e-08, 2.00934607619e-07, 3.41457955244e-08, 6.68625901312e-08, 6.41686028757e-08, 1.84661857361e-07, 1.40304692309e-07, 3.72119801639e-09, 2.14251102211e-13],
        "max": [0.00122109486256, 0.0604853034019, 0.068282134831, 0.0769206136465, 0.0708523094654, 0.0799723342061, 0.0724992230535, 0.0631171762943, 0.0665887966752, 0.0364678092301, 0.0549972057343, 0.0354673266411, 0.0377751737833, 0.0271540768445, 0.0119376769289, 0.00621013250202, 0.00561509979889, 0.00703733367845, 0.00368661712855, 0.0101152528077, 0.00633213995025, 0.0116054341197, 0.0090002072975, 0.0155897056684, 0.0113144665956, 0.00232179858722, 1.18228872452e-05],
        "mean": [1.69282429852e-05, 0.00203274795786, 0.0018692323938, 0.00181756599341, 0.00402871379629, 0.00280606071465, 0.00172017421573, 0.00147382018622, 0.0010564676486, 0.000709410523996, 0.000923902902286, 0.000467802427011, 0.0005054238718, 0.000306108559016, 0.000165585996001, 8.25251772767e-05, 0.000112332301796, 8.15701205283e-05, 9.47311200434e-05, 0.000247144926107, 4.36294030806e-05, 4.65879129479e-05, 6.86895145918e-05, 7.93625004007e-05, 5.87106078456e-05, 9.96049129753e-06, 4.13084819684e-08],
        "median": [1.97984218175e-06, 0.000434181012679, 0.00040718720993, 0.000863856286742, 0.00229516578838, 0.00144529889803, 0.000568276853301, 0.000354277639417, 0.000170346058439, 0.000114228998427, 0.00011578820704, 6.73326139804e-05, 3.77181131626e-05, 3.36197554134e-05, 3.8220998249e-05, 2.20369001909e-05, 3.46942942997e-05, 2.14770825551e-05, 2.03677245736e-05, 2.89174240606e-05, 9.25276253838e-06, 5.09910660185e-06, 6.65616698825e-06, 7.33198885428e-06, 3.13302371069e-06, 6.36491904515e-07, 3.58282115087e-09],
        "min": [5.88366729259e-25, 1.03822654268e-24, 1.21411057568e-24, 5.14542709862e-25, 1.33471557517e-23, 6.2685699818e-24, 1.13785612513e-23, 1.07337321479e-23, 1.3515072684e-23, 2.62159935822e-23, 1.3457059853e-23, 1.29430081105e-23, 2.09848234168e-23, 3.18741804664e-23, 4.34051401783e-23, 4.04625722504e-23, 6.35548375755e-23, 1.06278155807e-22, 1.0329188183e-22, 1.70478925314e-22, 2.73354313829e-22, 3.03469564824e-22, 3.90457850066e-22, 4.9837793465e-22, 8.23735827374e-22, 1.26907358203e-21, 1.9440559911e-21],
        "var": [3.27604166017e-09, 1.74533288373e-05, 1.90702940017e-05, 7.81916696724e-06, 2.52878216997e-05, 1.88831745618e-05, 1.27470402731e-05, 1.56820860866e-05, 8.41172459332e-06, 4.84377233079e-06, 1.10123610284e-05, 2.53478356171e-06, 3.20450590152e-06, 1.86372142252e-06, 3.451581847e-07, 6.62170691612e-08, 7.05318328187e-08, 4.02399535915e-08, 5.69219835711e-08, 4.71253144951e-07, 2.46102285217e-08, 7.70879466927e-08, 8.81352733018e-08, 1.89228686054e-07, 1.38310568332e-07, 4.15727363645e-09, 6.33515524653e-14]
    },
    "erbbands": {
        "dmean": [0.0166366584599, 0.238137215376, 1.0116533041, 2.23655319214, 5.82542276382, 7.01129627228, 6.82263088226, 10.8541593552, 13.1476507187, 15.3272151947, 12.2909326553, 12.514538765, 12.349858284, 12.7394342422, 13.5198564529, 9.89363384247, 11.6102466583, 8.020652771, 4.32378196716, 3.52186059952, 2.30743074417, 2.90208721161, 2.40393519402, 1.47516524792, 3.80566549301, 4.99465703964, 1.55342054367, 0.974553704262, 1.04854559898, 1.1194691658, 1.22807657719, 0.999988973141, 0.819356799126, 0.522631525993, 0.239176079631, 0.059709418565, 0.00582286529243, 0.000360367441317, 1.27664179672e-05, 6.83464395479e-06],
        "dmean2": [0.0255379118025, 0.372420579195, 1.53849089146, 3.68668866158, 9.56523990631, 11.0766096115, 10.3093690872, 16.2600383759, 19.5710124969, 21.6804447174, 17.683801651, 18.1998786926, 17.1725311279, 16.8546772003, 17.9661331177, 13.6997470856, 15.7893238068, 11.3945512772, 6.37867212296, 5.33019256592, 3.45919775963, 4.48953104019, 3.61140298843, 2.20751976967, 5.25249195099, 6.85651159286, 2.27270817757, 1.4473618269, 1.52464032173, 1.6261254549, 1.75887537003, 1.44725489616, 1.18264329433, 0.762038588524, 0.335305154324, 0.0859168171883, 0.00835418794304, 0.000519789464306, 1.76470948645e-05, 9.6955400295e-06],
        "dvar": [0.0020579486154, 0.375648677349, 7.71737003326, 20.3620357513, 122.581161499, 167.180099487, 135.463256836, 604.740356445, 1029.42895508, 1728.12280273, 1305.19140625, 1772.5559082, 1855.98706055, 2577.01489258, 2861.61645508, 1515.81787109, 2433.96777344, 933.369140625, 212.890792847, 142.770965576, 56.5015983582, 49.2078475952, 63.6515846252, 16.9927825928, 126.914138794, 252.700592041, 31.352098465, 27.0535011292, 38.6741294861, 38.5348358154, 34.6235809326, 32.5695266724, 30.3437595367, 13.2282867432, 2.696215868, 0.181159541011, 0.00130940764211, 3.43359329236e-06, 3.8048946216e-09, 1.45580297817e-10],
        "dvar2": [0.00465194508433, 0.861468076706, 16.6067867279, 52.9096946716, 320.21786499, 407.813751221, 309.173797607, 1361.12658691, 2010.62683105, 3119.61279297, 2618.36621094, 3739.68823242, 3583.60620117, 4132.29931641, 4343.35498047, 3140.17333984, 4320.9375, 1642.72387695, 438.463195801, 308.242889404, 111.482894897, 111.26914978, 142.106079102, 31.3461990356, 223.335083008, 458.473510742, 64.8713684082, 63.3133659363, 79.9642181396, 78.9168319702, 66.1103439331, 66.4293823242, 58.2750434875, 27.7163677216, 5.17597866058, 0.331965357065, 0.00229916116223, 6.62713409838e-06, 6.64040156195e-09, 2.69990169111e-10],
        "max": [1.36128914356, 14.4610509872, 70.4365386963, 140.783004761, 188.219573975, 379.486999512, 307.421600342, 706.729187012, 1105.7244873, 1183.89440918, 1192.36535645, 1544.17175293, 1327.21582031, 2134.75805664, 1822.18603516, 1534.89916992, 1977.33618164, 1628.10302734, 531.683898926, 400.206634521, 279.74395752, 234.556915283, 496.56451416, 265.098175049, 393.04284668, 475.397613525, 300.734405518, 346.264343262, 385.474731445, 302.217376709, 297.573913574, 291.262573242, 239.620162964, 163.368835449, 69.7171707153, 21.8909988403, 1.64959895611, 0.0640322193503, 0.00229726498947, 0.000366150517948],
        "mean": [0.037635281682, 0.548372507095, 2.07142472267, 4.3130402565, 10.4751367569, 14.4537773132, 15.4230566025, 22.5572681427, 26.6217517853, 32.6662750244, 24.1537666321, 23.8232326508, 25.6655254364, 29.0271854401, 31.3585147858, 20.7111587524, 24.3475227356, 18.6107368469, 9.10716152191, 6.8123292923, 4.80239725113, 6.17569208145, 5.12302541733, 3.32722139359, 8.62102031708, 11.541176796, 3.11687660217, 1.57023453712, 1.59375822544, 1.76403450966, 2.1327111721, 1.68865573406, 1.28655529022, 0.77956455946, 0.345790058374, 0.0903748124838, 0.00946460384876, 0.000579573388677, 2.93584544124e-05, 2.61390268861e-05],
        "median": [0.00903687998652, 0.111428923905, 0.525280952454, 2.23247385025, 5.35802268982, 7.58371829987, 8.59179592133, 10.7291984558, 9.99028873444, 9.71412467957, 6.94563579559, 4.33473491669, 4.37966585159, 4.09005737305, 3.78186488152, 3.15854334831, 2.24043607712, 2.41247463226, 2.00133562088, 2.01536250114, 1.63004899025, 1.85822343826, 1.41331076622, 1.06573390961, 1.28243875504, 1.16598749161, 0.656463384628, 0.295880258083, 0.190844267607, 0.174067929387, 0.20166900754, 0.159291312099, 0.113016441464, 0.0456115305424, 0.0169849656522, 0.00491862371564, 0.000756766530685, 6.01646133873e-05, 1.12600810098e-05, 1.84726850421e-05],
        "min": [5.88658546658e-23, 4.96684395437e-22, 2.47374784143e-21, 5.78518326634e-21, 1.30431713068e-20, 4.00741606424e-20, 3.30299874811e-20, 7.08452083436e-20, 1.73856485104e-19, 1.6696251631e-19, 3.66198130454e-19, 3.47444007262e-19, 6.11933689807e-19, 8.44896236334e-19, 7.32439170902e-19, 6.45668028042e-19, 9.42158821095e-19, 1.17099844096e-18, 2.31514411769e-18, 2.44210786311e-18, 3.37742724471e-18, 4.08268722524e-18, 5.61471712314e-18, 5.96351726717e-18, 8.93054298687e-18, 7.91974316758e-18, 8.5740306244e-18, 1.00132934574e-17, 9.67771207313e-18, 9.25229556563e-18, 1.16822709639e-17, 9.88682581352e-18, 8.93204018377e-18, 8.50700417936e-18, 6.44556959044e-18, 4.32980329733e-18, 2.21206128334e-18, 9.06468045615e-19, 2.61556448394e-19, 2.55145023165e-20],
        "var": [0.00657374877483, 1.24583077431, 22.26994133, 38.3087425232, 226.013793945, 407.976837158, 425.918884277, 1553.66748047, 3019.36767578, 6183.68115234, 3727.50732422, 4264.06152344, 5649.48925781, 10670.7001953, 14431.53125, 4078.11083984, 6887.51904297, 5679.140625, 890.368225098, 429.140106201, 185.593719482, 179.016281128, 151.068008423, 55.902179718, 523.735107422, 1033.67822266, 76.5945892334, 46.6434669495, 85.8959274292, 85.0765991211, 84.3472290039, 66.8731231689, 61.4537620544, 24.7164955139, 5.07494974136, 0.365876883268, 0.00315848155878, 8.23184745968e-06, 1.00158414895e-08, 7.09807712607e-10]
    },
    "gfcc": {
        "mean": [-79.4033813477, 127.100341797, -109.244926453, 26.7435340881, -69.7755355835, 4.31817579269, -44.3654212952, 3.49699783325, -28.5876808167, -4.9043302536, -8.23721218109, -9.68763828278, -6.3486623764],
        "cov": [[23521.2050781, 554.575622559, -1684.44348145, 354.366546631, -1451.11230469, 391.348480225, -767.924194336, 193.330703735, -617.501647949, 105.015838623, -20.9723834991, -108.421318054, -205.07333374], [554.575622559, 1621.63989258, -298.559661865, -144.861984253, 224.218734741, -236.953338623, 164.534072876, -136.605575562, 83.0269622803, -172.729034424, 101.580001831, -104.97580719, 75.7935333252], [-1684.44348145, -298.559661865, 911.218444824, 242.209060669, 85.1549301147, 115.466445923, -91.3920516968, 29.8403873444, 87.8594741821, 82.4058609009, -52.2961425781, 116.910697937, 64.0119171143], [354.366546631, -144.861984253, 242.209060669, 370.358184814, 57.3410491943, 55.0643806458, -60.6312789917, 33.9547805786, 57.0972328186, 53.1813240051, -13.4056797028, 53.9394874573, 47.574836731], [-1451.11230469, 224.218734741, 85.1549301147, 57.3410491943, 330.458465576, -12.1976137161, 112.876419067, -9.88897323608, 92.0468902588, -13.2150526047, 27.9500312805, 21.5802536011, 45.7897377014], [391.348480225, -236.953338623, 115.466445923, 55.0643806458, -12.1976137161, 221.235565186, 25.0117797852, 34.3664321899, -6.38264465332, 33.2185058594, -7.98676729202, 46.3807601929, -0.992926836014], [-767.924194336, 164.534072876, -91.3920516968, -60.6312789917, 112.876419067, 25.0117797852, 248.072631836, 4.81896734238, 25.4659805298, -27.5791492462, 54.2486801147, -11.3727407455, 7.62011671066], [193.330703735, -136.605575562, 29.8403873444, 33.9547805786, -9.88897323608, 34.3664321899, 4.81896734238, 125.237159729, 18.1944255829, 36.616230011, -4.75039768219, -0.24860137701, -4.06279563904], [-617.501647949, 83.0269622803, 87.8594741821, 57.0972328186, 92.0468902588, -6.38264465332, 25.4659805298, 18.1944255829, 143.615097046, 29.1400470734, 8.96509933472, 29.7351932526, 33.120223999], [105.015838623, -172.729034424, 82.4058609009, 53.1813240051, -13.2150526047, 33.2185058594, -27.5791492462, 36.616230011, 29.1400470734, 116.024101257, 9.71089935303, 30.4154644012, -2.8555662632], [-20.9723834991, 101.580001831, -52.2961425781, -13.4056797028, 27.9500312805, -7.98676729202, 54.2486801147, -4.75039768219, 8.96509933472, 9.71089935303, 113.156341553, 9.29382801056, 7.35728931427], [-108.421318054, -104.97580719, 116.910697937, 53.9394874573, 21.5802536011, 46.3807601929, -11.3727407455, -0.24860137701, 29.7351932526, 30.4154644012, 9.29382801056, 118.482658386, 38.5991134644], [-205.07333374, 75.7935333252, 64.0119171143, 47.574836731, 45.7897377014, -0.992926836014, 7.62011671066, -4.06279563904, 33.120223999, -2.8555662632, 7.35728931427, 38.5991134644, 99.2063903809]],
        "icov": [[0.000173118416569, -0.000388398068026, 0.000417277798988, -0.000480962684378, 0.000620599836111, -0.000639896548819, 0.00049032602692, -0.00041694715037, 0.000532391830347, -0.000363868515706, 6.69795990689e-05, -0.000303244480165, 0.000193217463675], [-0.000388398068026, 0.00205692532472, -0.000799985253252, 0.0012341812253, -0.0017670650268, 0.00206402176991, -0.0012614474399, 0.0016960442299, -0.00199306709692, 0.00192066724412, -0.000938259123359, 0.00158685236238, -0.00127457315102], [0.000417277798988, -0.000799985253252, 0.00265859346837, -0.00168828992173, 0.00104669085704, -0.00204067328013, 0.00169305026066, -0.00085365754785, 0.000817249936517, -0.00120695203077, 0.000721959921066, -0.00139049172867, 7.93027575128e-05], [-0.000480962684378, 0.0012341812253, -0.00168828992173, 0.00517924921587, -0.0024528237991, 0.00120862596668, -0.000239532062551, 0.00066465290729, -0.0020804926753, 0.000475230044685, -0.000366444961401, 0.000916612916626, -0.00176286988426], [0.000620599836111, -0.0017670650268, 0.00104669085704, -0.0024528237991, 0.00714003806934, -0.00188385427464, -0.000387628359022, -0.00110218953341, -5.8858673583e-05, -0.000834256235976, 0.000308853923343, -0.00141882884782, 0.000328786612954], [-0.000639896548819, 0.00206402176991, -0.00204067328013, 0.00120862596668, -0.00188385427464, 0.00876109488308, -0.00367375859059, 0.000810413388535, -0.00107126904186, 0.00112342298962, 0.000168188387761, -0.000683241174556, -0.000246626179432], [0.00049032602692, -0.0012614474399, 0.00169305026066, -0.000239532062551, -0.000387628359022, -0.00367375859059, 0.00791105255485, -0.00203544250689, 0.000894027121831, 0.000128944520839, -0.00215648161247, -0.0001809085079, 0.000386448431527], [-0.00041694715037, 0.0016960442299, -0.00085365754785, 0.00066465290729, -0.00110218953341, 0.000810413388535, -0.00203544250689, 0.0109939202666, -0.00293070590124, -0.00109724409413, 1.58489583555e-05, 0.00268114148639, -0.000899683276657], [0.000532391830347, -0.00199306709692, 0.000817249936517, -0.0020804926753, -5.8858673583e-05, -0.00107126904186, 0.000894027121831, -0.00293070590124, 0.0123405242339, -0.00414613541216, 0.00102393678389, -0.00261913589202, -0.000374766794266], [-0.000363868515706, 0.00192066724412, -0.00120695203077, 0.000475230044685, -0.000834256235976, 0.00112342298962, 0.000128944520839, -0.00109724409413, -0.00414613541216, 0.0138512244448, -0.00299154012464, -0.000498897221405, 0.000871642143466], [6.69795990689e-05, -0.000938259123359, 0.000721959921066, -0.000366444961401, 0.000308853923343, 0.000168188387761, -0.00215648161247, 1.58489583555e-05, 0.00102393678389, -0.00299154012464, 0.0112889353186, -0.00206057424657, 0.00012716659694], [-0.000303244480165, 0.00158685236238, -0.00139049172867, 0.000916612916626, -0.00141882884782, -0.000683241174556, -0.0001809085079, 0.00268114148639, -0.00261913589202, -0.000498897221405, -0.00206057424657, 0.0135736390948, -0.00487819174305], [0.000193217463675, -0.00127457315102, 7.93027575128e-05, -0.00176286988426, 0.000328786612954, -0.000246626179432, 0.000386448431527, -0.000899683276657, -0.000374766794266, 0.000871642143466, 0.00012716659694, -0.00487819174305, 0.0140654221177]]
    },
    "melbands": {
        "dmean": [0.000193076426513, 0.00044855629676, 0.000473512278404, 0.000470563885756, 0.000230774661759, 0.000252611993346, 0.000196501321625, 0.00017193655367, 9.92043715087e-05, 8.21979701868e-05, 6.20116843493e-05, 5.04770396219e-05, 5.01409667777e-05, 2.87510883936e-05, 3.07280570269e-05, 2.406418389e-05, 1.6286603568e-05, 7.62885611039e-06, 7.87298267824e-06, 3.98932479584e-06, 2.67719156e-06, 3.29957242684e-06, 2.82713881461e-06, 1.77207516572e-06, 1.22221263155e-06, 1.87140153685e-06, 4.3807513066e-06, 3.29446447722e-06, 1.13388307454e-06, 6.60730222535e-07, 5.75291039695e-07, 6.24134202099e-07, 6.38589312985e-07, 6.29282965292e-07, 7.64975027323e-07, 6.36287438738e-07, 6.56432632695e-07, 5.80980099585e-07, 5.75699175442e-07, 4.26273231824e-07],
        "dmean2": [0.000298598839436, 0.000683842692524, 0.000782213755883, 0.000752355845179, 0.000351483089617, 0.00037669565063, 0.000290974072414, 0.000241509784246, 0.000144390694913, 0.000119371885376, 8.63611712703e-05, 6.70436638757e-05, 6.71008383506e-05, 4.02239529649e-05, 4.2379979277e-05, 3.36820849043e-05, 2.33470364037e-05, 1.13033102025e-05, 1.18235539048e-05, 6.29455462331e-06, 4.06037133871e-06, 5.19271407029e-06, 4.26393307862e-06, 2.68626649813e-06, 1.90270975509e-06, 2.67005725618e-06, 6.07686752119e-06, 4.62161415271e-06, 1.67930591033e-06, 1.00257727809e-06, 8.69356085786e-07, 9.27850635435e-07, 9.42124472658e-07, 9.36179276323e-07, 1.11377880785e-06, 9.15065982099e-07, 9.74021418187e-07, 8.52375649174e-07, 8.63833804488e-07, 6.24834399332e-07],
        "dvar": [2.51249588246e-07, 1.36227890835e-06, 7.97923689788e-07, 7.15061048595e-07, 1.32687617338e-07, 3.11123756092e-07, 2.14069117987e-07, 2.23413223921e-07, 9.1162149829e-08, 7.31494367301e-08, 4.75091894714e-08, 4.00972233194e-08, 4.10721803235e-08, 1.06559401303e-08, 1.7493126947e-08, 9.31297439166e-09, 4.43903802605e-09, 8.1493095605e-10, 9.49253897709e-10, 1.84846790652e-10, 7.514451561e-11, 6.30759125486e-11, 6.58206406046e-11, 3.37082202428e-11, 1.26309058698e-11, 3.1364563724e-11, 1.9452678357e-10, 1.07648834291e-10, 1.3381250101e-11, 1.33824652748e-11, 1.40007857738e-11, 1.46852200539e-11, 1.49179973929e-11, 1.07060645071e-11, 1.32358620591e-11, 9.80411151569e-12, 1.65018016612e-11, 1.55168499577e-11, 1.84383376622e-11, 8.45336300959e-12],
        "dvar2": [5.54323776214e-07, 2.9819136671e-06, 2.03866738957e-06, 1.78512618731e-06, 3.11129326747e-07, 6.66041160002e-07, 4.12030857433e-07, 4.07803895541e-07, 1.88973814375e-07, 1.50013519828e-07, 9.16582720834e-08, 6.39664534674e-08, 6.92145718517e-08, 1.899009483e-08, 3.23912416889e-08, 1.74480749848e-08, 7.78418840497e-09, 1.66562452719e-09, 2.10820827462e-09, 4.17639978156e-10, 1.49412857087e-10, 1.45087705739e-10, 1.43303147127e-10, 7.25512150357e-11, 2.39157443849e-11, 5.81189124604e-11, 3.39813011063e-10, 2.04274208659e-10, 2.71749810155e-11, 2.92261631563e-11, 3.47102208087e-11, 3.21413694271e-11, 3.01412748926e-11, 2.22396684402e-11, 2.67623232603e-11, 1.88211096014e-11, 3.65275656944e-11, 2.99422396599e-11, 4.01934770189e-11, 1.82346481664e-11],
        "max": [0.0151823135093, 0.0268943477422, 0.025708226487, 0.0182762946934, 0.00880970060825, 0.0182619541883, 0.0148883229122, 0.0143912164494, 0.00863133743405, 0.0109249725938, 0.00676019443199, 0.00787452422082, 0.00682005565614, 0.00362898246385, 0.00467921420932, 0.00287134712562, 0.00340902246535, 0.00115734129213, 0.00114491709974, 0.000478549714899, 0.000302676431602, 0.000331742718117, 0.000338673911756, 0.000289728312055, 0.000234003004152, 0.000168453974766, 0.000499195943121, 0.000302692467812, 0.000132685076096, 0.000262728572125, 0.000240208100877, 0.000219209294301, 0.00022765120957, 0.000141581651405, 0.000177866066224, 0.000135521506309, 0.000224045565119, 0.000194412306882, 0.00017292665143, 0.000124746220536],
        "mean": [0.00046266845311, 0.000971944245975, 0.00091911770869, 0.000952543632593, 0.000543994479813, 0.000533601734787, 0.000397750874981, 0.000362535880413, 0.000181451352546, 0.000155893634656, 0.000122943645692, 0.00010881399794, 0.000110285269329, 5.56098457309e-05, 6.42312224954e-05, 4.37975868408e-05, 3.47790846718e-05, 1.35601148941e-05, 1.35089694595e-05, 6.77262914905e-06, 5.14251996719e-06, 6.53075449009e-06, 5.67455890632e-06, 3.52627148459e-06, 2.37153949456e-06, 4.01924626203e-06, 9.54803545028e-06, 7.16627118891e-06, 2.14246938413e-06, 1.02045112271e-06, 8.38526716507e-07, 8.88399199539e-07, 9.20798584048e-07, 9.81941070677e-07, 1.27867701849e-06, 1.06016022983e-06, 1.02801095636e-06, 8.95215748642e-07, 8.33231808883e-07, 6.0191018747e-07],
        "median": [0.000102580241219, 0.000247646152275, 0.000519930792507, 0.000518361921422, 0.000322836334817, 0.000260545464698, 0.000143955199746, 9.65729923337e-05, 4.72145111416e-05, 2.41892594204e-05, 1.95960601559e-05, 1.44111345435e-05, 1.30221887957e-05, 8.32559999253e-06, 6.40100370219e-06, 3.51116113961e-06, 3.87991622119e-06, 2.49266213359e-06, 2.87695070256e-06, 1.97187705453e-06, 1.5394437014e-06, 1.95817983695e-06, 1.44676732816e-06, 9.17766726616e-07, 7.38068024475e-07, 6.46955868433e-07, 1.03577144728e-06, 6.26937548986e-07, 4.25105412205e-07, 2.09198475432e-07, 1.27985231302e-07, 1.02325344642e-07, 8.2864751505e-08, 8.46812895361e-08, 1.1274418199e-07, 9.6853291609e-08, 8.70157776944e-08, 7.94923664671e-08, 5.20457774655e-08, 2.78333267545e-08],
        "min": [8.20894081392e-25, 1.92185626667e-24, 1.43859534297e-24, 2.49483611606e-24, 1.11990953954e-24, 1.29514611495e-24, 2.70815081015e-24, 1.86413768082e-24, 2.51172602248e-24, 1.69536503167e-24, 2.72128652752e-24, 3.12193852887e-24, 2.42385027029e-24, 1.83278045984e-24, 1.38916413536e-24, 2.28868151798e-24, 1.72215612852e-24, 3.21846276037e-24, 3.25129219302e-24, 1.90313975284e-24, 3.89402529302e-24, 3.52946308643e-24, 3.27418395041e-24, 3.79069003646e-24, 4.04729031728e-24, 4.87689943813e-24, 4.29700226468e-24, 4.36695963304e-24, 3.91483702142e-24, 5.36570565957e-24, 4.20941346065e-24, 3.56045072608e-24, 4.87963875762e-24, 4.83396410564e-24, 6.12506947782e-24, 5.9042471945e-24, 5.56255840429e-24, 6.01041880044e-24, 5.68272558598e-24, 6.11617309896e-24],
        "var": [9.32903787998e-07, 3.96309496864e-06, 1.51675385496e-06, 1.58888917667e-06, 4.42096450115e-07, 8.4313228399e-07, 6.40460825707e-07, 8.23890047741e-07, 2.25013764066e-07, 1.97243011257e-07, 1.40244623026e-07, 1.62915355872e-07, 1.69518230564e-07, 3.35019727515e-08, 5.51292238526e-08, 2.33353976142e-08, 2.5205164178e-08, 2.45894993256e-09, 2.57848076224e-09, 4.04198979842e-10, 2.61403398927e-10, 2.23710883152e-10, 1.73251649138e-10, 8.56334933519e-11, 3.44742498437e-11, 1.1716935755e-10, 7.61237184399e-10, 4.14273615412e-10, 4.13719787595e-11, 1.84631580857e-11, 2.02698292179e-11, 2.8874137456e-11, 3.18865177318e-11, 2.34344627037e-11, 2.9865384471e-11, 2.33757700696e-11, 2.80403495562e-11, 2.95651073068e-11, 3.27776243647e-11, 1.45680325442e-11]
    },
    "mfcc": {
        "mean": [-712.394958496, 149.218505859, 14.5308103561, 18.6584033966, -0.492624461651, -6.80802106857, -1.31664264202, -4.55588293076, -10.565320015, 0.132543221116, -10.7761583328, 0.194807723165, -1.45645415783],
        "cov": [[10703.5478516, -19.6459350586, -227.155715942, -10.1251726151, -215.750976562, -56.6602859497, 180.63710022, -47.6806297302, -341.707427979, 308.187774658, -225.207946777, 50.9473152161, 144.396621704], [-19.6459350586, 1488.66174316, -191.991744995, 126.905181885, 16.9245262146, -19.0873775482, 42.673412323, 35.4169845581, -12.6619462967, -56.2658157349, 10.6256742477, -4.14720010757, -35.491443634], [-227.155715942, -191.991744995, 697.284484863, 93.1228179932, 142.649246216, 83.9215240479, -74.3832092285, -14.7440357208, 94.2875289917, -62.42628479, 0.0515811108053, 24.3125705719, 37.7407035828], [-10.1251726151, 126.905181885, 93.1228179932, 314.365783691, 131.055023193, 36.7468833923, -43.5327911377, 1.68399751186, 53.1770553589, -1.17754971981, -9.7024269104, 18.5536117554, 39.051738739], [-215.750976562, 16.9245262146, 142.649246216, 131.055023193, 233.792251587, 55.5641899109, -50.2887611389, 5.95426034927, 60.3734474182, -4.26231956482, -1.60064792633, 0.922924935818, 24.3630027771], [-56.6602859497, -19.0873775482, 83.9215240479, 36.7468833923, 55.5641899109, 186.044265747, 15.154920578, 42.9575424194, 42.2708892822, -36.6990356445, 52.4675788879, -19.5405960083, 3.14756131172], [180.63710022, 42.673412323, -74.3832092285, -43.5327911377, -50.2887611389, 15.154920578, 175.923294067, 42.2966003418, -23.246969223, 34.7233543396, 0.54187977314, 13.0702028275, 3.14332342148], [-47.6806297302, 35.4169845581, -14.7440357208, 1.68399751186, 5.95426034927, 42.9575424194, 42.2966003418, 116.340484619, 26.6276321411, 2.33687829971, 24.3863811493, -11.0342636108, 7.11827278137], [-341.707427979, -12.6619462967, 94.2875289917, 53.1770553589, 60.3734474182, 42.2708892822, -23.246969223, 26.6276321411, 153.419281006, -12.6733264923, 24.044883728, -4.21909427643, -11.8444519043], [308.187774658, -56.2658157349, -62.42628479, -1.17754971981, -4.26231956482, -36.6990356445, 34.7233543396, 2.33687829971, -12.6733264923, 143.058761597, -7.48619365692, 26.7152442932, 13.7161960602], [-225.207946777, 10.6256742477, 0.0515811108053, -9.7024269104, -1.60064792633, 52.4675788879, 0.54187977314, 24.3863811493, 24.044883728, -7.48619365692, 126.33139801, -2.30862498283, -9.0560798645], [50.9473152161, -4.14720010757, 24.3125705719, 18.5536117554, 0.922924935818, -19.5405960083, 13.0702028275, -11.0342636108, -4.21909427643, 26.7152442932, -2.30862498283, 104.743721008, 23.8346290588], [144.396621704, -35.491443634, 37.7407035828, 39.051738739, 24.3630027771, 3.14756131172, 3.14332342148, 7.11827278137, -11.8444519043, 13.7161960602, -9.0560798645, 23.8346290588, 103.285087585]],
