{
"lowlevel": {
    "average_loudness": 0.545397162437,
    "barkbands_crest": {
        "dmean": 3.07280683517,
        "dmean2": 5.05994367599,
        "dvar": 7.72543430328,
        "dvar2": 20.0524406433,
        "max": 26.7287349701,
        "mean": 13.1277189255,
        "median": 12.2313547134,
        "min": 3.37484288216,
        "var": 25.2150859833
    },
    "barkbands_flatness_db": {
        "dmean": 0.0325607694685,
        "dmean2": 0.0492104142904,
        "dvar": 0.00102596974466,
        "dvar2": 0.00217060721479,
        "max": 0.650070846081,
        "mean": 0.297163814306,
        "median": 0.2936668396,
        "min": 0.0403525270522,
        "var": 0.00916993431747
    },
    "barkbands_kurtosis": {
        "dmean": 7.76029872894,
        "dmean2": 12.6608057022,
        "dvar": 361.698822021,
        "dvar2": 995.069458008,
        "max": 518.231201172,
        "mean": 13.1006259918,
        "median": 4.59997653961,
        "min": -1.94990384579,
        "var": 883.099304199
    },
    "barkbands_skewness": {
        "dmean": 0.830104231834,
        "dmean2": 1.30845332146,
        "dvar": 0.888983845711,
        "dvar2": 2.09765195847,
        "max": 14.4113092422,
        "mean": 1.88304686546,
        "median": 1.60455954075,
        "min": -3.04578900337,
        "var": 3.84442830086
    },
    "barkbands_spread": {
        "dmean": 3.52859163284,
        "dmean2": 5.55832958221,
        "dvar": 40.9558601379,
        "dvar2": 91.8134841919,
        "max": 120.844848633,
        "mean": 9.68651580811,
        "median": 5.79374885559,
        "min": 0.0887485146523,
        "var": 124.332702637
    },
    "dissonance": {
        "dmean": 0.0422423705459,
        "dmean2": 0.0717469528317,
        "dvar": 0.00176543742418,
        "dvar2": 0.00491532729939,
        "max": 0.499969691038,
        "mean": 0.411957830191,
        "median": 0.424820333719,
        "min": 0.132497161627,
        "var": 0.00418030098081
    },
    "dynamic_complexity": 5.1097741127,
    "erbbands_crest": {
        "dmean": 3.58125567436,
        "dmean2": 5.87609958649,
        "dvar": 10.9085626602,
        "dvar2": 27.8265590668,
        "max": 34.1844100952,
        "mean": 13.1461315155,
        "median": 12.2522525787,
        "min": 2.57470011711,
        "var": 32.3217010498
    },
    "erbbands_flatness_db": {
        "dmean": 0.0273085404187,
        "dmean2": 0.040975254029,
        "dvar": 0.000734374392778,
        "dvar2": 0.0015748689184,
        "max": 0.477546393871,
        "mean": 0.281351387501,
        "median": 0.289721339941,
        "min": 0.0537926182151,
        "var": 0.00516411941499
    },
    "erbbands_kurtosis": {
        "dmean": 3.22244000435,
        "dmean2": 5.10412979126,
        "dvar": 35.2392692566,
        "dvar2": 78.2377624512,
        "max": 184.550064087,
        "mean": 4.53308200836,
        "median": 1.27313661575,
        "min": -1.90748608112,
        "var": 136.871566772
    },
    "erbbands_skewness": {
        "dmean": 0.630781710148,
        "dmean2": 0.97716075182,
        "dvar": 0.462737172842,
        "dvar2": 1.03344416618,
        "max": 10.4794788361,
        "mean": 0.911695361137,
        "median": 0.826551914215,
        "min": -8.15392017365,
        "var": 2.37025666237
    },
    "erbbands_spread": {
        "dmean": 7.09890270233,
        "dmean2": 11.2522497177,
        "dvar": 101.886726379,
        "dvar2": 240.947814941,
        "max": 124.770378113,
        "mean": 22.1099720001,
        "median": 17.798286438,
        "min": 0.911179244518,
        "var": 302.298339844
    },
    "hfc": {
        "dmean": 4.07897377014,
        "dmean2": 5.76208972931,
        "dvar": 71.3625030518,
        "dvar2": 130.831954956,
        "max": 235.744537354,
        "mean": 9.97219657898,
        "median": 3.57374334335,
        "min": 1.08739131771e-16,
        "var": 295.60736084
    },
    "melbands_crest": {
        "dmean": 3.65946269035,
        "dmean2": 6.0010137558,
        "dvar": 10.8563966751,
        "dvar2": 27.2864570618,
        "max": 39.7774581909,
        "mean": 16.5570869446,
        "median": 15.8084392548,
        "min": 1.57134413719,
        "var": 43.8517456055
    },
    "melbands_flatness_db": {
        "dmean": 0.0386244989932,
        "dmean2": 0.0557630732656,
        "dvar": 0.00154816301074,
        "dvar2": 0.00300645665266,
        "max": 0.79218006134,
        "mean": 0.355153471231,
        "median": 0.353205144405,
        "min": 0.00202751811594,
        "var": 0.0187908615917
    },
    "melbands_kurtosis": {
        "dmean": 9.79968833923,
        "dmean2": 15.8708486557,
        "dvar": 334.452087402,
        "dvar2": 782.393981934,
        "max": 497.158081055,
        "mean": 17.6880168915,
        "median": 8.18601226807,
        "min": -1.89980101585,
        "var": 838.140075684
    },
    "melbands_skewness": {
        "dmean": 0.893390536308,
        "dmean2": 1.42284762859,
        "dvar": 0.966975688934,
        "dvar2": 2.18201947212,
        "max": 16.0622940063,
        "mean": 2.43458557129,
        "median": 2.06283664703,
        "min": -2.07204079628,
        "var": 3.89125132561
    },
    "melbands_spread": {
        "dmean": 5.3489484787,
        "dmean2": 8.36191082001,
        "dvar": 138.393112183,
        "dvar2": 286.116149902,
        "max": 216.828414917,
        "mean": 15.7390060425,
        "median": 7.10547780991,
        "min": 0.220836803317,
        "var": 727.881103516
    },
    "pitch_salience": {
        "dmean": 0.0856138542295,
        "dmean2": 0.141201138496,
        "dvar": 0.0061952569522,
        "dvar2": 0.0155871547759,
        "max": 0.85157418251,
        "mean": 0.501020610332,
        "median": 0.516348958015,
        "min": 0.0134005462751,
        "var": 0.0230624880642
    },
    "silence_rate_20dB": {
        "dmean": 0,
        "dmean2": 0,
        "dvar": 0,
        "dvar2": 0,
        "max": 1,
        "mean": 1,
        "median": 1,
        "min": 1,
        "var": 0
    },
    "silence_rate_30dB": {
        "dmean": 0.0063291140832,
        "dmean2": 0.0126604540274,
        "dvar": 0.00628950959072,
        "dvar2": 0.0153135312721,
        "max": 1,
        "mean": 0.993496239185,
        "median": 1,
        "min": 0,
        "var": 0.00646129110828
    },
    "silence_rate_60dB": {
        "dmean": 0.0731364265084,
        "dmean2": 0.146298572421,
        "dvar": 0.0677859559655,
        "dvar2": 0.146706357598,
        "max": 1,
        "mean": 0.210757598281,
        "median": 0,
        "min": 0,
        "var": 0.166349515319
    },
    "spectral_centroid": {
        "dmean": 191.257598877,
        "dmean2": 288.655059814,
        "dvar": 114661.515625,
        "dvar2": 218425.984375,
        "max": 11699.421875,
        "mean": 1060.48144531,
        "median": 554.859619141,
        "min": 103.123382568,
        "var": 3331096
    },
    "spectral_complexity": {
        "dmean": 1.72960615158,
        "dmean2": 2.71988749504,
        "dvar": 4.48355340958,
        "dvar2": 9.3204574585,
        "max": 42,
        "mean": 7.61381626129,
        "median": 6,
        "min": 0,
        "var": 33.4479103088
    },
    "spectral_decrease": {
        "dmean": 1.76089320902e-09,
        "dmean2": 2.58783394713e-09,
        "dvar": 8.72170138889e-18,
        "dvar2": 1.71826390528e-17,
        "max": 2.30007048429e-28,
        "mean": -4.21860946176e-09,
        "median": -2.40254682815e-09,
        "min": -6.31462810929e-08,
        "var": 2.75400934117e-17
    },
    "spectral_energy": {
        "dmean": 0.00697299698368,
        "dmean2": 0.0102209225297,
        "dvar": 0.000135080015752,
        "dvar2": 0.000265912734903,
        "max": 0.259711265564,
        "mean": 0.0168265067041,
        "median": 0.00946099311113,
        "min": 1.00741494775e-20,
        "var": 0.000436679605627
    },
    "spectral_energyband_high": {
        "dmean": 6.05463465035e-05,
        "dmean2": 8.95922566997e-05,
        "dvar": 8.07011133475e-08,
        "dvar2": 1.5654025276e-07,
        "max": 0.0139049496502,
        "mean": 8.07532996987e-05,
        "median": 2.12005079447e-06,
        "min": 7.08067816036e-21,
        "var": 1.68054114624e-07
    },
    "spectral_energyband_low": {
        "dmean": 0.00272235251032,
        "dmean2": 0.00395401101559,
        "dvar": 6.63479950163e-05,
        "dvar2": 0.000118060474051,
        "max": 0.177170783281,
        "mean": 0.00472440756857,
        "median": 0.000798722670879,
        "min": 1.32369219065e-23,
        "var": 0.00015124566562
    },
    "spectral_energyband_middle_high": {
        "dmean": 0.00148244819138,
        "dmean2": 0.00210101273842,
        "dvar": 1.35458612931e-05,
        "dvar2": 2.61268269242e-05,
        "max": 0.0719585418701,
        "mean": 0.00317727425136,
        "median": 0.000370226538507,
        "min": 1.02463888375e-21,
        "var": 5.08436642122e-05
    },
    "spectral_energyband_middle_low": {
        "dmean": 0.00449956068769,
        "dmean2": 0.00711868703365,
        "dvar": 6.80171142449e-05,
        "dvar2": 0.00016652760678,
        "max": 0.23880007863,
        "mean": 0.00962838251144,
        "median": 0.00520159583539,
        "min": 1.40228873767e-22,
        "var": 0.000178976348252
    },
    "spectral_entropy": {
        "dmean": 0.295490384102,
        "dmean2": 0.436743587255,
        "dvar": 0.0954871550202,
        "dvar2": 0.191259369254,
        "max": 9.82306098938,
        "mean": 6.34918308258,
        "median": 6.30320644379,
        "min": 3.21772670746,
        "var": 1.05364692211
    },
    "spectral_flux": {
        "dmean": 0.0221372172236,
        "dmean2": 0.0360771305859,
        "dvar": 0.000773379055317,
        "dvar2": 0.0019739579875,
        "max": 0.358518481255,
        "mean": 0.0580365471542,
        "median": 0.0473187156022,
        "min": 6.31328739287e-11,
        "var": 0.00188368884847
    },
    "spectral_kurtosis": {
        "dmean": 11.296546936,
        "dmean2": 18.0143165588,
        "dvar": 185.203369141,
        "dvar2": 461.198120117,
        "max": 192.299499512,
        "mean": 27.1297874451,
        "median": 16.0369739532,
        "min": -1.25587534904,
        "var": 801.267456055
    },
    "spectral_rms": {
        "dmean": 0.000761154165957,
        "dmean2": 0.00110658898484,
        "dvar": 8.26231314477e-07,
        "dvar2": 1.53656105795e-06,
        "max": 0.015917815268,
        "mean": 0.00342562026344,
        "median": 0.00303813046776,
        "min": 3.13503411599e-12,
        "var": 4.68125199404e-06
    },
    "spectral_rolloff": {
        "dmean": 304.361083984,
        "dmean2": 522.646240234,
        "dvar": 694855,
        "dvar2": 1438792.75,
        "max": 19509.0820312,
        "mean": 1434.74572754,
        "median": 516.796875,
        "min": 21.533203125,
        "var": 10241786
    },
    "spectral_skewness": {
        "dmean": 0.802151143551,
        "dmean2": 1.2432744503,
        "dvar": 0.640425264835,
        "dvar2": 1.47974276543,
        "max": 11.6870622635,
        "mean": 3.41491627693,
        "median": 2.82296800613,
        "min": -0.0970507860184,
        "var": 4.620865345
    },
    "spectral_spread": {
        "dmean": 564228.875,
        "dmean2": 882871.8125,
        "dvar": 764321660928,
        "dvar2": 1.64618764288e+12,
        "max": 42727740,
        "mean": 3562564.25,
        "median": 2136674.5,
        "min": 534678.0625,
        "var": 4.15873084948e+13
    },
    "spectral_strongpeak": {
        "dmean": 0.556075751781,
        "dmean2": 0.899191439152,
        "dvar": 1.3173238039,
        "dvar2": 2.77917909622,
        "max": 24.2452259064,
        "mean": 1.08286893368,
        "median": 0.527945518494,
        "min": 0,
        "var": 3.15484547615
    },
    "zerocrossingrate": {
        "dmean": 0.00749599281698,
        "dmean2": 0.00895957928151,
        "dvar": 0.000218409317313,
        "dvar2": 0.000273827085039,
        "max": 0.53173828125,
        "mean": 0.0471636429429,
        "median": 0.02587890625,
        "min": 0,
        "var": 0.00712139019743
    },
    "barkbands": {
        "dmean": [2.6366078032e-07, 0.000696843781043, 0.00182922952808, 0.000862660352141, 0.00115826586261, 0.00109024648555, 0.000721844495274, 0.000639577978291, 0.00163113966119, 0.000179850074346, 0.000383326783776, 0.000276598118944, 0.000553367193788, 0.000190791281057, 0.000166867976077, 4.08854612033e-05, 0.00011695271678, 0.000109996894025, 0.000189605518244, 4.49250037491e-05, 9.63985894487e-06, 5.48211164642e-06, 7.02448687662e-06, 1.9954295567e-05, 2.1940240913e-06, 8.55383888165e-08, 7.58401397238e-10],
        "dmean2": [4.55678133449e-07, 0.00105486647226, 0.00263187265955, 0.00135888473596, 0.00191690924112, 0.00174849282485, 0.00115455954801, 0.00102745811455, 0.00269393390045, 0.000285622139927, 0.000563738984056, 0.000432998116594, 0.000860216387082, 0.000300370738842, 0.000257213250734, 6.57944838167e-05, 0.000183709562407, 0.000181002993486, 0.000268903386313, 6.57050841255e-05, 1.51667136379e-05, 8.39742097014e-06, 1.08710464701e-05, 2.99793864542e-05, 3.30647776536e-06, 1.34393204121e-07, 1.39201083993e-09],
        "dvar": [3.71431509681e-13, 5.13087707077e-06, 3.99270829803e-05, 4.73163527204e-06, 5.79575316806e-06, 7.51454126657e-06, 6.95077596902e-06, 7.1724175541e-06, 4.02930745622e-05, 1.50458129156e-06, 2.34245499087e-06, 1.82023723028e-06, 3.8350781324e-06, 9.63441948443e-07, 5.40874168564e-07, 4.18594012785e-08, 3.38211918915e-07, 2.2969300062e-07, 1.33341302444e-06, 5.33787947177e-08, 1.91667592908e-09, 4.75555150814e-10, 1.1769508701e-09, 1.6572604622e-08, 1.67838826171e-10, 2.69973957469e-13, 2.28720754006e-18],
        "dvar2": [9.99661616506e-13, 1.04033488242e-05, 7.04854028299e-05, 1.06038050944e-05, 1.52993779921e-05, 1.90189366549e-05, 1.62273336173e-05, 1.76619105332e-05, 0.000100579381979, 3.9302553887e-06, 5.23126436747e-06, 4.16079865317e-06, 8.71477459441e-06, 2.17871365749e-06, 1.16234332381e-06, 1.00359770272e-07, 8.49830371408e-07, 5.97072755681e-07, 2.12628515328e-06, 9.17889764196e-08, 4.91772755851e-09, 1.07915387737e-09, 2.73721378896e-09, 3.53231932593e-08, 3.72379349578e-10, 6.06510772595e-13, 6.92851320081e-18],
        "max": [1.03466209112e-05, 0.0383496806026, 0.143789917231, 0.0688576996326, 0.0567994229496, 0.0676825791597, 0.0695276558399, 0.0846876353025, 0.192912936211, 0.0495898649096, 0.0527036860585, 0.0461934693158, 0.0414861030877, 0.0287496261299, 0.0212431419641, 0.00557009736076, 0.0168734043837, 0.01610352844, 0.0372478663921, 0.0165362861007, 0.00133140699472, 0.000654890201986, 0.00146577693522, 0.00486478768289, 0.000614919117652, 1.86775141628e-05, 3.64808343534e-08],
        "mean": [2.88351770905e-07, 0.00126281741541, 0.00270542269573, 0.00152865645941, 0.0020688935183, 0.00165003689472, 0.00113712798338, 0.000843447749503, 0.002325135516, 0.000246393290581, 0.000579768442549, 0.000391823763493, 0.000795083353296, 0.000255946913967, 0.000237789325183, 4.94744163007e-05, 0.000178506365046, 0.000143203506013, 0.000310279923724, 6.59133802401e-05, 1.14806134661e-05, 6.84205906509e-06, 7.89996738604e-06, 2.17089564103e-05, 2.47877596848e-06, 1.02899882393e-07, 6.5881777811e-10],
        "median": [8.36637426005e-08, 6.53696915833e-05, 0.000236101303017, 0.000227415774134, 0.000675414979924, 0.000406851613661, 0.000108833759441, 5.70225747651e-05, 9.30856258492e-05, 1.63146778505e-05, 1.57678241521e-05, 1.71648534888e-05, 2.50235189014e-05, 1.18756497614e-05, 7.66289758758e-06, 1.88479953067e-06, 3.23730705531e-06, 7.2372977229e-06, 3.15625607072e-06, 1.34808703933e-06, 3.46889606817e-07, 1.58504747105e-07, 1.29867217424e-07, 1.91912107539e-07, 5.4627868451e-08, 9.74182423619e-09, 1.70817665568e-10],
        "min": [2.46107592616e-25, 1.86896807336e-24, 6.7662907259e-25, 9.01881993188e-25, 5.47775467369e-24, 1.0084130436e-23, 3.42698768826e-24, 6.37686796231e-24, 1.7340181905e-23, 1.42715634708e-23, 1.63531938503e-23, 1.70084027855e-23, 2.48787702182e-23, 3.06621777271e-23, 4.02040152001e-23, 5.17704673419e-23, 3.95163809262e-23, 8.98607928553e-23, 1.14023545584e-22, 1.4100306817e-22, 2.52953133886e-22, 2.85027536716e-22, 3.41368866091e-22, 5.48642586431e-22, 7.36870099562e-22, 1.2938780952e-21, 1.9348903614e-21],
        "var": [4.08823311576e-13, 1.16766668725e-05, 8.76360863913e-05, 1.44708501466e-05, 1.94525218831e-05, 1.44129953696e-05, 1.36550934258e-05, 1.30240796352e-05, 7.1190908784e-05, 1.92251968656e-06, 5.33715638085e-06, 3.7182549022e-06, 8.12601774669e-06, 1.65838957855e-06, 9.69032612375e-07, 5.34388924223e-08, 6.38502228867e-07, 3.27942217382e-07, 3.47146078639e-06, 2.06168792261e-07, 2.07664063723e-09, 7.44290407084e-10, 1.51092938161e-09, 2.13305089147e-08, 2.0355565844e-10, 3.12759719382e-13, 2.08565547124e-18]
    },
    "erbbands": {
        "dmean": [0.00494922883809, 0.231799662113, 1.89267027378, 2.27466702461, 3.45351338387, 4.11101675034, 6.56311941147, 8.98158931732, 7.9440331459, 12.5633144379, 23.4345436096, 34.3999214172, 9.52376461029, 9.56665420532, 11.9748001099, 13.832072258, 21.4069290161, 10.4408721924, 7.28796100616, 7.13803195953, 2.62260174751, 6.4565615654, 6.94976758957, 13.1464624405, 3.06350755692, 2.19389224052, 0.754814326763, 0.189378350973, 0.199384853244, 0.164745599031, 0.219808265567, 0.414016962051, 0.300947993994, 0.0514446049929, 0.00702874129638, 0.000976012030151, 6.73883914715e-05, 4.97098744745e-06, 3.77070409741e-06, 8.01381156634e-06],
        "dmean2": [0.00738719804212, 0.345688909292, 2.71025395393, 3.52086305618, 5.54824542999, 6.74775266647, 10.500207901, 14.5992259979, 13.0505218506, 20.3013019562, 37.1001014709, 56.9160842896, 15.3441610336, 14.2624406815, 18.2087287903, 20.7963962555, 32.8732948303, 16.4240779877, 11.2955675125, 11.075425148, 4.06210851669, 10.0475187302, 11.1551561356, 18.6230564117, 4.36756944656, 3.25242114067, 1.16301703453, 0.286474138498, 0.30331709981, 0.252084374428, 0.33572474122, 0.622700631618, 0.460458487272, 0.0777615606785, 0.0107568437234, 0.00150411506183, 0.000101357400126, 7.20669868315e-06, 5.41611780136e-06, 1.16840265036e-05],
        "dvar": [0.000224132221774, 0.565264344215, 43.5578689575, 29.7350749969, 52.5251502991, 103.893569946, 283.451446533, 610.868652344, 1113.88598633, 1681.94494629, 6988.16113281, 15489.8085938, 10727.9423828, 1677.06140137, 2420.75244141, 2741.86523438, 5811.01708984, 2252.94897461, 1409.79467773, 1043.24621582, 282.005371094, 1055.43029785, 907.799743652, 6540.85498047, 144.987091064, 196.429916382, 11.0303354263, 0.430797159672, 0.612271010876, 0.529045343399, 1.07006847858, 7.94493532181, 3.57523107529, 0.0951407253742, 0.00160318682902, 3.83594269806e-05, 1.04253359723e-07, 3.47793988054e-10, 3.97332722279e-11, 1.73545441906e-10],
        "dvar2": [0.000471080653369, 1.07732486725, 74.0384521484, 68.5938644409, 127.378425598, 269.767822266, 739.357421875, 1592.24938965, 2319.08007812, 4500.72216797, 17042.8632812, 40173.0585938, 27957.9609375, 3586.27807617, 5551.33447266, 5459.34082031, 13207.4599609, 5250.14013672, 2960.5246582, 2309.61938477, 642.986877441, 2701.43432617, 2318.66235352, 10282.2392578, 266.153106689, 321.416687012, 26.3642921448, 0.973094046116, 1.36104261875, 1.23815500736, 2.35840940475, 17.1306648254, 7.92124223709, 0.214724928141, 0.00359707209282, 8.34920283523e-05, 2.2199947125e-07, 7.22768678241e-10, 7.66316732292e-11, 3.39096112301e-10],
        "max": [0.241830646992, 13.2688436508, 155.406494141, 128.048904419, 170.03086853, 293.018676758, 371.375457764, 556.77545166, 1158.04455566, 1044.75878906, 2228.9453125, 3185.79296875, 6213.95751953, 1574.71289062, 1945.74963379, 1730.52270508, 1541.28588867, 1197.07666016, 1530.77514648, 1114.50976562, 575.700317383, 1057.45727539, 975.729187012, 2636.23657227, 324.809265137, 1150.37915039, 114.967147827, 16.7084789276, 22.0056991577, 18.5579910278, 40.2322998047, 105.813514709, 82.5514450073, 13.325668335, 1.41452205181, 0.209414079785, 0.0114113651216, 0.000588036200497, 0.000159028088092, 0.000312777207],
        "mean": [0.00934932101518, 0.414423584938, 2.89509797096, 4.13532161713, 6.06452083588, 7.13505172729, 10.4119033813, 13.0715417862, 12.2298278809, 19.4333229065, 34.342010498, 49.0976982117, 13.9894132614, 15.2302494049, 18.6767787933, 21.984872818, 31.2455444336, 15.616276741, 10.944442749, 10.4922161102, 3.98804163933, 10.0585765839, 10.0835485458, 21.7491493225, 4.79148292542, 3.35594463348, 0.998532056808, 0.248418852687, 0.25026896596, 0.201811775565, 0.247459456325, 0.454114735126, 0.317612349987, 0.0573489926755, 0.00820046104491, 0.00119265378453, 9.1427587904e-05, 7.3558890108e-06, 9.13591520657e-06, 1.94975582417e-05],
        "median": [0.000773337495048, 0.0281959157437, 0.286419779062, 0.879381835461, 1.58282053471, 2.05543756485, 3.52453112602, 2.69662809372, 1.9031829834, 2.46451020241, 2.17910218239, 2.18194890022, 1.25814938545, 0.901580572128, 0.842545390129, 1.24382555485, 1.35965895653, 0.884320914745, 0.543447673321, 0.312401354313, 0.151143923402, 0.231979012489, 0.417981743813, 0.313479542732, 0.120522998273, 0.0702282711864, 0.0277213845402, 0.00902147777379, 0.00640471978113, 0.00371711095795, 0.00393916061148, 0.00385513226502, 0.00305105908774, 0.000930847832933, 0.000292933400488, 0.000102117257484, 1.07097293949e-05, 1.26534746414e-06, 5.19107697983e-06, 1.08972726593e-05],
        "min": [3.93801825132e-23, 5.85379826165e-22, 1.88591525107e-21, 4.66122414405e-21, 8.84248562339e-21, 1.72233947715e-20, 4.74571870492e-20, 8.05103872862e-20, 8.89440752426e-20, 1.85677413046e-19, 2.17060283594e-19, 4.48860305319e-19, 5.8348358812e-19, 4.6080711981e-19, 8.41486701247e-19, 1.06234299422e-18, 1.29099536107e-18, 1.406844384e-18, 2.45770786908e-18, 2.7742061966e-18, 3.76895829841e-18, 3.46395716102e-18, 5.55818098264e-18, 6.582963463e-18, 5.86591450438e-18, 5.57506001663e-18, 8.5988832659e-18, 1.00832605295e-17, 1.00269014056e-17, 1.06931101894e-17, 1.0078504241e-17, 9.1317703873e-18, 9.5900946211e-18, 8.06062608796e-18, 5.56497130828e-18, 4.14980466014e-18, 2.31093438875e-18, 9.19566140422e-19, 2.54937271584e-19, 2.63895640849e-20],
        "var": [0.000525732582901, 1.30031037331, 98.2106704712, 75.5752334595, 147.431396484, 341.680145264, 562.848449707, 1129.57458496, 2432.22387695, 2608.24609375, 12945.4375, 27464.9160156, 16180.5029297, 3411.39135742, 5157.46923828, 6917.16699219, 11037.4980469, 4494.57568359, 3130.71655273, 1726.14587402, 436.199127197, 2023.04711914, 1382.82165527, 17167.7851562, 343.014831543, 738.870727539, 18.3017272949, 0.67067193985, 0.989903867245, 0.736179709435, 1.4936350584, 10.2531518936, 4.32516384125, 0.112049937248, 0.00194123177789, 4.58666290797e-05, 1.43426547083e-07, 5.49296885755e-10, 1.30633864837e-10, 5.82915937741e-10]
    },
    "gfcc": {
        "mean": [-193.870544434, 156.480758667, -113.327133179, 8.33814048767, -55.3407897949, -3.76291561127, -42.5980682373, -2.15696907043, -22.9966964722, -17.6522350311, 4.8378276825, -20.9780197144, -6.01660966873],
        "cov": [[38251.2578125, 3219.546875, -7261.45703125, 290.625946045, -2829.36083984, -742.872558594, -1072.80493164, 93.6668014526, -519.386779785, -678.707885742, 385.282318115, -765.102478027, -227.546722412], [3219.546875, 3679.92163086, 1051.77087402, -355.878509521, 936.262756348, -97.3380584717, -74.0769119263, -201.058670044, 61.6699142456, -271.74508667, -23.3623809814, -152.028198242, -140.935882568], [-7261.45703125, 1051.77087402, 3675.53344727, 522.570983887, 1063.29858398, 434.802734375, 53.3386802673, -140.931106567, 82.8720779419, 0.367518782616, -144.006591797, 80.137298584, -41.6822929382], [290.625946045, -355.878509521, 522.570983887, 994.893005371, 91.7829208374, 36.1034812927, -108.009979248, 92.4045257568, 11.815032959, 19.7046070099, -41.8605270386, -30.2453327179, -36.0185279846], [-2829.36083984, 936.262756348, 1063.29858398, 91.7829208374, 1153.26916504, 125.119903564, 121.512306213, -46.0447883606, 176.897399902, 11.3227767944, -101.866081238, -7.55224561691, -64.8104400635], [-742.872558594, -97.3380584717, 434.802734375, 36.1034812927, 125.119903564, 479.922790527, 97.6466903687, -25.05900383, -33.4688224792, 72.4071121216, -24.7743797302, 1.54322063923, 11.4183826447], [-1072.80493164, -74.0769119263, 53.3386802673, -108.009979248, 121.512306213, 97.6466903687, 472.698272705, 113.504844666, 30.1680793762, 4.53215646744, 19.4194374084, 40.1472969055, -5.38188362122], [93.6668014526, -201.058670044, -140.931106567, 92.4045257568, -46.0447883606, -25.05900383, 113.504844666, 247.810119629, 57.1861381531, -3.74020004272, -2.42380690575, 8.72824001312, -16.1790962219], [-519.386779785, 61.6699142456, 82.8720779419, 11.815032959, 176.897399902, -33.4688224792, 30.1680793762, 57.1861381531, 202.415924072, 51.382396698, -37.1761398315, -21.1305465698, -3.71067762375], [-678.707885742, -271.74508667, 0.367518782616, 19.7046070099, 11.3227767944, 72.4071121216, 4.53215646744, -3.74020004272, 51.382396698, 168.069580078, 17.7421302795, -8.10966587067, 17.2690448761], [385.282318115, -23.3623809814, -144.006591797, -41.8605270386, -101.866081238, -24.7743797302, 19.4194374084, -2.42380690575, -37.1761398315, 17.7421302795, 135.991027832, 43.7295799255, -13.4732923508], [-765.102478027, -152.028198242, 80.137298584, -30.2453327179, -7.55224561691, 1.54322063923, 40.1472969055, 8.72824001312, -21.1305465698, -8.10966587067, 43.7295799255, 139.436141968, 37.5445747375], [-227.546722412, -140.935882568, -41.6822929382, -36.0185279846, -64.8104400635, 11.4183826447, -5.38188362122, -16.1790962219, -3.71067762375, 17.2690448761, -13.4732923508, 37.5445747375, 130.924514771]],
        "icov": [[0.00025406232453, -0.000581521599088, 0.000635692849755, -0.00063766608946, 0.000604862871114, -0.00054024590645, 0.000208183133509, 2.91664127872e-05, -0.000167773585417, 0.00042973519885, -0.000208641969948, 0.000288782786811, 3.55059855792e-05], [-0.000581521599088, 0.00191748980433, -0.00159609341063, 0.00176829786506, -0.00184644630644, 0.00133651786018, -0.000283873669105, 3.89424276364e-05, 0.000293634540867, 8.18529370008e-05, -0.000326224981109, 0.000355397671228, -0.000143652869156], [0.000635692849755, -0.00159609341063, 0.00210201134905, -0.0019064664375, 0.00128486566246, -0.0017048548907, 0.000483051728224, 0.000352447474143, -0.000466092751594, 0.000975726346951, -8.01339774625e-05, 3.32994432028e-06, 0.000228443648666], [-0.00063766608946, 0.00176829786506, -0.0019064664375, 0.0030522858724, -0.00176955538336, 0.00145919295028, 6.5525273385e-05, -0.000939945166465, 0.000740724499337, -0.000852700148243, 0.000233343962464, 9.29135567276e-05, 4.21469085268e-05], [0.000604862871114, -0.00184644630644, 0.00128486566246, -0.00176955538336, 0.00336181535386, -0.00144894444384, -7.47443264117e-05, 0.000639272097033, -0.00162910658401, 0.000378414784791, 0.000774502404965, -0.000357337732567, 0.000938407494687], [-0.00054024590645, 0.00133651786018, -0.0017048548907, 0.00145919295028, -0.00144894444384, 0.00409802701324, -0.00107774336357, -1.93855739781e-05, 0.00171921600122, -0.00244616018608, 0.0010380219901, -0.000166627898579, -0.00023694401898], [0.000208183133509, -0.000283873669105, 0.000483051728224, 6.5525273385e-05, -7.47443264117e-05, -0.00107774336357, 0.0031608089339, -0.00160931213759, -0.000108391308459, 0.000875150086358, -0.00103271065746, 0.000139392563142, -4.86437711515e-05], [2.91664127872e-05, 3.89424276364e-05, 0.000352447474143, -0.000939945166465, 0.000639272097033, -1.93855739781e-05, -0.00160931213759, 0.00610537501052, -0.00229945662431, 0.000948069500737, 0.000427261955338, -0.000793669372797, 0.00103404221591], [-0.000167773585417, 0.000293634540867, -0.000466092751594, 0.000740724499337, -0.00162910658401, 0.00171921600122, -0.000108391308459, -0.00229945662431, 0.00824520923197, -0.0036237698514, 0.00186976243276, 0.000453652435681, -0.000391117937397], [0.00042973519885, 8.18529370008e-05, 0.000975726346951, -0.000852700148243, 0.000378414784791, -0.00244616018608, 0.000875150086358, 0.000948069500737, -0.0036237698514, 0.0108065605164, -0.00429074186832, 0.00324961426668, -0.00143668870442], [-0.000208641969948, -0.000326224981109, -8.01339774625e-05, 0.000233343962464, 0.000774502404965, 0.0010380219901, -0.00103271065746, 0.000427261955338, 0.00186976243276, -0.00429074186832, 0.0120018944144, -0.00566988298669, 0.00310807721689], [0.000288782786811, 0.000355397671228, 3.32994432028e-06, 9.29135567276e-05, -0.000357337732567, -0.000166627898579, 0.000139392563142, -0.000793669372797, 0.000453652435681, 0.00324961426668, -0.00566988298669, 0.0122263850644, -0.00384895666502], [3.55059855792e-05, -0.000143652869156, 0.000228443648666, 4.21469085268e-05, 0.000938407494687, -0.00023694401898, -4.86437711515e-05, 0.00103404221591, -0.000391117937397, -0.00143668870442, 0.00310807721689, -0.00384895666502, 0.00984237529337]]
    },
    "melbands": {
        "dmean": [0.000112137880933, 0.000749564438593, 0.000424355093855, 0.000270021322649, 0.000209618534427, 0.000201382674277, 0.000131163251353, 0.00013237267558, 0.00024231277348, 0.000196187975234, 4.37146918557e-05, 3.70191846741e-05, 4.97943874507e-05, 3.09516581183e-05, 6.22772713541e-05, 3.2471245504e-05, 1.98176858248e-05, 1.31427204906e-05, 1.19968026411e-05, 4.88118348585e-06, 3.2573682347e-06, 6.1297882894e-06, 7.34532886781e-06, 5.52502660867e-06, 1.29338332044e-05, 2.61997911366e-06, 1.73007106241e-06, 1.42723479257e-06, 6.17091814092e-07, 1.77214104724e-07, 8.82820785364e-08, 1.09421755212e-07, 1.19278396937e-07, 8.34416198359e-08, 1.02409060787e-07, 2.05048294788e-07, 2.82025098386e-07, 2.6193296776e-07, 9.13412137038e-08, 2.92886568332e-08],
        "dmean2": [0.000169490944245, 0.00107879110146, 0.000652068119962, 0.000437580398284, 0.000337162433425, 0.000326134148054, 0.000213296865695, 0.000213983614231, 0.00038885869435, 0.00032595358789, 7.06221253495e-05, 5.52191850147e-05, 7.36424844945e-05, 4.74628250231e-05, 9.4835399068e-05, 5.05251882714e-05, 3.14494427585e-05, 2.06541881198e-05, 1.86071592907e-05, 7.53415906729e-06, 5.11388361701e-06, 9.6698076959e-06, 1.17427762234e-05, 8.98419511941e-06, 1.82392959687e-05, 3.92536321669e-06, 2.63071092377e-06, 2.15889508581e-06, 9.67661549112e-07, 2.76775352859e-07, 1.37139267053e-07, 1.68377624732e-07, 1.8651569178e-07, 1.30285656041e-07, 1.61275750088e-07, 3.11383331564e-07, 4.27635825417e-07, 4.01563426067e-07, 1.42282104321e-07, 4.43942624884e-08],
        "dvar": [1.26590720129e-07, 6.3858701651e-06, 8.77805973687e-07, 3.32472325226e-07, 2.5472408538e-07, 2.87642336616e-07, 2.54566259628e-07, 1.7474252445e-07, 7.07250990217e-07, 5.35354899966e-07, 2.57227725342e-07, 2.7698096261e-08, 4.10636040726e-08, 3.10380130486e-08, 5.38397131322e-08, 1.51812091786e-08, 9.13285447268e-09, 5.32453592328e-09, 2.72825029235e-09, 5.9257942997e-10, 7.32075011722e-10, 9.66459023921e-10, 1.28909338759e-09, 6.43526287814e-10, 7.02476299352e-09, 1.40045169905e-10, 7.29199756133e-11, 1.08100702001e-10, 8.37800315234e-12, 5.64845913098e-13, 1.01174968468e-13, 2.0238154143e-13, 3.11349931297e-13, 1.56502645587e-13, 1.82563328604e-13, 1.55481085905e-12, 4.17329322142e-12, 2.87018911242e-12, 3.42054130246e-13, 2.6567146039e-14],
        "dvar2": [2.65083059503e-07, 1.09492257252e-05, 1.94901826944e-06, 8.55167343161e-07, 6.75142018736e-07, 7.50846254505e-07, 5.44994236407e-07, 4.65036492869e-07, 1.72722047864e-06, 1.36834955811e-06, 6.65360119001e-07, 6.10624510955e-08, 8.96403733464e-08, 7.01698681382e-08, 1.16349056611e-07, 3.57624756475e-08, 2.09622470493e-08, 1.14199130152e-08, 6.23948226419e-09, 1.28393684573e-09, 1.68191638394e-09, 2.46739340071e-09, 3.54630169674e-09, 1.54378976269e-09, 1.09114877134e-08, 3.11235315298e-10, 1.50707182844e-10, 1.81859360904e-10, 2.00173176645e-11, 1.43759635272e-12, 2.33910764022e-13, 4.65815591395e-13, 7.22323080255e-13, 3.73310865727e-13, 4.05312773361e-13, 3.54758952249e-12, 9.01392762515e-12, 6.30963770815e-12, 8.22744487556e-13, 5.90347269767e-14],
        "max": [0.0057802144438, 0.0578608363867, 0.0231094658375, 0.0158957373351, 0.0102398237213, 0.0114028891549, 0.0164283029735, 0.00988689996302, 0.0198799427599, 0.01993348822, 0.0304383803159, 0.00716041680425, 0.00838395766914, 0.00651339488104, 0.00780430994928, 0.0044226446189, 0.00231453264132, 0.00283490354195, 0.00119566137437, 0.000994233996607, 0.000968303938862, 0.000957046635449, 0.00109566550236, 0.00121314404532, 0.00275114551187, 0.000310348492349, 0.000389156193705, 0.000798151653726, 8.82738750079e-05, 3.14420904033e-05, 7.69519101596e-06, 1.39711701195e-05, 2.03179261007e-05, 1.12471961984e-05, 1.27420607896e-05, 5.42757588846e-05, 8.28208358143e-05, 7.81110938988e-05, 2.07146349567e-05, 7.06928040017e-06],
        "mean": [0.000207810589927, 0.00118874246255, 0.000797410379164, 0.000485041498905, 0.000350758578861, 0.000298875762383, 0.000203036906896, 0.000198901529075, 0.000353256502422, 0.000280119187664, 6.12477888353e-05, 5.7195811678e-05, 7.61968331062e-05, 4.46190570074e-05, 9.25260828808e-05, 4.70957784273e-05, 2.78012139461e-05, 1.84186519618e-05, 1.65919591382e-05, 7.02087390891e-06, 4.56253155789e-06, 9.35167372518e-06, 1.03456950455e-05, 7.56736244512e-06, 2.10667694773e-05, 3.86777855965e-06, 2.44487364398e-06, 2.0999791559e-06, 7.28350244117e-07, 2.16843659473e-07, 1.080180283e-07, 1.32950333409e-07, 1.46079415231e-07, 9.75889946631e-08, 1.14429965947e-07, 2.22431509656e-07, 3.03287521319e-07, 2.74804989431e-07, 9.34437807132e-08, 3.26959082031e-08],
        "median": [1.22049359561e-05, 0.000109631400846, 0.000200827489607, 0.000143402459798, 0.000127586681629, 6.58460412524e-05, 2.80665826722e-05, 1.9908296963e-05, 1.42777962537e-05, 1.27980083562e-05, 3.73160105482e-06, 3.20349954563e-06, 2.43817021328e-06, 1.76769606242e-06, 3.1985739497e-06, 1.96082783077e-06, 1.26325812744e-06, 7.34600519081e-07, 4.78753747757e-07, 1.92233798657e-07, 1.23915228301e-07, 1.67245772786e-07, 3.34570131599e-07, 3.1848242088e-07, 1.99364535547e-07, 8.20752887876e-08, 4.542188492e-08, 3.83037850327e-08, 1.79630745833e-08, 7.10779612945e-09, 3.7524521268e-09, 3.31074923032e-09, 2.68818678428e-09, 1.51217260935e-09, 1.95532945391e-09, 2.36181030289e-09, 2.14063566872e-09, 2.39587705231e-09, 1.13797504753e-09, 6.1860705447e-10],
        "min": [4.56869236993e-25, 1.14116519942e-24, 1.18058605796e-24, 9.81986084948e-25, 1.37568486907e-24, 2.09053938011e-24, 1.3121570129e-24, 2.23082093717e-24, 1.83662497346e-24, 2.44036546777e-24, 2.11088568058e-24, 1.86329261358e-24, 2.31731480226e-24, 3.10940116251e-24, 2.51666389731e-24, 2.26239312275e-24, 1.95732483348e-24, 3.02491120133e-24, 3.33617875402e-24, 3.95380280583e-24, 2.93849306688e-24, 2.24729748046e-24, 4.27525336952e-24, 3.93511469099e-24, 3.97349790162e-24, 3.66654699581e-24, 4.16029740297e-24, 2.55771286616e-24, 4.97915987171e-24, 4.55496372499e-24, 4.63866936121e-24, 5.41429594146e-24, 5.57185513006e-24, 5.07963037989e-24, 5.55722846558e-24, 5.16324293052e-24, 5.10577046927e-24, 5.35454209447e-24, 5.89369381331e-24, 6.04895859996e-24],
        "var": [2.89175886792e-07, 1.45047570186e-05, 2.4454884624e-06, 1.12158932097e-06, 5.7798393982e-07, 5.35857566319e-07, 5.38748849976e-07, 2.74651227983e-07, 1.30532407638e-06, 9.46809905145e-07, 3.90834088648e-07, 5.24937497914e-08, 9.63196313819e-08, 6.46461373321e-08, 1.18307937669e-07, 3.81726437126e-08, 1.62628310818e-08, 1.12046292244e-08, 4.22208668027e-09, 9.46273726044e-10, 1.08896480722e-09, 1.77277381663e-09, 1.74861480851e-09, 1.17838427904e-09, 1.84355588573e-08, 2.60013316433e-10, 1.90340243567e-10, 3.64295982269e-10, 1.07329301696e-11, 7.120847423e-13, 1.41289174913e-13, 2.87712589213e-13, 4.68978913863e-13, 1.95497399736e-13, 2.54991232122e-13, 2.01357962422e-12, 5.19949534816e-12, 3.51112238242e-12, 3.50463039665e-13, 3.27797142728e-14]
    },
    "mfcc": {
        "mean": [-812.026306152, 174.376052856, 6.41248941422, 10.4333648682, 4.89508867264, -10.5580101013, -0.0862608626485, -3.73443889618, -17.6212921143, -2.03466057777, -0.690811276436, -1.93026852608, -11.937210083],
        "cov": [[13335.9101562, -72.3623886108, -3297.66552734, -285.336853027, -1050.26220703, -1207.43493652, -215.360061646, -17.2767505646, -546.590087891, 265.608764648, -82.7750396729, 167.51260376, -224.637313843], [-72.3623886108, 4207.09619141, 661.344909668, 152.563140869, 647.303039551, 268.710418701, 59.4898147583, 176.228149414, 81.8681335449, -225.057540894, 172.258422852, 14.6177587509, 40.5560646057], [-3297.66552734, 661.344909668, 2344.25170898, 528.335632324, 579.47668457, 589.932800293, 156.61088562, 73.9276199341, 129.981414795, -108.84210968, -22.9238739014, -13.2109184265, 59.3299331665], [-285.336853027, 152.563140869, 528.335632324, 831.486633301, 414.993530273, 54.9948806763, 10.8710927963, 88.1536483765, 92.199180603, 22.907699585, 33.0333366394, 33.789264679, 23.3018779755], [-1050.26220703, 647.303039551, 579.47668457, 414.993530273, 745.94354248, 316.128875732, -42.5111351013, 20.8503856659, 116.76033783, -4.66405677795, 49.3753395081, 0.582755506039, 0.162621885538], [-1207.43493652, 268.710418701, 589.932800293, 54.9948806763, 316.128875732, 530.45123291, 161.317642212, 8.14960384369, 117.483169556, 34.4499855042, 31.107213974, -12.9431314468, 30.5289039612], [-215.360061646, 59.4898147583, 156.61088562, 10.8710927963, -42.5111351013, 161.317642212, 301.345367432, 127.402503967, 43.3798561096, 35.2832489014, 28.6404495239, 12.8080997467, 32.5314788818], [-17.2767505646, 176.228149414, 73.9276199341, 88.1536483765, 20.8503856659, 8.14960384369, 127.402503967, 252.921875, 97.1490402222, -16.8415260315, 34.3172073364, 41.0268173218, 44.6225776672], [-546.590087891, 81.8681335449, 129.981414795, 92.199180603, 116.76033783, 117.483169556, 43.3798561096, 97.1490402222, 242.56199646, 82.3026809692, 3.52203655243, 5.35213804245, 47.316204071], [265.608764648, -225.057540894, -108.84210968, 22.907699585, -4.66405677795, 34.4499855042, 35.2832489014, -16.8415260315, 82.3026809692, 230.221298218, 47.4099807739, -20.8502254486, -11.7816772461], [-82.7750396729, 172.258422852, -22.9238739014, 33.0333366394, 49.3753395081, 31.107213974, 28.6404495239, 34.3172073364, 3.52203655243, 47.4099807739, 172.028869629, 39.0909385681, -14.7905797958], [167.51260376, 14.6177587509, -13.2109184265, 33.789264679, 0.582755506039, -12.9431314468, 12.8080997467, 41.0268173218, 5.35213804245, -20.8502254486, 39.0909385681, 137.872741699, 36.3807945251], [-224.637313843, 40.5560646057, 59.3299331665, 23.3018779755, 0.162621885538, 30.5289039612, 32.5314788818, 44.6225776672, 47.316204071, -11.7816772461, -14.7905797958, 36.3807945251, 130.043640137]],
