{
"lowlevel": {
    "average_loudness": 0.809664547443,
    "barkbands_crest": {
        "dmean": 3.09900474548,
        "dmean2": 5.14372825623,
        "dvar": 8.95844459534,
        "dvar2": 24.509098053,
        "max": 26.3793010712,
        "mean": 11.0646448135,
        "median": 10.1982555389,
        "min": 3.17843413353,
        "var": 17.5422496796
    },
    "barkbands_flatness_db": {
        "dmean": 0.0321862921119,
        "dmean2": 0.0491241365671,
        "dvar": 0.00112042808905,
        "dvar2": 0.00261661107652,
        "max": 0.484582424164,
        "mean": 0.213049575686,
        "median": 0.203839972615,
        "min": 0.0536209493876,
        "var": 0.00364696863107
    },
    "barkbands_kurtosis": {
        "dmean": 7.16938304901,
        "dmean2": 11.5890617371,
        "dvar": 190.555877686,
        "dvar2": 484.482849121,
        "max": 370.137145996,
        "mean": 9.75536441803,
        "median": 4.28914022446,
        "min": -1.90513050556,
        "var": 279.222320557
    },
    "barkbands_skewness": {
        "dmean": 0.864991307259,
        "dmean2": 1.33924806118,
        "dvar": 1.02145195007,
        "dvar2": 2.43781781197,
        "max": 13.2812690735,
        "mean": 1.62523293495,
        "median": 1.38200724125,
        "min": -5.81457424164,
        "var": 2.54132580757
    },
    "barkbands_spread": {
        "dmean": 3.69440817833,
        "dmean2": 5.69454193115,
        "dvar": 35.8711013794,
        "dvar2": 80.5652236938,
        "max": 109.257095337,
        "mean": 10.0975875854,
        "median": 7.82294368744,
        "min": 0.28140515089,
        "var": 84.6353988647
    },
    "dissonance": {
        "dmean": 0.0384520366788,
        "dmean2": 0.064391605556,
        "dvar": 0.00147329340689,
        "dvar2": 0.0039313598536,
        "max": 0.500000119209,
        "mean": 0.422534406185,
        "median": 0.434548765421,
        "min": 0.151517748833,
        "var": 0.00327354832552
    },
    "dynamic_complexity": 4.9995765686,
    "erbbands_crest": {
        "dmean": 3.48382139206,
        "dmean2": 5.61350488663,
        "dvar": 11.4403924942,
        "dvar2": 28.0386276245,
        "max": 33.4987411499,
        "mean": 13.1155977249,
        "median": 11.9545955658,
        "min": 2.35894012451,
        "var": 33.6162452698
    },
    "erbbands_flatness_db": {
        "dmean": 0.0254655424505,
        "dmean2": 0.0381867997348,
        "dvar": 0.000643885228783,
        "dvar2": 0.00155071832705,
        "max": 0.435048490763,
        "mean": 0.220047906041,
        "median": 0.222930192947,
        "min": 0.0455012433231,
        "var": 0.00262538949028
    },
    "erbbands_kurtosis": {
        "dmean": 3.60428166389,
        "dmean2": 5.63116502762,
        "dvar": 65.43384552,
        "dvar2": 135.603607178,
        "max": 262.866943359,
        "mean": 5.08061742783,
        "median": 1.82750654221,
        "min": -1.90942764282,
        "var": 147.619537354
    },
    "erbbands_skewness": {
        "dmean": 0.658531308174,
        "dmean2": 1.01283860207,
        "dvar": 0.556067168713,
        "dvar2": 1.28931558132,
        "max": 13.2692375183,
        "mean": 1.10731041431,
        "median": 0.955711126328,
        "min": -4.13479471207,
        "var": 1.75459706783
    },
    "erbbands_spread": {
        "dmean": 7.75754499435,
        "dmean2": 12.1267051697,
        "dvar": 122.267494202,
        "dvar2": 293.558105469,
        "max": 155.557571411,
        "mean": 22.6817569733,
        "median": 18.2478866577,
        "min": 0.617559790611,
        "var": 314.437042236
    },
    "hfc": {
        "dmean": 4.6879863739,
        "dmean2": 6.90522766113,
        "dvar": 138.096313477,
        "dvar2": 220.086120605,
        "max": 555.045898438,
        "mean": 12.0439910889,
        "median": 7.26537942886,
        "min": 1.05853429486e-16,
        "var": 463.772918701
    },
    "melbands_crest": {
        "dmean": 3.54186534882,
        "dmean2": 5.77436256409,
        "dvar": 10.1297979355,
        "dvar2": 26.7337837219,
        "max": 39.4040222168,
        "mean": 14.3900461197,
        "median": 13.8061761856,
        "min": 1.60762357712,
        "var": 25.0382499695
    },
    "melbands_flatness_db": {
        "dmean": 0.0392067544162,
        "dmean2": 0.0587596520782,
        "dvar": 0.00172714539804,
        "dvar2": 0.00384943955578,
        "max": 0.631601393223,
        "mean": 0.290445953608,
        "median": 0.280993252993,
        "min": 0.00330943847075,
        "var": 0.00692949118093
    },
    "melbands_kurtosis": {
        "dmean": 11.2217168808,
        "dmean2": 17.8770942688,
        "dvar": 453.657745361,
        "dvar2": 1092.90917969,
        "max": 434.005279541,
        "mean": 15.7811698914,
        "median": 6.35654067993,
        "min": -1.90484309196,
        "var": 768.789306641
    },
    "melbands_skewness": {
        "dmean": 0.979325711727,
        "dmean2": 1.5147459507,
        "dvar": 1.30505347252,
        "dvar2": 3.02633309364,
        "max": 16.7787952423,
        "mean": 2.09665393829,
        "median": 1.70044326782,
        "min": -3.32104277611,
        "var": 3.53684520721
    },
    "melbands_spread": {
        "dmean": 5.09171676636,
        "dmean2": 7.89630556107,
        "dvar": 124.016120911,
        "dvar2": 268.482574463,
        "max": 216.778366089,
        "mean": 13.7917747498,
        "median": 9.31670284271,
        "min": 0.358335316181,
        "var": 365.964141846
    },
    "pitch_salience": {
        "dmean": 0.0872706398368,
        "dmean2": 0.142343536019,
        "dvar": 0.0068419049494,
        "dvar2": 0.0181427635252,
        "max": 0.944174468517,
        "mean": 0.568191707134,
        "median": 0.575922608376,
        "min": 0.0284592974931,
        "var": 0.0164152663201
    },
    "silence_rate_20dB": {
        "dmean": 0,
        "dmean2": 0,
        "dvar": 0,
        "dvar2": 0,
        "max": 1,
        "mean": 1,
        "median": 1,
        "min": 1,
        "var": 0
    },
    "silence_rate_30dB": {
        "dmean": 0.0522022843361,
        "dmean2": 0.104417674243,
        "dvar": 0.0494753718376,
        "dvar2": 0.136939927936,
        "max": 1,
        "mean": 0.969510674477,
        "median": 1,
        "min": 0,
        "var": 0.0295607410371
    },
    "silence_rate_60dB": {
        "dmean": 0.0436692200601,
        "dmean2": 0.0873493999243,
        "dvar": 0.0417575016618,
        "dvar2": 0.0930222347379,
        "max": 1,
        "mean": 0.142032623291,
        "median": 0,
        "min": 0,
        "var": 0.1218572855
    },
    "spectral_centroid": {
        "dmean": 182.97694397,
        "dmean2": 276.82043457,
        "dvar": 112885.648438,
        "dvar2": 230970.359375,
        "max": 11427.8642578,
        "mean": 810.387878418,
        "median": 590.333312988,
        "min": 127.326438904,
        "var": 1111218.5
    },
    "spectral_complexity": {
        "dmean": 2.36792564392,
        "dmean2": 3.59086346626,
        "dvar": 8.09667205811,
        "dvar2": 16.7370948792,
        "max": 50,
        "mean": 10.8082809448,
        "median": 10,
        "min": 0,
        "var": 46.7798156738
    },
    "spectral_decrease": {
        "dmean": 4.29190150086e-09,
        "dmean2": 6.71069422253e-09,
        "dvar": 6.33480787303e-17,
        "dvar2": 1.49019591671e-16,
        "max": 1.80224299187e-28,
        "mean": -6.83430467774e-09,
        "median": -3.97773725069e-09,
        "min": -5.7803905662e-08,
        "var": 7.5131994475e-17
    },
    "spectral_energy": {
        "dmean": 0.0165537577122,
        "dmean2": 0.0258419625461,
        "dvar": 0.000924609368667,
        "dvar2": 0.00217309058644,
        "max": 0.222001373768,
        "mean": 0.0268866792321,
        "median": 0.0157941635698,
        "min": 9.91388000269e-21,
        "var": 0.00112101458944
    },
    "spectral_energyband_high": {
        "dmean": 0.000187821438885,
        "dmean2": 0.000238438864471,
        "dvar": 3.24735310642e-06,
        "dvar2": 4.70112672701e-06,
        "max": 0.100520513952,
        "mean": 0.000295993086183,
        "median": 2.31001104112e-05,
        "min": 6.96083309897e-21,
        "var": 9.37296954362e-06
    },
    "spectral_energyband_low": {
        "dmean": 0.0101133361459,
        "dmean2": 0.0163896456361,
        "dvar": 0.000634192721918,
        "dvar2": 0.00150887924246,
        "max": 0.178468480706,
        "mean": 0.0104039674625,
        "median": 0.00261931447312,
        "min": 1.50558947367e-23,
        "var": 0.000578278210014
    },
    "spectral_energyband_middle_high": {
        "dmean": 0.00122745125555,
        "dmean2": 0.0019000202883,
        "dvar": 5.34908167538e-06,
        "dvar2": 1.20388594951e-05,
        "max": 0.0686996802688,
        "mean": 0.00318098440766,
        "median": 0.00103908765595,
        "min": 1.23899690318e-21,
        "var": 3.70182133338e-05
    },
    "spectral_energyband_middle_low": {
        "dmean": 0.00934861321002,
        "dmean2": 0.0154476407915,
        "dvar": 0.000337205041433,
        "dvar2": 0.000878828868736,
        "max": 0.19075319171,
        "mean": 0.0149119924754,
        "median": 0.0086513236165,
        "min": 1.78487315006e-22,
        "var": 0.000365823507309
    },
    "spectral_entropy": {
        "dmean": 0.295142650604,
        "dmean2": 0.454990118742,
        "dvar": 0.0896017849445,
        "dvar2": 0.220772430301,
        "max": 9.82310199738,
        "mean": 6.82012081146,
        "median": 6.81600999832,
        "min": 4.3247423172,
        "var": 0.392863303423
    },
    "spectral_flux": {
        "dmean": 0.0417031943798,
        "dmean2": 0.063055343926,
        "dvar": 0.00336517440155,
        "dvar2": 0.00645653018728,
        "max": 0.427102118731,
        "mean": 0.0906137600541,
        "median": 0.0622895918787,
        "min": 6.44942987904e-11,
        "var": 0.00684820720926
    },
    "spectral_kurtosis": {
        "dmean": 4.80528593063,
        "dmean2": 7.9293012619,
        "dvar": 34.5691680908,
        "dvar2": 94.270904541,
        "max": 108.126106262,
        "mean": 10.4640026093,
        "median": 8.46948051453,
        "min": -1.25351643562,
        "var": 68.029258728
    },
    "spectral_rms": {
        "dmean": 0.00127139280085,
        "dmean2": 0.00187809520867,
        "dvar": 3.63434082828e-06,
        "dvar2": 7.8795119407e-06,
        "max": 0.0147168850526,
        "mean": 0.00431134412065,
        "median": 0.00392542220652,
        "min": 3.10999663522e-12,
        "var": 7.6432397691e-06
    },
    "spectral_rolloff": {
        "dmean": 259.661773682,
        "dmean2": 431.163574219,
        "dvar": 386996.0625,
        "dvar2": 777855.0625,
        "max": 19487.5488281,
        "mean": 926.115478516,
        "median": 581.396484375,
        "min": 21.533203125,
        "var": 3185931.25
    },
    "spectral_skewness": {
        "dmean": 0.515787422657,
        "dmean2": 0.818246364594,
        "dvar": 0.283684402704,
        "dvar2": 0.738020718098,
        "max": 8.50573444366,
        "mean": 2.39256477356,
        "median": 2.27209234238,
        "min": -0.345803976059,
        "var": 0.944623529911
    },
    "spectral_spread": {
        "dmean": 641038.5,
        "dmean2": 986888.8125,
        "dvar": 691385729024,
        "dvar2": 1.44143011021e+12,
        "max": 42187356,
        "mean": 3740461.75,
        "median": 3041325.5,
        "min": 966761.9375,
        "var": 1.25941611233e+13
    },
    "spectral_strongpeak": {
        "dmean": 0.46383830905,
        "dmean2": 0.77018147707,
        "dvar": 0.575748562813,
        "dvar2": 1.31402254105,
        "max": 17.7199192047,
        "mean": 1.03903567791,
        "median": 0.542154788971,
        "min": 0,
        "var": 1.71444523335
    },
    "zerocrossingrate": {
        "dmean": 0.00646670907736,
        "dmean2": 0.00762191833928,
        "dvar": 0.00013437999587,
        "dvar2": 0.000159839837579,
        "max": 0.51806640625,
        "mean": 0.0351642742753,
        "median": 0.02685546875,
        "min": 0,
        "var": 0.0022839596495
    },
    "barkbands": {
        "dmean": [0.000154320674483, 0.00552865536883, 0.00457872729748, 0.00321414810605, 0.00488129677251, 0.00141067511868, 0.00117032544222, 0.000875595316757, 0.000556034035981, 0.000412356981542, 0.000356572680175, 0.000230620556977, 0.000225629642955, 0.000194513107999, 0.000153097862494, 8.81734740688e-05, 6.90877859597e-05, 3.55273914465e-05, 4.6084762289e-05, 3.9979309804e-05, 7.3058756243e-05, 6.08608497714e-05, 3.38744939654e-05, 1.2648100892e-05, 4.05188711738e-06, 5.69378755699e-07, 2.1959474239e-08],
        "dmean2": [0.000274473597528, 0.00938338320702, 0.00825076177716, 0.005632864777, 0.00854044873267, 0.00233875075355, 0.00185737118591, 0.00131675193552, 0.000824959890451, 0.000614341173787, 0.000629844202194, 0.000369124492863, 0.000356222939445, 0.000293725170195, 0.000234492283198, 0.000135147507535, 0.000104382510472, 5.58463434572e-05, 7.00232703821e-05, 5.85857778788e-05, 0.000102577636426, 8.43918678584e-05, 4.63790856884e-05, 1.82640251296e-05, 5.54806501896e-06, 8.28657107377e-07, 3.73142903243e-08],
        "dvar": [1.02997773865e-07, 0.000232221005717, 0.00018096731219, 5.46662486158e-05, 0.000168412734638, 6.49841558698e-06, 6.06253161095e-06, 3.77541505259e-06, 1.82962969575e-06, 1.58007651407e-06, 9.13266376301e-07, 5.95134338255e-07, 6.56739871374e-07, 3.84876187809e-07, 3.68301272147e-07, 7.8493350486e-08, 5.45040528266e-08, 1.53621115828e-08, 8.97976377701e-08, 7.3721949434e-08, 1.03782429051e-06, 4.94932010042e-07, 9.77629994736e-08, 1.22943317749e-08, 1.0184708632e-09, 1.52950031113e-11, 1.90613624602e-13],
        "dvar2": [2.87145780931e-07, 0.000590300827753, 0.000513361417688, 0.000149450759636, 0.000456167384982, 1.71408719325e-05, 1.39308813232e-05, 7.79760193836e-06, 3.85233170164e-06, 3.41812142324e-06, 2.28705289373e-06, 1.3693437495e-06, 1.42188059726e-06, 7.54779307499e-07, 7.73692931944e-07, 1.60772572144e-07, 1.16981716758e-07, 3.57342990753e-08, 1.65813190733e-07, 1.16303120024e-07, 2.27343116421e-06, 8.9557750016e-07, 1.83051767522e-07, 2.24404104188e-08, 1.76011827335e-09, 3.20985009405e-11, 4.86343766908e-13],
        "max": [0.0026707847137, 0.116928182542, 0.107838258147, 0.0686876252294, 0.109235726297, 0.0363516882062, 0.0447997972369, 0.0411887466908, 0.0360677056015, 0.0408025532961, 0.036521051079, 0.0422124639153, 0.0539984181523, 0.024755930528, 0.0332478620112, 0.00862930063158, 0.00776478461921, 0.00473313685507, 0.0178873036057, 0.0165025889874, 0.069481767714, 0.043135613203, 0.0160747673362, 0.00718879746273, 0.00188408349641, 0.00018470804207, 2.93925695587e-05],
        "mean": [0.00014576051035, 0.0047743706964, 0.00387114589103, 0.00291033880785, 0.00414423784241, 0.00232264678925, 0.00177750666626, 0.00205414439552, 0.00115158734843, 0.00119483156595, 0.000368364067981, 0.000403806712711, 0.000417121569626, 0.000305108929751, 0.000289186893497, 0.000161960575497, 0.00012948368385, 7.03816403984e-05, 7.25411518943e-05, 6.39328645775e-05, 9.87916282611e-05, 8.56300321175e-05, 4.9164857046e-05, 1.80133029062e-05, 5.72572253077e-06, 8.36563174289e-07, 2.49691538556e-08],
        "median": [5.0066933909e-05, 0.000905585184228, 0.000833076192066, 0.000671867048368, 0.00087234203238, 0.00118097709492, 0.00048531946959, 0.000360966194421, 0.000193240091903, 0.000104176608147, 5.61146443943e-05, 6.32989831502e-05, 5.11257167091e-05, 3.54563126166e-05, 2.89665622404e-05, 1.80482293217e-05, 1.96837354451e-05, 1.41659620567e-05, 1.19759879453e-05, 9.08794572752e-06, 3.85326529795e-06, 2.84185739474e-06, 2.42730743594e-06, 2.02253909265e-06, 9.30184967274e-07, 2.06885133025e-07, 8.08892686166e-09],
        "min": [7.60838162307e-26, 1.77222828561e-24, 2.2971045803e-24, 9.38691623532e-25, 1.0023730512e-23, 7.89008895527e-24, 1.15627145188e-23, 6.92552663835e-24, 1.04456756441e-23, 1.65590439481e-23, 1.59117693759e-23, 1.06835953042e-23, 2.94021175814e-23, 3.58819693627e-23, 5.11164480089e-23, 4.81165046496e-23, 7.72378193032e-23, 1.0011987213e-22, 1.26742204809e-22, 1.66994646602e-22, 2.91608201766e-22, 3.10317685275e-22, 4.08178644736e-22, 5.92155548118e-22, 8.70356572861e-22, 1.32176343205e-21, 1.94634325859e-21],
        "var": [8.37201383774e-08, 0.000180809889571, 0.000114414193376, 4.14742899011e-05, 0.00012292995234, 9.99739859253e-06, 1.27997027448e-05, 1.7282236513e-05, 6.65511061015e-06, 1.31726128529e-05, 1.33304877181e-06, 2.63470246864e-06, 4.44159968538e-06, 9.57462475526e-07, 1.71819249317e-06, 2.25016350441e-07, 1.21639132544e-07, 3.25514264432e-08, 1.7643243666e-07, 1.68051840888e-07, 1.64283642334e-06, 1.13305316063e-06, 2.48209033771e-07, 2.84187766653e-08, 2.35789099357e-09, 3.03470512608e-11, 1.70281296659e-13]
    },
    "erbbands": {
        "dmean": [0.135815396905, 1.35766088963, 4.50581884384, 9.01896286011, 16.3407745361, 14.5089426041, 9.03204441071, 13.4952917099, 15.9739675522, 16.3273563385, 17.5217819214, 13.206281662, 13.1047134399, 11.3893995285, 15.0809764862, 9.20630168915, 9.94066143036, 9.16214847565, 8.74969291687, 5.83817434311, 3.78159403801, 3.63440966606, 1.97814297676, 1.94996750355, 2.20715212822, 1.81044769287, 3.34303474426, 2.17331671715, 2.30156207085, 1.74288153648, 0.9596824646, 0.434016078711, 0.139652520418, 0.0602519772947, 0.0219528749585, 0.00449037319049, 0.00074231706094, 9.82294877758e-05, 9.64020819083e-06, 1.83736883628e-05],
        "dmean2": [0.24117256701, 2.28023290634, 7.90226459503, 15.7652606964, 28.2278308868, 25.960767746, 15.7338352203, 22.134185791, 25.7950458527, 24.9306850433, 25.7981967926, 19.0831718445, 18.4992237091, 18.2766189575, 26.1831665039, 14.6590232849, 15.3504343033, 13.8230352402, 13.0048818588, 8.85605049133, 5.73956394196, 5.48286819458, 3.05745482445, 2.98781895638, 3.40248894691, 2.64196705818, 5.0317902565, 2.89620876312, 3.09369587898, 2.55111813545, 1.33651900291, 0.612434566021, 0.201548621058, 0.0814954042435, 0.0309708211571, 0.00642043771222, 0.0010869235266, 0.000149480663822, 1.45581780089e-05, 2.85558635369e-05],
        "dvar": [0.158454447985, 13.5431985855, 169.869491577, 480.849456787, 2116.0925293, 1501.66931152, 419.522369385, 602.09954834, 1249.81445312, 1193.86633301, 1903.91796875, 1009.94042969, 1392.05200195, 1388.22375488, 1636.19641113, 859.92980957, 1079.68322754, 734.719665527, 1215.98962402, 371.284118652, 133.607788086, 186.453704834, 52.1204299927, 104.333778381, 250.698226929, 147.957977295, 2256.47631836, 617.301940918, 760.005126953, 407.987670898, 88.8305969238, 15.4785861969, 1.46700954437, 0.233283385634, 0.0443150103092, 0.00131982739549, 2.36558498727e-05, 1.37580514092e-06, 1.21598653369e-09, 1.10906983597e-09],
        "dvar2": [0.430928230286, 33.7102394104, 471.755279541, 1343.06750488, 5643.36474609, 4229.75976562, 1150.68884277, 1578.81872559, 2945.26708984, 2425.65942383, 3943.76269531, 2092.13061523, 2594.33007812, 3408.24487305, 4233.60644531, 2074.85717773, 2315.32275391, 1508.74719238, 2492.52978516, 841.367248535, 273.011932373, 418.57131958, 115.6095047, 208.934280396, 460.040222168, 212.214797974, 5628.86523438, 1050.32775879, 1459.6126709, 936.773803711, 175.699371338, 26.9214859009, 3.06837511063, 0.406723886728, 0.0899123474956, 0.00277867354453, 5.36060106242e-05, 2.90316620521e-06, 2.50819254255e-09, 2.57688248517e-09],
        "max": [3.17896509171, 26.9288539886, 98.883392334, 209.704620361, 507.269775391, 302.988769531, 288.573028564, 401.373260498, 570.286132812, 878.680480957, 1091.24584961, 1046.13464355, 1483.75866699, 993.422790527, 1183, 1218.99194336, 2146.17016602, 784.987792969, 2122.08544922, 733.260559082, 567.058837891, 507.076599121, 266.293243408, 488.866485596, 1021.18884277, 731.549926758, 3076.15869141, 1382.4876709, 1719.42614746, 1306.23486328, 495.321472168, 224.350067139, 68.9678039551, 29.6844081879, 12.6051635742, 2.15680980682, 0.259419292212, 0.0757830217481, 0.00210083508864, 0.000322496227454],
        "mean": [0.108919449151, 1.19517207146, 3.98975396156, 8.22430896759, 13.9712486267, 11.9845104218, 10.5589170456, 23.2656974792, 25.459066391, 32.5378265381, 42.3023376465, 30.1363754272, 38.0436286926, 22.8192462921, 17.7324504852, 17.3347187042, 19.5003185272, 17.0933094025, 17.2643985748, 11.6908140182, 8.08594703674, 7.03658485413, 4.08749103546, 3.77014708519, 3.48982071877, 3.06455111504, 4.53530550003, 2.9883275032, 3.02526640892, 2.33449578285, 1.37472736835, 0.619840025902, 0.197972461581, 0.085618801415, 0.0298712458462, 0.00636761309579, 0.00111553084571, 0.000149529063492, 1.72031213879e-05, 3.08003327518e-05],
        "median": [0.0222292188555, 0.217153012753, 0.852863788605, 1.9888035059, 2.56815934181, 2.53804683685, 4.5598487854, 11.0752735138, 8.63547325134, 9.18906974792, 8.18004322052, 6.3604516983, 4.59193992615, 3.77425193787, 3.45648431778, 3.52540159225, 3.211602211, 2.785779953, 2.17625617981, 1.45341992378, 1.19891393185, 1.15616285801, 0.96579426527, 0.718880176544, 0.548824191093, 0.43634968996, 0.265238672495, 0.115375936031, 0.103623911738, 0.0845151543617, 0.0660406798124, 0.0458725690842, 0.0312356874347, 0.0139578618109, 0.00477519351989, 0.00130473764148, 0.000314379518386, 4.95371059515e-05, 9.67034338828e-06, 1.82341209438e-05],
        "min": [1.17154086444e-22, 4.02729471282e-22, 3.59826474517e-21, 6.00421931929e-21, 1.60652255916e-20, 2.85682754234e-20, 5.16322099388e-20, 5.61311321994e-20, 1.38246333884e-19, 1.85160502711e-19, 3.19965506753e-19, 2.39585600746e-19, 4.09750688969e-19, 6.90483536257e-19, 9.62947731045e-19, 6.16447666109e-19, 1.5311299254e-18, 1.99806304143e-18, 1.85688481756e-18, 2.78117829518e-18, 3.55341901902e-18, 5.62869068523e-18, 5.44677836569e-18, 6.18622365298e-18, 8.3207280685e-18, 8.52580682187e-18, 8.48059726549e-18, 1.20155635394e-17, 1.07101691352e-17, 1.15937940712e-17, 1.24855874158e-17, 1.10129461907e-17, 1.15006014219e-17, 8.37318289986e-18, 6.79728926843e-18, 4.11563879212e-18, 2.35416843104e-18, 1.05992555888e-18, 2.3262751253e-19, 2.56739446107e-20],
        "var": [0.10652987659, 10.9813213348, 114.450241089, 338.357330322, 1615.62548828, 993.678405762, 371.805236816, 1070.66186523, 2476.92602539, 4188.63574219, 9171.79492188, 4010.0859375, 13070.1552734, 5236.47900391, 2641.5793457, 3906.8684082, 8404.0703125, 2489.93164062, 5974.88720703, 1207.15820312, 415.922515869, 382.938262939, 107.628166199, 196.117675781, 518.010009766, 366.337615967, 2938.18212891, 1349.06030273, 1476.20666504, 782.662597656, 212.410415649, 37.7853927612, 2.95618510246, 0.560104072094, 0.073842510581, 0.00235123722814, 4.60293740616e-05, 2.03543686439e-06, 2.08265538149e-09, 1.44362632959e-09]
    },
    "gfcc": {
        "mean": [-110.516555786, 139.790390015, -103.492874146, 24.6214332581, -61.1649627686, 7.08149433136, -35.9699401855, 2.30172848701, -15.6054487228, -2.54051089287, -6.54349422455, -8.77315425873, -8.81303310394],
        "cov": [[26249.0136719, 2956.36035156, -2917.0925293, 75.3031463623, -732.206665039, -127.445655823, -322.006500244, -270.150115967, 115.825042725, -313.576629639, -125.274345398, -335.88067627, -139.65423584], [2956.36035156, 1410.29577637, -70.8509140015, -387.677124023, 142.970199585, -49.477935791, 91.435256958, -17.1471538544, 61.7564697266, -111.040237427, 67.116897583, -112.319869995, 10.6151723862], [-2917.0925293, -70.8509140015, 1925.33605957, 320.86517334, -87.0237731934, 119.120506287, -43.7703132629, -25.3677024841, -81.4642715454, 75.4164276123, 18.9795589447, 71.3136062622, -95.1654891968], [75.3031463623, -387.677124023, 320.86517334, 706.321350098, 33.0288734436, 20.2879981995, -70.8347320557, -44.6808776855, -4.89801836014, 31.7441673279, -39.5656280518, 4.38809919357, 1.90387606621], [-732.206665039, 142.970199585, -87.0237731934, 33.0288734436, 502.600982666, 74.1692810059, 110.234344482, 36.4382781982, 14.6586112976, -48.2687187195, -6.85003232956, -43.5425720215, 72.0489807129], [-127.445655823, -49.477935791, 119.120506287, 20.2879981995, 74.1692810059, 259.923828125, 70.9048538208, -0.414907634258, -36.9605140686, -11.7962703705, -23.7767543793, 8.05106258392, -7.75734567642], [-322.006500244, 91.435256958, -43.7703132629, -70.8347320557, 110.234344482, 70.9048538208, 225.125228882, 66.8248291016, 17.4731674194, -46.9782600403, 0.137629598379, -18.8057746887, 25.0217723846], [-270.150115967, -17.1471538544, -25.3677024841, -44.6808776855, 36.4382781982, -0.414907634258, 66.8248291016, 166.866851807, 31.1264686584, -0.0672622323036, -15.1243877411, -12.0701408386, 9.77383518219], [115.825042725, 61.7564697266, -81.4642715454, -4.89801836014, 14.6586112976, -36.9605140686, 17.4731674194, 31.1264686584, 172.098632812, 55.5850639343, 17.9994392395, -22.1487236023, -10.8907518387], [-313.576629639, -111.040237427, 75.4164276123, 31.7441673279, -48.2687187195, -11.7962703705, -46.9782600403, -0.0672622323036, 55.5850639343, 141.479248047, 54.9604721069, 19.9138774872, -34.6814804077], [-125.274345398, 67.116897583, 18.9795589447, -39.5656280518, -6.85003232956, -23.7767543793, 0.137629598379, -15.1243877411, 17.9994392395, 54.9604721069, 114.63697052, 34.0503959656, -6.24589157104], [-335.88067627, -112.319869995, 71.3136062622, 4.38809919357, -43.5425720215, 8.05106258392, -18.8057746887, -12.0701408386, -22.1487236023, 19.9138774872, 34.0503959656, 105.614990234, 26.3017692566], [-139.65423584, 10.6151723862, -95.1654891968, 1.90387606621, 72.0489807129, -7.75734567642, 25.0217723846, 9.77383518219, -10.8907518387, -34.6814804077, -6.24589157104, 26.3017692566, 103.731620789]],
        "icov": [[0.000138979667099, -0.000484573392896, 0.000320368912071, -0.000402512436267, 0.000354955758667, -0.0002333047305, 0.000179039576324, -6.11502036918e-05, 0.000105616214569, -3.9986702177e-05, 0.000294838071568, -0.000226359741646, 0.000309449649649], [-0.000484573392896, 0.00293538090773, -0.0013359884033, 0.00206681783311, -0.00141158816405, 0.000872857985087, -0.000467151810881, 0.000597286154516, -0.00110840133857, 0.00165171176195, -0.0025352302473, 0.00236312183551, -0.00143021089025], [0.000320368912071, -0.0013359884033, 0.00142942345701, -0.00133884639945, 0.000859650841448, -0.000738715287298, 0.000319046986988, -0.000305958878016, 0.000703257974237, -0.000547975942027, 0.000906069180928, -0.0012876233086, 0.00147518760059], [-0.000402512436267, 0.00206681783311, -0.00133884639945, 0.00323221785948, -0.00138448097277, 0.000702639052179, -2.48943852057e-05, 0.000824883987661, -0.000814303813968, 0.00030036715907, -0.000692524947226, 0.00152560451534, -0.00151216168888], [0.000354955758667, -0.00141158816405, 0.000859650841448, -0.00138448097277, 0.00372418644838, -0.00144347187597, -0.000185796539881, -0.000416913855588, 0.000116635746963, 7.82891802373e-05, 2.89868676191e-05, 0.00101634161547, -0.00139169069007], [-0.0002333047305, 0.000872857985087, -0.000738715287298, 0.000702639052179, -0.00144347187597, 0.0055359210819, -0.00238774367608, 0.000890101888217, 0.00101820973214, -0.00102135073394, 0.00144988042302, -0.000973655900452, 0.000914252654184], [0.000179039576324, -0.000467151810881, 0.000319046986988, -2.48943852057e-05, -0.000185796539881, -0.00238774367608, 0.00740558840334, -0.00249236612581, -0.00131056481041, 0.00311995530501, -0.00201911502518, 0.000900667917449, -0.000463441887405], [-6.11502036918e-05, 0.000597286154516, -0.000305958878016, 0.000824883987661, -0.000416913855588, 0.000890101888217, -0.00249236612581, 0.00762240588665, -0.0010148944566, -0.00101490726229, 0.001566506573, 0.000439256516984, -0.000663071696181], [0.000105616214569, -0.00110840133857, 0.000703257974237, -0.000814303813968, 0.000116635746963, 0.00101820973214, -0.00131056481041, -0.0010148944566, 0.00852825120091, -0.00496722618118, 0.00137782027014, 0.00048952997895, 0.000516116153449], [-3.9986702177e-05, 0.00165171176195, -0.000547975942027, 0.00030036715907, 7.82891802373e-05, -0.00102135073394, 0.00311995530501, -0.00101490726229, -0.00496722618118, 0.014852472581, -0.00753602571785, 0.000542836671229, 0.00233403733], [0.000294838071568, -0.0025352302473, 0.000906069180928, -0.000692524947226, 2.89868676191e-05, 0.00144988042302, -0.00201911502518, 0.001566506573, 0.00137782027014, -0.00753602571785, 0.016150791198, -0.00666983379051, 0.00221679336391], [-0.000226359741646, 0.00236312183551, -0.0012876233086, 0.00152560451534, 0.00101634161547, -0.000973655900452, 0.000900667917449, 0.000439256516984, 0.00048952997895, 0.000542836671229, -0.00666983379051, 0.0167152434587, -0.00720021128654], [0.000309449649649, -0.00143021089025, 0.00147518760059, -0.00151216168888, -0.00139169069007, 0.000914252654184, -0.000463441887405, -0.000663071696181, 0.000516116153449, 0.00233403733, 0.00221679336391, -0.00720021128654, 0.0155872981995]]
    },
    "melbands": {
        "dmean": [0.00140783900861, 0.00211022770964, 0.0016985067632, 0.00122232339345, 0.000346256652847, 0.000291389500489, 0.000243633505306, 0.000176184272277, 0.000136573813506, 8.40783541207e-05, 6.65927873342e-05, 4.69104707008e-05, 5.20378744113e-05, 2.92796576105e-05, 2.31851427088e-05, 2.2382435418e-05, 1.82239709829e-05, 1.56338119268e-05, 9.73484111455e-06, 7.30253941583e-06, 4.40094527221e-06, 4.36636946688e-06, 2.49534468821e-06, 1.63630988936e-06, 1.64922619206e-06, 1.931992756e-06, 1.28580427372e-06, 1.26127474687e-06, 2.07210950975e-06, 2.21337222683e-06, 9.93451749309e-07, 1.32088177907e-06, 1.27778480419e-06, 8.20792934064e-07, 6.08158643445e-07, 4.17092877569e-07, 2.15837957285e-07, 1.03820383401e-07, 6.63358648012e-08, 4.65691485374e-08],
        "dmean2": [0.00243266508915, 0.00353005854413, 0.00293737323955, 0.00214008637704, 0.000609836773947, 0.000477277993923, 0.000390205503209, 0.000269528420176, 0.000200414477149, 0.000122196724988, 9.42246842897e-05, 7.41057738196e-05, 9.18020596146e-05, 4.71362873213e-05, 3.57651515515e-05, 3.43493011314e-05, 2.79839860013e-05, 2.33187802223e-05, 1.46493557622e-05, 1.1065992112e-05, 6.67945505484e-06, 6.57224018141e-06, 3.90860577681e-06, 2.5517335871e-06, 2.55872851085e-06, 2.93727930512e-06, 2.01023681257e-06, 1.87556258879e-06, 3.148483529e-06, 3.14242583954e-06, 1.43828970067e-06, 1.79108985776e-06, 1.85466490166e-06, 1.22367021049e-06, 8.55189739468e-07, 5.78356832648e-07, 3.08825008233e-07, 1.52875884396e-07, 9.75681473392e-08, 6.59795134084e-08],
        "dvar": [1.59495393746e-05, 3.29406029778e-05, 1.50567821038e-05, 1.06880497697e-05, 6.99121812886e-07, 2.75874668887e-07, 2.71620876902e-07, 1.37818943813e-07, 1.23780907302e-07, 4.20772998666e-08, 3.57833336295e-08, 2.5730853892e-08, 2.01652348153e-08, 8.77226913332e-09, 6.1237979132e-09, 7.83248754743e-09, 3.31218941163e-09, 3.76768616306e-09, 1.35351818642e-09, 5.4600718391e-10, 2.062826715e-10, 2.83999879169e-10, 1.21995788471e-10, 2.97523533588e-11, 7.81907316671e-11, 2.08950301506e-10, 7.94398852255e-11, 7.42391842445e-11, 6.39992947526e-10, 1.14085085823e-09, 1.13505239929e-10, 2.6273702658e-10, 2.20987353416e-10, 8.75471639628e-11, 3.90264799643e-11, 1.36953686239e-11, 4.09680752864e-12, 7.99653312317e-13, 4.53110910337e-13, 1.44262762001e-13],
        "dvar2": [4.1799426981e-05, 8.54428217281e-05, 4.09027743444e-05, 2.89689432975e-05, 1.96611813408e-06, 7.20825369172e-07, 6.36358493011e-07, 2.77047291775e-07, 2.57105767787e-07, 8.64701448222e-08, 6.80002187892e-08, 6.2113116428e-08, 5.27595318545e-08, 1.79306081094e-08, 1.17880185613e-08, 1.41970462053e-08, 6.83953871317e-09, 7.53596030023e-09, 2.69651634355e-09, 1.19221144068e-09, 4.12747364065e-10, 6.67296162771e-10, 2.80840045663e-10, 6.65229746288e-11, 1.63173446976e-10, 4.12182815657e-10, 1.4458256814e-10, 1.22257023949e-10, 1.63807178932e-09, 2.44606734867e-09, 2.03064676185e-10, 5.10336051196e-10, 4.4740641747e-10, 2.02694319662e-10, 8.4133360001e-11, 2.55331450427e-11, 7.06910051329e-12, 1.65353516469e-12, 1.13077049894e-12, 2.44101424187e-13],
        "max": [0.0314411967993, 0.0431751720607, 0.0327806659043, 0.0297024138272, 0.00834505166858, 0.00852748285979, 0.00802467670292, 0.00807773508132, 0.010096764192, 0.006048258394, 0.00750421592966, 0.00426073558629, 0.00483692251146, 0.00627760635689, 0.0053897947073, 0.00744139403105, 0.00162528920919, 0.00352112972178, 0.00228610052727, 0.000815589330159, 0.00072896113852, 0.00066946237348, 0.00045731163118, 0.000190729857422, 0.000427909370046, 0.000913739728276, 0.000534802558832, 0.000481986964587, 0.00138692744076, 0.00235994905233, 0.000497761473525, 0.0011170685757, 0.00106190168299, 0.000629792921245, 0.000333333620802, 0.000181992072612, 0.000127616032842, 5.23546877957e-05, 4.25612342951e-05, 2.27620694204e-05],
        "mean": [0.00117363687605, 0.00197506090626, 0.00157765718177, 0.00101665139664, 0.000378638185794, 0.000500477384776, 0.000383964070352, 0.000370046240278, 0.000321303552482, 0.000182250150829, 0.000190234015463, 9.57094162004e-05, 5.50310942344e-05, 4.70956983918e-05, 4.06533326895e-05, 4.34508583567e-05, 3.0226436138e-05, 2.83899553324e-05, 1.83908832696e-05, 1.35935270009e-05, 8.47938918014e-06, 7.96165477368e-06, 4.52019958175e-06, 3.21160018757e-06, 3.00172860079e-06, 2.78767515738e-06, 2.01843408831e-06, 1.99862074624e-06, 2.69031556854e-06, 2.84443763121e-06, 1.34546291974e-06, 1.65740232205e-06, 1.73207251919e-06, 1.08244489638e-06, 8.23632376523e-07, 5.78281571961e-07, 2.98964266676e-07, 1.44292968685e-07, 8.75400729683e-08, 6.65075248207e-08],
        "median": [0.000237637665123, 0.00041863147635, 0.000387817213777, 0.000187551020645, 0.000161665084306, 0.000242582696956, 0.000126087630633, 9.71484114416e-05, 5.41311746929e-05, 3.14032658935e-05, 2.0095063519e-05, 1.19085725601e-05, 8.50932883623e-06, 8.62237538968e-06, 6.67956555844e-06, 5.08557423018e-06, 3.77178957933e-06, 3.15321221933e-06, 1.93239452528e-06, 1.49166498886e-06, 1.15757416097e-06, 1.13178964511e-06, 8.73614737884e-07, 6.28250404588e-07, 4.88161504109e-07, 3.94264304759e-07, 2.97666019833e-07, 2.64038646947e-07, 1.7490845039e-07, 8.0259525248e-08, 5.00647594492e-08, 5.35142916647e-08, 5.34562900611e-08, 4.24568753488e-08, 3.77728142098e-08, 3.06455447685e-08, 2.5738962961e-08, 2.28623875387e-08, 1.49743577538e-08, 1.03984287847e-08],
        "min": [1.04539383704e-24, 1.9324139866e-24, 9.97891098519e-25, 1.87454808097e-24, 1.77372731855e-24, 1.27199393485e-24, 2.62678355487e-24, 1.05576015959e-24, 2.41282692522e-24, 1.47829496524e-24, 1.85514545536e-24, 2.43733249481e-24, 2.66693006684e-24, 9.64145206715e-25, 2.01363569704e-24, 3.36786650772e-24, 3.49168374882e-24, 1.01084675838e-24, 3.36605962182e-24, 3.03839875065e-24, 3.35214727089e-24, 5.06281225982e-24, 4.13151344626e-24, 5.09867979303e-24, 3.79163193638e-24, 4.9040910791e-24, 5.55122089536e-24, 5.16335455434e-24, 3.77390228754e-24, 5.85328599116e-24, 5.7629172413e-24, 4.54284879364e-24, 6.7040965377e-24, 5.08747639045e-24, 6.28314418702e-24, 5.75888537321e-24, 7.10513764469e-24, 6.37383518656e-24, 5.83342878445e-24, 6.34448522215e-24],
        "var": [1.16434675874e-05, 2.57377760136e-05, 1.15328330139e-05, 7.80105892773e-06, 5.31648879587e-07, 4.84238569243e-07, 5.45693751519e-07, 5.26509438714e-07, 5.62475690913e-07, 1.67376697391e-07, 3.36786371236e-07, 1.08467858695e-07, 2.80501613048e-08, 3.36712560056e-08, 2.83251146982e-08, 6.60621708448e-08, 8.51811243763e-09, 1.65210618519e-08, 5.42301004103e-09, 1.75646186484e-09, 5.12016873344e-10, 5.48439405001e-10, 1.89904342252e-10, 7.00354566008e-11, 1.3639017693e-10, 3.72824132677e-10, 1.68033850723e-10, 1.60361751655e-10, 7.97412358367e-10, 1.80420256513e-09, 2.39794017975e-10, 4.6592996128e-10, 4.91993001894e-10, 1.54585927392e-10, 8.2678294766e-11, 3.24236054672e-11, 9.3174643348e-12, 1.57662988567e-12, 6.69980401453e-13, 3.4489593256e-13]
    },
    "mfcc": {
        "mean": [-744.955200195, 160.577087402, 15.5357170105, 20.5556964874, 2.03759098053, 1.48265337944, -5.21225214005, -0.64626532793, -6.1831073761, 3.88250398636, -0.351646900177, 1.90393972397, 0.0133729455993],
        "cov": [[13431.2558594, 2470.81469727, -1844.13867188, 75.2161331177, -396.786499023, 48.5088348389, -299.603607178, 115.810897827, -78.9783706665, 190.523956299, -116.716415405, -52.0280456543, -52.9156112671], [2470.81469727, 2275.83666992, -78.9759902954, -229.372573853, 17.6706428528, -92.9041061401, 83.5634689331, 54.7242050171, -14.9237222672, 49.9864807129, 48.8592643738, 8.94733047485, -22.481754303], [-1844.13867188, -78.9759902954, 1570.73059082, 234.18397522, 59.9198989868, 115.946670532, 27.125421524, -41.9593086243, -90.2892456055, -104.795303345, 80.1906280518, 46.8983383179, 5.46117353439], [75.2161331177, -229.372573853, 234.18397522, 512.738830566, 161.127243042, 48.0037536621, -9.40520763397, -23.4914894104, 14.3620958328, 16.6099262238, -30.134979248, -7.97288608551, 1.42541217804], [-396.786499023, 17.6706428528, 59.9198989868, 161.127243042, 301.245635986, 87.1275787354, 57.7365837097, 1.44151771069, 36.3513336182, 27.7162876129, -15.6456670761, -24.4215106964, -29.8763446808], [48.5088348389, -92.9041061401, 115.946670532, 48.0037536621, 87.1275787354, 246.680801392, 58.1052856445, 15.9646511078, 6.60738182068, -21.5606994629, 11.2125282288, 1.99252295494, -13.8956832886], [-299.603607178, 83.5634689331, 27.125421524, -9.40520763397, 57.7365837097, 58.1052856445, 216.224578857, 83.4727172852, 28.5372829437, 2.84240651131, -16.5544567108, -23.5014820099, -33.2029304504], [115.810897827, 54.7242050171, -41.9593086243, -23.4914894104, 1.44151771069, 15.9646511078, 83.4727172852, 145.466705322, 73.7872238159, 9.51877212524, -10.3065099716, -26.6136875153, -22.7556247711], [-78.9783706665, -14.9237222672, -90.2892456055, 14.3620958328, 36.3513336182, 6.60738182068, 28.5372829437, 73.7872238159, 144.112976074, 56.4442558289, -9.17907238007, -24.9709720612, -32.9570465088], [190.523956299, 49.9864807129, -104.795303345, 16.6099262238, 27.7162876129, -21.5606994629, 2.84240651131, 9.51877212524, 56.4442558289, 128.313491821, 45.6102104187, -1.04023981094, -20.466835022], [-116.716415405, 48.8592643738, 80.1906280518, -30.134979248, -15.6456670761, 11.2125282288, -16.5544567108, -10.3065099716, -9.17907238007, 45.6102104187, 123.914756775, 61.2283782959, 4.90906667709], [-52.0280456543, 8.94733047485, 46.8983383179, -7.97288608551, -24.4215106964, 1.99252295494, -23.5014820099, -26.6136875153, -24.9709720612, -1.04023981094, 61.2283782959, 113.213356018, 56.2476730347], [-52.9156112671, -22.481754303, 5.46117353439, 1.42541217804, -29.8763446808, -13.8956832886, -33.2029304504, -22.7556247711, -32.9570465088, -20.466835022, 4.90906667709, 56.2476730347, 119.335121155]],
