{
"lowlevel": {
    "average_loudness": 0.924854457378,
    "barkbands_crest": {
        "dmean": 2.82163071632,
        "dmean2": 4.44110488892,
        "dvar": 7.39752292633,
        "dvar2": 18.778093338,
        "max": 25.2866821289,
        "mean": 9.85971355438,
        "median": 8.88769340515,
        "min": 2.25782823563,
        "var": 21.7308330536
    },
    "barkbands_flatness_db": {
        "dmean": 0.0254363976419,
        "dmean2": 0.0381783656776,
        "dvar": 0.000810604775324,
        "dvar2": 0.00168122386094,
        "max": 0.478283524513,
        "mean": 0.131303951144,
        "median": 0.105356618762,
        "min": 0.0210661385208,
        "var": 0.00752633763477
    },
    "barkbands_kurtosis": {
        "dmean": 4.59435415268,
        "dmean2": 7.24124574661,
        "dvar": 123.41280365,
        "dvar2": 282.810424805,
        "max": 350.974884033,
        "mean": 6.14797973633,
        "median": 0.95810854435,
        "min": -1.94792997837,
        "var": 256.512390137
    },
    "barkbands_skewness": {
        "dmean": 0.718251228333,
        "dmean2": 1.09722614288,
        "dvar": 0.788574457169,
        "dvar2": 1.83553814888,
        "max": 17.3835353851,
        "mean": 1.45011389256,
        "median": 1.11687409878,
        "min": -3.28887081146,
        "var": 2.58669042587
    },
    "barkbands_spread": {
        "dmean": 7.15950012207,
        "dmean2": 10.9882211685,
        "dvar": 71.1228179932,
        "dvar2": 159.41897583,
        "max": 131.775848389,
        "mean": 26.3284664154,
        "median": 25.422164917,
        "min": 0.588035404682,
        "var": 260.025146484
    },
    "dissonance": {
        "dmean": 0.0155984023586,
        "dmean2": 0.0264866352081,
        "dvar": 0.000328237452777,
        "dvar2": 0.000873749901075,
        "max": 0.500000298023,
        "mean": 0.473016083241,
        "median": 0.478798359632,
        "min": 0.244098708034,
        "var": 0.000532034144271
    },
    "dynamic_complexity": 4.23741579056,
    "erbbands_crest": {
        "dmean": 2.29374432564,
        "dmean2": 3.71408247948,
        "dvar": 5.57984542847,
        "dvar2": 13.9087572098,
        "max": 27.6375789642,
        "mean": 7.87622594833,
        "median": 6.98801183701,
        "min": 2.28740859032,
        "var": 14.587348938
    },
    "erbbands_flatness_db": {
        "dmean": 0.0214886832982,
        "dmean2": 0.0295191295445,
        "dvar": 0.000567660841625,
        "dvar2": 0.00109143962618,
        "max": 0.387525618076,
        "mean": 0.144839063287,
        "median": 0.136300623417,
        "min": 0.0214722361416,
        "var": 0.00336438673548
    },
    "erbbands_kurtosis": {
        "dmean": 1.86080276966,
        "dmean2": 2.92996287346,
        "dvar": 25.2647171021,
        "dvar2": 57.9147186279,
        "max": 92.4823532104,
        "mean": 2.18669557571,
        "median": -0.285754442215,
        "min": -1.85214483738,
        "var": 74.1877288818
    },
    "erbbands_skewness": {
        "dmean": 0.433454602957,
        "dmean2": 0.659087538719,
        "dvar": 0.270913243294,
        "dvar2": 0.594441831112,
        "max": 6.96083402634,
        "mean": 0.255208879709,
        "median": 0.019569221884,
        "min": -3.14843082428,
        "var": 1.47699177265
    },
    "erbbands_spread": {
        "dmean": 10.815527916,
        "dmean2": 16.1063461304,
        "dvar": 176.351287842,
        "dvar2": 372.491851807,
        "max": 183.21282959,
        "mean": 42.3064460754,
        "median": 39.2372894287,
        "min": 1.63543367386,
        "var": 562.95324707
    },
    "hfc": {
        "dmean": 7.24295473099,
        "dmean2": 9.85921001434,
        "dvar": 119.764823914,
        "dvar2": 226.282119751,
        "max": 148.846435547,
        "mean": 21.1856422424,
        "median": 14.0828237534,
        "min": 1.03908734483e-16,
        "var": 454.377929688
    },
    "melbands_crest": {
        "dmean": 3.49262332916,
        "dmean2": 5.38964557648,
        "dvar": 11.7394208908,
        "dvar2": 27.8108253479,
        "max": 37.2716369629,
        "mean": 13.5409183502,
        "median": 12.032087326,
        "min": 1.59526634216,
        "var": 40.360206604
    },
    "melbands_flatness_db": {
        "dmean": 0.0330692827702,
        "dmean2": 0.0492628104985,
        "dvar": 0.00133607839234,
        "dvar2": 0.00279218051583,
        "max": 0.636110901833,
        "mean": 0.198570087552,
        "median": 0.166646257043,
        "min": 0.00244638044387,
        "var": 0.0133618060499
    },
    "melbands_kurtosis": {
        "dmean": 12.9176931381,
        "dmean2": 19.8902645111,
        "dvar": 982.473571777,
        "dvar2": 2018.07043457,
        "max": 915.863586426,
        "mean": 19.1947746277,
        "median": 6.59147691727,
        "min": -1.72095143795,
        "var": 1999.9206543
    },
    "melbands_skewness": {
        "dmean": 1.03007984161,
        "dmean2": 1.54410290718,
        "dvar": 1.70376896858,
        "dvar2": 3.73994779587,
        "max": 26.2972888947,
        "mean": 2.77544903755,
        "median": 2.23339939117,
        "min": -1.48529088497,
        "var": 5.55843687057
    },
    "melbands_spread": {
        "dmean": 9.2385597229,
        "dmean2": 14.5359306335,
        "dvar": 132.282211304,
        "dvar2": 306.443115234,
        "max": 219.318313599,
        "mean": 28.847612381,
        "median": 25.3627357483,
        "min": 0.468284666538,
        "var": 529.739501953
    },
    "pitch_salience": {
        "dmean": 0.0809081792831,
        "dmean2": 0.12817376852,
        "dvar": 0.00606329087168,
        "dvar2": 0.0145591730252,
        "max": 0.877727031708,
        "mean": 0.576131463051,
        "median": 0.597985029221,
        "min": 0.0578201748431,
        "var": 0.0172502733767
    },
    "silence_rate_20dB": {
        "dmean": 0,
        "dmean2": 0,
        "dvar": 0,
        "dvar2": 0,
        "max": 1,
        "mean": 1,
        "median": 1,
        "min": 1,
        "var": 0
    },
    "silence_rate_30dB": {
        "dmean": 0.00435967324302,
        "dmean2": 0.00872029643506,
        "dvar": 0.00434072688222,
        "dvar2": 0.0119145791978,
        "max": 1,
        "mean": 0.997275471687,
        "median": 1,
        "min": 0,
        "var": 0.00271720858291
    },
    "silence_rate_60dB": {
        "dmean": 0.0420708432794,
        "dmean2": 0.0841508582234,
        "dvar": 0.0403010584414,
        "dvar2": 0.0886233001947,
        "max": 1,
        "mean": 0.110614649951,
        "median": 0,
        "min": 0,
        "var": 0.098373927176
    },
    "spectral_centroid": {
        "dmean": 309.272125244,
        "dmean2": 474.388427734,
        "dvar": 128953.757812,
        "dvar2": 290212.25,
        "max": 11802.3359375,
        "mean": 1688.52880859,
        "median": 1691.43554688,
        "min": 148.312805176,
        "var": 1478342.875
    },
    "spectral_complexity": {
        "dmean": 3.94768381119,
        "dmean2": 5.76913022995,
        "dvar": 25.302690506,
        "dvar2": 42.4135246277,
        "max": 62,
        "mean": 18.7166519165,
        "median": 18,
        "min": 0,
        "var": 152.47819519
    },
    "spectral_decrease": {
        "dmean": 2.22491447488e-09,
        "dmean2": 3.4550731165e-09,
        "dvar": 1.60220517138e-17,
        "dvar2": 3.87061465979e-17,
        "max": 2.64719924753e-15,
        "mean": -5.62069724097e-09,
        "median": -4.09489864239e-09,
        "min": -4.11865102024e-08,
        "var": 3.23854312355e-17
    },
    "spectral_energy": {
        "dmean": 0.00882778130472,
        "dmean2": 0.0135958287865,
        "dvar": 0.000241621528403,
        "dvar2": 0.000572809367441,
        "max": 0.159618377686,
        "mean": 0.0231354944408,
        "median": 0.017105627805,
        "min": 9.99779117504e-21,
        "var": 0.000516510859597
    },
    "spectral_energyband_high": {
        "dmean": 0.000565422407817,
        "dmean2": 0.000782291754149,
        "dvar": 1.10172163659e-06,
        "dvar2": 2.04236334866e-06,
        "max": 0.0139572434127,
        "mean": 0.00103973655496,
        "median": 0.000430377898738,
        "min": 7.11236467081e-21,
        "var": 2.50386165135e-06
    },
    "spectral_energyband_low": {
        "dmean": 0.00582846067846,
        "dmean2": 0.00942140165716,
        "dvar": 0.000177189649548,
        "dvar2": 0.000428161525633,
        "max": 0.140467658639,
        "mean": 0.00930065102875,
        "median": 0.00300988717936,
        "min": 6.97927173182e-24,
        "var": 0.000296436803183
    },
    "spectral_energyband_middle_high": {
        "dmean": 0.00202686456032,
        "dmean2": 0.00298271444626,
        "dvar": 9.64776154433e-06,
        "dvar2": 2.12654176721e-05,
        "max": 0.0515764541924,
        "mean": 0.00576713401824,
        "median": 0.00291969394311,
        "min": 1.21726160168e-21,
        "var": 5.05921670992e-05
    },
    "spectral_energyband_middle_low": {
        "dmean": 0.00385772832669,
        "dmean2": 0.00630188314244,
        "dvar": 6.22598527116e-05,
        "dvar2": 0.000166386249475,
        "max": 0.0872650742531,
        "mean": 0.00776839721948,
        "median": 0.00564291700721,
        "min": 1.44838194347e-22,
        "var": 6.96663119015e-05
    },
    "spectral_entropy": {
        "dmean": 0.213233962655,
        "dmean2": 0.286116302013,
        "dvar": 0.0753346681595,
        "dvar2": 0.143071010709,
        "max": 9.82649612427,
        "mean": 7.55041694641,
        "median": 7.69883918762,
        "min": 4.54676628113,
        "var": 0.616928577423
    },
    "spectral_flux": {
        "dmean": 0.0267033725977,
        "dmean2": 0.0402834042907,
        "dvar": 0.00134588463698,
        "dvar2": 0.00238855672069,
        "max": 0.369556486607,
        "mean": 0.0774421319366,
        "median": 0.0660404115915,
        "min": 6.46848200003e-11,
        "var": 0.00340484105982
    },
    "spectral_kurtosis": {
        "dmean": 2.38661694527,
        "dmean2": 3.81445193291,
        "dvar": 40.3438224792,
        "dvar2": 105.918235779,
        "max": 101.48563385,
        "mean": 5.84661149979,
        "median": 3.4975233078,
        "min": -1.34048783779,
        "var": 107.780158997
    },
    "spectral_rms": {
        "dmean": 0.000810401630588,
        "dmean2": 0.00119051418733,
        "dvar": 1.21393509289e-06,
        "dvar2": 2.51562778431e-06,
        "max": 0.0124789923429,
        "mean": 0.00420574704185,
        "median": 0.00408514542505,
        "min": 3.12313022666e-12,
        "var": 4.88285922984e-06
    },
    "spectral_rolloff": {
        "dmean": 670.57635498,
        "dmean2": 1114.25146484,
        "dvar": 1267254.125,
        "dvar2": 2800709.75,
        "max": 21554.7363281,
        "mean": 2017.35131836,
        "median": 1507.32421875,
        "min": 64.599609375,
        "var": 7319545.5
    },
    "spectral_skewness": {
        "dmean": 0.295410066843,
        "dmean2": 0.455826580524,
        "dvar": 0.31879016757,
        "dvar2": 0.789585590363,
        "max": 8.96486091614,
        "mean": 1.62579143047,
        "median": 1.37818944454,
        "min": -0.0716540813446,
        "var": 1.2408657074
    },
    "spectral_spread": {
        "dmean": 781151.9375,
        "dmean2": 1071263.625,
        "dvar": 1.12673148109e+12,
        "dvar2": 2.37499685274e+12,
        "max": 42548168,
        "mean": 5276897,
        "median": 4465749.5,
        "min": 915427,
        "var": 1.73155580641e+13
    },
    "spectral_strongpeak": {
        "dmean": 0.53394806385,
        "dmean2": 0.904457747936,
        "dvar": 1.10119068623,
        "dvar2": 2.65801405907,
        "max": 13.0177850723,
        "mean": 0.864908158779,
        "median": 0.331938952208,
        "min": 0,
        "var": 2.01432323456
    },
    "zerocrossingrate": {
        "dmean": 0.012846134603,
        "dmean2": 0.0147654246539,
        "dvar": 0.000255225400906,
        "dvar2": 0.000301603518892,
        "max": 0.77001953125,
        "mean": 0.0753462761641,
        "median": 0.06689453125,
        "min": 0.00244140625,
        "var": 0.00490303011611
    },
    "barkbands": {
        "dmean": [0.000140604621265, 0.00435601267964, 0.0020880678203, 0.00105154118501, 0.00175004382618, 0.000720889365766, 0.000454566819826, 0.000542086898349, 0.000562790490221, 0.00045473643695, 0.000438692833995, 0.000450697029009, 0.000441913696704, 0.000292383279884, 0.000278601422906, 0.000348429603036, 0.000248734781053, 0.000323952524923, 0.00024920431315, 0.000173415974132, 0.000123937410535, 0.000158421098604, 9.88476749626e-05, 0.000105729093775, 6.01575338806e-05, 3.76833377231e-05, 7.66910670791e-06],
        "dmean2": [0.000170124549186, 0.00665755569935, 0.00364822195843, 0.00189073616639, 0.00290249008685, 0.00113195227459, 0.000741777883377, 0.000832547259051, 0.000891036936082, 0.000706427439582, 0.000709749059752, 0.000736789952498, 0.000705250480678, 0.000475466891658, 0.000441622250946, 0.00054715218721, 0.000376784882974, 0.000507827207912, 0.000390716217225, 0.000275049475022, 0.00019061427156, 0.000237694286625, 0.00014184700558, 0.000145006502862, 8.2292011939e-05, 5.33183010702e-05, 1.09377424451e-05],
        "dvar": [1.20349753274e-07, 9.29573216126e-05, 4.53624670627e-05, 1.18116804515e-05, 1.6238711396e-05, 2.44997249865e-06, 1.62075320986e-06, 2.21216191676e-06, 2.1586351977e-06, 1.28783153741e-06, 1.32963464239e-06, 1.59872627137e-06, 1.26978591197e-06, 5.37521941624e-07, 5.5799449683e-07, 8.14743600586e-07, 4.04687853006e-07, 3.78477579943e-07, 2.19470649654e-07, 9.12085269533e-08, 6.24066274213e-08, 1.12025496435e-07, 4.42258567546e-08, 5.09141919736e-08, 2.96451592163e-08, 1.87421669295e-08, 2.46985432106e-10],
        "dvar2": [1.68650913679e-07, 0.000194848616957, 0.00012738656369, 3.44281543221e-05, 4.35310794273e-05, 5.26378562427e-06, 4.24832069257e-06, 5.10203108206e-06, 5.49701690034e-06, 3.03995830109e-06, 3.63440085493e-06, 4.34971389041e-06, 3.36735229212e-06, 1.36080336688e-06, 1.31105002765e-06, 1.84939381143e-06, 8.9658374236e-07, 8.48010756727e-07, 4.87364445689e-07, 2.2682760914e-07, 1.49190128695e-07, 2.51775702509e-07, 9.32077881544e-08, 9.13214677212e-08, 5.66432163396e-08, 4.22073860307e-08, 4.95121554867e-10],
        "max": [0.00500464858487, 0.120423667133, 0.0813781842589, 0.0408909805119, 0.0570043697953, 0.0365171283484, 0.0263414308429, 0.0403762571514, 0.0342907942832, 0.0277020521462, 0.0263771824539, 0.0318904258311, 0.0310727953911, 0.0175639912486, 0.0226935781538, 0.0213687308133, 0.019625172019, 0.0167073570192, 0.0111608719453, 0.00559627637267, 0.00465995259583, 0.00507657742128, 0.00360547960736, 0.00448000105098, 0.00647994084284, 0.00588175840676, 0.000423145102104],
        "mean": [0.000231762503972, 0.00626051193103, 0.00215562363155, 0.00127901183441, 0.0027870638296, 0.00121800182387, 0.000562342873309, 0.000934699783102, 0.00086445058696, 0.000719537143596, 0.000612929812633, 0.000663354119752, 0.000670452544, 0.000436435599113, 0.000414536101744, 0.000577105674893, 0.000456757989014, 0.000584334891755, 0.000483157782583, 0.000329599424731, 0.000196140288608, 0.000216305197682, 0.000165255594766, 0.000167617254192, 8.79868093762e-05, 5.14950879733e-05, 8.96654273674e-06],
        "median": [1.6888785467e-05, 0.000895834353287, 0.000961817218922, 0.000781786453445, 0.00190874584951, 0.000556918501388, 0.000189734084415, 0.000158464201377, 0.0002280773042, 0.000159998118761, 0.000118678646686, 0.000143869285239, 0.000166144280229, 0.000116930576041, 0.000108590509626, 0.000178211354068, 0.000113823953143, 0.000255250604823, 0.000245312141487, 0.00014025082055, 7.66120210756e-05, 6.28878042335e-05, 5.77742102905e-05, 4.4841930503e-05, 2.00387621589e-05, 7.36331094231e-06, 1.01372961581e-06],
        "min": [5.22680007315e-25, 2.25172555394e-24, 1.26933784018e-24, 5.67168902749e-25, 5.88561232776e-24, 3.91111438681e-24, 8.36428507831e-24, 7.41489492318e-24, 1.11443942025e-23, 1.53510628216e-23, 1.69216123087e-23, 1.56271751825e-23, 2.54518003574e-23, 2.28374585196e-23, 5.8112845911e-23, 4.84399628643e-23, 5.65206406143e-23, 1.00379685047e-22, 1.35312414927e-22, 1.58621588602e-22, 2.36978713177e-22, 3.18467994199e-22, 3.65155811796e-22, 6.81137341665e-22, 8.22285181589e-22, 1.42272177497e-21, 1.89940096077e-21],
        "var": [2.9091182796e-07, 0.000186752804439, 2.91449723591e-05, 6.92778621669e-06, 1.48024428199e-05, 5.27844713361e-06, 1.59448325121e-06, 8.02079375717e-06, 3.98410293201e-06, 3.35612185154e-06, 2.13252360481e-06, 2.65265884991e-06, 2.30860086958e-06, 9.44361715938e-07, 8.98986399989e-07, 1.69844338416e-06, 1.2274265373e-06, 9.14055476642e-07, 5.04604940943e-07, 2.31068582934e-07, 9.93096875845e-08, 1.69767147895e-07, 8.18945693482e-08, 1.03054027534e-07, 5.54530856789e-08, 4.10037763743e-08, 3.96726845819e-10]
    },
    "erbbands": {
        "dmean": [0.163045078516, 0.935879826546, 2.25382328033, 2.9752907753, 5.14903736115, 5.80646419525, 5.43186044693, 6.60267353058, 6.89238500595, 7.63652229309, 11.398692131, 13.8907403946, 13.0912876129, 12.2938346863, 20.1316051483, 14.0584115982, 18.715265274, 13.3529062271, 16.3934555054, 13.9460725784, 16.9067878723, 15.2103595734, 17.4395542145, 13.9706268311, 10.4790716171, 7.67417764664, 5.64097452164, 5.27534484863, 5.3978061676, 3.52184534073, 2.91161561012, 2.26571655273, 1.68020772934, 0.782107532024, 0.40794184804, 0.202082037926, 0.0621081516147, 0.0121122850105, 0.00129188282881, 6.09528397035e-05],
        "dmean2": [0.221224308014, 1.56628191471, 3.96699023247, 5.23250865936, 8.82814311981, 9.70241737366, 8.58501815796, 10.2711277008, 11.2849931717, 12.2808837891, 17.0877380371, 21.9571800232, 20.4566421509, 19.2417602539, 32.7376403809, 22.6494789124, 29.9713859558, 20.9342670441, 25.6526374817, 21.5421962738, 26.4465007782, 22.8453178406, 27.3015918732, 21.7977600098, 16.527765274, 12.1856069565, 8.87237071991, 7.9980301857, 8.10255908966, 5.14460039139, 4.2160487175, 3.16205739975, 2.31897497177, 1.08296108246, 0.566249549389, 0.286437749863, 0.0879150554538, 0.0169135257602, 0.00184169004206, 8.60681029735e-05],
        "dvar": [0.133743196726, 4.90657949448, 55.318687439, 89.7544174194, 191.86416626, 188.601516724, 123.14200592, 218.027450562, 341.491210938, 505.930236816, 984.930664062, 1415.87438965, 834.551147461, 1134.49194336, 2957.32275391, 1399.26013184, 2308.95678711, 1082.33618164, 1717.42578125, 1216.05847168, 1987.48205566, 1491.44177246, 1192.95837402, 687.688720703, 346.700256348, 175.401367188, 125.71736908, 121.67514801, 135.929718018, 58.5102043152, 38.1237030029, 25.0629196167, 12.9128704071, 3.7243719101, 2.2106051445, 0.938324272633, 0.050973188132, 0.000727640814148, 6.43651355858e-06, 1.46188003924e-08],
        "dvar2": [0.205488741398, 12.592959404, 155.629501343, 257.906951904, 531.708435059, 511.587921143, 269.746887207, 472.628570557, 894.49822998, 1260.00219727, 2074.28808594, 3651.22875977, 1958.69348145, 3003.82495117, 8142.24121094, 3711.06396484, 6258.68212891, 2574.30102539, 3968.07714844, 2791.55493164, 4862.00634766, 3254.13330078, 2607.76464844, 1542.55432129, 806.89465332, 435.893127441, 318.368255615, 275.157165527, 301.814239502, 125.91003418, 81.008644104, 46.8743934631, 23.9797821045, 7.70321512222, 4.48947715759, 2.22310090065, 0.123842090368, 0.00148103304673, 1.30005719257e-05, 2.85660917143e-08],
        "max": [4.97038698196, 22.2965621948, 78.2071380615, 111.527526855, 178.716125488, 211.651229858, 283.994415283, 369.438201904, 366.188079834, 465.563598633, 1007.98699951, 832.375488281, 768.281555176, 1172.53613281, 1185.60778809, 1170.79943848, 1105.03210449, 839.428283691, 1121.5546875, 912.603759766, 1460.73339844, 1073.13793945, 1111.60083008, 693.949157715, 540.698608398, 200.413970947, 277.179290771, 181.280212402, 185.514221191, 122.565177917, 104.723571777, 85.4236526489, 73.6911087036, 60.9554443359, 63.3571128845, 48.0914077759, 9.41641044617, 1.26130783558, 0.0487986952066, 0.00170500506647],
        "mean": [0.245251581073, 1.16509079933, 2.28352618217, 3.75420117378, 7.13475751877, 8.83568668365, 9.40890693665, 11.1240606308, 9.2675743103, 11.1372203827, 19.7926292419, 21.9536476135, 21.4500637054, 20.2630767822, 30.8810997009, 22.5457572937, 29.3216171265, 22.2721366882, 26.2171821594, 24.2836551666, 29.6392021179, 30.1098041534, 32.1144523621, 27.7396621704, 21.609703064, 14.9879274368, 9.48671722412, 7.77156448364, 7.49299192429, 5.5380859375, 4.77651071548, 3.63006973267, 2.61698126793, 1.17545604706, 0.561155438423, 0.276103079319, 0.081505201757, 0.0148724867031, 0.00152538926341, 9.17357465369e-05],
        "median": [0.0238507650793, 0.210214570165, 0.882708668709, 2.40464234352, 4.84203386307, 5.74752426147, 5.59761142731, 4.81555080414, 3.48357200623, 2.95716309547, 4.30734920502, 6.11202907562, 6.33845949173, 5.74659824371, 7.06100463867, 5.7159948349, 7.63064336777, 6.79565906525, 7.84442615509, 8.08030509949, 9.85769844055, 9.11548423767, 13.8140201569, 13.4045143127, 11.4541778564, 6.85875606537, 4.17507791519, 2.7027015686, 2.30313110352, 1.67351078987, 1.64178621769, 1.02002549171, 0.687013328075, 0.310313165188, 0.0948939919472, 0.037170574069, 0.0119064645842, 0.00209522573277, 0.000192249615793, 3.42909188475e-05],
        "min": [7.78549798992e-23, 5.57397806519e-22, 2.28483562228e-21, 4.28483757829e-21, 1.19438757377e-20, 2.11317149214e-20, 4.35013379413e-20, 3.75858074894e-20, 9.98839782833e-20, 1.79133716467e-19, 3.11380819561e-19, 3.19392451534e-19, 6.09722377536e-19, 7.38568579241e-19, 7.61158830071e-19, 9.82005248575e-19, 1.52270498746e-18, 1.62368357773e-18, 2.41054223735e-18, 3.30558619492e-18, 3.72220894532e-18, 4.5874547553e-18, 5.37933915753e-18, 5.43366010835e-18, 7.98012735229e-18, 7.51701870583e-18, 7.07835903673e-18, 9.3653570933e-18, 1.07877131817e-17, 9.36642250193e-18, 9.59765587908e-18, 1.00130039442e-17, 1.01194074951e-17, 8.3415018824e-18, 5.87123493008e-18, 4.25270923706e-18, 2.2928551157e-18, 1.00556097428e-18, 2.49046866743e-19, 2.68878612402e-20],
        "var": [0.322728931904, 6.65844726562, 36.2749023438, 54.6590385437, 136.06048584, 170.680038452, 235.160797119, 468.478424072, 359.908050537, 792.813781738, 3261.95532227, 2661.14477539, 2224.49194336, 2105.65161133, 5361.75048828, 2509.78466797, 4506.06982422, 2057.14208984, 3101.60473633, 2476.01928711, 3582.70898438, 4731.58544922, 2981.22460938, 1747.2355957, 872.831848145, 442.455657959, 201.248352051, 190.876251221, 209.684768677, 102.987884521, 68.4155807495, 48.7364349365, 25.1977958679, 6.25103855133, 3.93122386932, 1.77181959152, 0.0887699946761, 0.00135868333746, 1.01654777609e-05, 2.4864393211e-08]
    },
    "gfcc": {
        "mean": [-33.7804679871, 77.5148773193, -98.7145843506, 37.9423599243, -51.931438446, 10.2085485458, -33.7451896667, 7.38245391846, -25.3946495056, -2.40392327309, -13.1704244614, 1.8522721529, -9.98589324951],
        "cov": [[29632.2480469, -666.77557373, -4933.1640625, 835.266540527, -676.093322754, 845.248046875, -874.536254883, 666.895690918, -381.372192383, 122.285125732, -166.746353149, 24.6285247803, -356.719909668], [-666.77557373, 1410.24450684, 429.798339844, 35.9608421326, -22.7470588684, -253.93182373, 31.0463218689, -162.133071899, -69.9130020142, -112.394378662, 5.35237932205, -68.5038452148, 28.285610199], [-4933.1640625, 429.798339844, 2673.08862305, 108.922218323, -55.8811378479, -147.246902466, 133.723358154, -271.608703613, -25.1696739197, -40.3486328125, -135.2240448, 54.9234313965, 54.9160423279], [835.266540527, 35.9608421326, 108.922218323, 356.419281006, 45.4529533386, 13.6087589264, -33.4722175598, 12.5393810272, 11.0316314697, 0.978528618813, -26.8304595947, 14.3886575699, 16.3827152252], [-676.093322754, -22.7470588684, -55.8811378479, 45.4529533386, 306.977111816, 45.5296287537, 35.610584259, 44.3980484009, 47.6599388123, 6.23372936249, 32.5474853516, 7.92133235931, 25.029504776], [845.248046875, -253.93182373, -147.246902466, 13.6087589264, 45.5296287537, 261.854949951, 58.6420021057, 80.2752609253, 3.6455373764, 37.7053184509, 9.84564971924, 23.8654613495, -2.41000008583], [-874.536254883, 31.0463218689, 133.723358154, -33.4722175598, 35.610584259, 58.6420021057, 210.23588562, 14.7712240219, 18.004234314, 18.6044368744, 29.5272827148, 8.02956867218, 11.3149394989], [666.895690918, -162.133071899, -271.608703613, 12.5393810272, 44.3980484009, 80.2752609253, 14.7712240219, 192.308227539, 68.93724823, 40.0201301575, 28.3899421692, 10.4664487839, 11.7260456085], [-381.372192383, -69.9130020142, -25.1696739197, 11.0316314697, 47.6599388123, 3.6455373764, 18.004234314, 68.93724823, 134.67350769, 41.9550247192, 15.4217557907, 5.09016704559, 17.1017551422], [122.285125732, -112.394378662, -40.3486328125, 0.978528618813, 6.23372936249, 37.7053184509, 18.6044368744, 40.0201301575, 41.9550247192, 99.5340042114, 34.9398727417, 17.0352954865, -2.56042408943], [-166.746353149, 5.35237932205, -135.2240448, -26.8304595947, 32.5474853516, 9.84564971924, 29.5272827148, 28.3899421692, 15.4217557907, 34.9398727417, 109.184829712, 19.9774875641, 3.78633093834], [24.6285247803, -68.5038452148, 54.9234313965, 14.3886575699, 7.92133235931, 23.8654613495, 8.02956867218, 10.4664487839, 5.09016704559, 17.0352954865, 19.9774875641, 75.5467605591, 28.2309551239], [-356.719909668, 28.285610199, 54.9160423279, 16.3827152252, 25.029504776, -2.41000008583, 11.3149394989, 11.7260456085, 17.1017551422, -2.56042408943, 3.78633093834, 28.2309551239, 74.2631759644]],
        "icov": [[0.000124880767544, -0.000142074146424, 0.00022383731266, -0.000308682880132, 0.000286483409582, -0.000377508578822, 0.000349331705365, -0.000291399453999, 0.000339254882419, -0.000245348055614, 0.000424234196544, -0.000448655278888, 0.000502867042087], [-0.000142074146424, 0.00124078372028, -0.000358974095434, 0.000113387221063, -0.000306334288325, 0.00123090215493, -0.000768973783124, 0.000617073790636, -5.14056082466e-05, 0.00102490221616, -0.00124030990992, 0.00162050384097, -0.0012572996784], [0.00022383731266, -0.000358974095434, 0.000959548633546, -0.00069335848093, 0.000537660787813, -0.00050296477275, 0.000117873809359, 0.000204059193493, 0.000370485940948, -0.000669267377816, 0.00158457655925, -0.00148844649084, 0.000784243398812], [-0.000308682880132, 0.000113387221063, -0.00069335848093, 0.00391582585871, -0.001253114664, 0.00057510798797, -7.82209972385e-05, 0.000337624864187, -0.000895092729479, 0.000225906784181, -9.5392264484e-05, 0.000440485659055, -0.00142610492185], [0.000286483409582, -0.000306334288325, 0.000537660787813, -0.001253114664, 0.00452697323635, -0.00152819429059, 0.000464434066089, -0.000696064846125, -0.000516344152857, 0.000446470861789, -0.000327715970343, -0.000515630177688, 0.000182455391041], [-0.000377508578822, 0.00123090215493, -0.00050296477275, 0.00057510798797, -0.00152819429059, 0.00716915586963, -0.00297625525855, -0.000983130419627, 0.000954620540142, -0.000412265304476, -0.000276283361018, 0.000328263908159, -0.00102544773836], [0.000349331705365, -0.000768973783124, 0.000117873809359, -7.82209972385e-05, 0.000464434066089, -0.00297625525855, 0.00715956790373, -0.000972796755377, 0.000339057354722, -0.000929862493649, -0.0005233802367, -0.000612827541772, 0.000860123545863], [-0.000291399453999, 0.000617073790636, 0.000204059193493, 0.000337624864187, -0.000696064846125, -0.000983130419627, -0.000972796755377, 0.00957983080298, -0.00459836656228, 0.000117051720736, -0.00159363856073, 0.00117505283561, -0.0023243308533], [0.000339254882419, -5.14056082466e-05, 0.000370485940948, -0.000895092729479, -0.000516344152857, 0.000954620540142, 0.000339057354722, -0.00459836656228, 0.0123144956306, -0.00468381121755, 0.00169035803992, 0.000131633976707, -0.000681472127326], [-0.000245348055614, 0.00102490221616, -0.000669267377816, 0.000225906784181, 0.000446470861789, -0.000412265304476, -0.000929862493649, 0.000117051720736, -0.00468381121755, 0.0154237542301, -0.00529064331204, -0.000480029470054, 0.000898141821381], [0.000424234196544, -0.00124030990992, 0.00158457655925, -9.5392264484e-05, -0.000327715970343, -0.000276283361018, -0.0005233802367, -0.00159363856073, 0.00169035803992, -0.00529064331204, 0.0149201843888, -0.00587103003636, 0.00269182235934], [-0.000448655278888, 0.00162050384097, -0.00148844649084, 0.000440485659055, -0.000515630177688, 0.000328263908159, -0.000612827541772, 0.00117505283561, 0.000131633976707, -0.000480029470054, -0.00587103003636, 0.0208493042737, -0.00934988074005], [0.000502867042087, -0.0012572996784, 0.000784243398812, -0.00142610492185, 0.000182455391041, -0.00102544773836, 0.000860123545863, -0.0023243308533, -0.000681472127326, 0.000898141821381, 0.00269182235934, -0.00934988074005, 0.0198408551514]]
    },
    "melbands": {
        "dmean": [0.00129834306426, 0.00114496354945, 0.000566560949665, 0.000411945133237, 0.000199891452212, 0.000145819751197, 9.94533547782e-05, 9.57781958277e-05, 8.90714509296e-05, 9.04345215531e-05, 6.87824212946e-05, 5.41139343113e-05, 6.01795436523e-05, 5.6349686929e-05, 3.29183094436e-05, 4.78533402202e-05, 2.45767823799e-05, 2.97092028632e-05, 2.10400939977e-05, 2.4463974114e-05, 1.88025060197e-05, 1.72986128746e-05, 1.57090034918e-05, 1.49417819557e-05, 1.21479833979e-05, 9.2269237939e-06, 7.52611049393e-06, 5.08222819917e-06, 3.79120774596e-06, 3.25750420416e-06, 3.45964804183e-06, 3.46364163306e-06, 2.75637489722e-06, 1.78175150722e-06, 1.77158790393e-06, 1.4970362372e-06, 1.4502771819e-06, 1.27187740873e-06, 9.73582132247e-07, 6.02788588822e-07],
        "dmean2": [0.00186306529213, 0.0019791983068, 0.000985786085948, 0.000694849819411, 0.000318008242175, 0.000228006407269, 0.000162831580383, 0.000152498076204, 0.000133075314807, 0.000143655401189, 0.000107555104478, 8.44206588226e-05, 9.67278247117e-05, 9.15429336601e-05, 5.29115677637e-05, 7.68839090597e-05, 3.90202767448e-05, 4.71939820272e-05, 3.33492534992e-05, 3.81326426577e-05, 2.95769950753e-05, 2.59473072219e-05, 2.49753975368e-05, 2.32776692428e-05, 1.90825248865e-05, 1.45878666444e-05, 1.20341892398e-05, 8.13818405732e-06, 6.04019533057e-06, 5.09245001012e-06, 5.36649577043e-06, 5.41623649042e-06, 4.11867176808e-06, 2.64870845967e-06, 2.61754098574e-06, 2.18554646381e-06, 2.05140349863e-06, 1.78400148343e-06, 1.38587108722e-06, 8.58520138536e-07],
        "dvar": [8.06556090538e-06, 1.14138574645e-05, 3.02682110487e-06, 1.09710458673e-06, 1.40128520343e-07, 1.01244836515e-07, 7.21459443298e-08, 7.19841750652e-08, 5.86739048458e-08, 6.06112706691e-08, 2.42262689909e-08, 2.04352339495e-08, 2.37978774464e-08, 2.62693298225e-08, 8.82312800599e-09, 1.70573759561e-08, 4.19999146573e-09, 5.78309933275e-09, 3.36541661206e-09, 4.78130290915e-09, 2.88719137487e-09, 2.19706719484e-09, 1.00795138902e-09, 1.08989106629e-09, 5.76703185207e-10, 3.28521959636e-10, 2.08870115648e-10, 8.05089397926e-11, 5.79688935742e-11, 4.75580547166e-11, 5.42678818549e-11, 6.07101799388e-11, 3.89730608896e-11, 1.56944006402e-11, 1.43941074338e-11, 1.06734222155e-11, 1.08610776622e-11, 8.04598748738e-12, 4.27583402712e-12, 2.91993317546e-12],
        "dvar2": [1.46724687511e-05, 3.20663421007e-05, 8.63757941261e-06, 2.98909844787e-06, 3.21344941767e-07, 2.23423711532e-07, 1.89129679029e-07, 1.75013894932e-07, 1.24187010897e-07, 1.57371388809e-07, 5.68591183026e-08, 5.2602636913e-08, 6.48112035151e-08, 7.15542185503e-08, 2.34559802692e-08, 4.61709426247e-08, 1.02343964414e-08, 1.36721061139e-08, 8.2411810709e-09, 9.89820225783e-09, 7.42860439829e-09, 4.67275151905e-09, 2.43327380467e-09, 2.319751502e-09, 1.31978006301e-09, 7.12647385548e-10, 5.18570630881e-10, 2.04490369082e-10, 1.4724546582e-10, 1.20836354811e-10, 1.25678051299e-10, 1.43671283204e-10, 8.85132939166e-11, 3.49404533084e-11, 3.17410681072e-11, 2.23772077257e-11, 2.09068855977e-11, 1.56434917103e-11, 8.46201407556e-12, 6.55971761285e-12],
        "max": [0.0385395996273, 0.0368020758033, 0.0195580050349, 0.0148876346648, 0.00814228598028, 0.00764456577599, 0.00518978666514, 0.00678702909499, 0.0068206069991, 0.00603902246803, 0.00397372432053, 0.00441727228463, 0.00335295521654, 0.00456728087738, 0.0022454187274, 0.00401181867346, 0.00188890856225, 0.00176672800444, 0.00141685316339, 0.00221367180347, 0.00192079541739, 0.00159439910203, 0.000926799955778, 0.000851498916745, 0.000713980931323, 0.000696576258633, 0.000336932687787, 0.000160848503583, 0.000177880996489, 0.000137335024192, 0.000103232610854, 0.000104026657937, 0.000106572835648, 5.48780044483e-05, 6.88125874149e-05, 7.24919955246e-05, 6.53368260828e-05, 6.07366637269e-05, 4.05776081607e-05, 6.12012809142e-05],
        "mean": [0.00191293016542, 0.00130859250203, 0.000746597361285, 0.00060331588611, 0.000352620030753, 0.000245650648139, 0.000129650521558, 0.000150928593939, 0.000150047140778, 0.000137414797791, 0.000108819520392, 8.56957485666e-05, 8.96264973562e-05, 8.53608144098e-05, 4.8885569413e-05, 7.09642408765e-05, 3.75329982489e-05, 4.47725578852e-05, 3.10806426569e-05, 4.04751735914e-05, 3.00681494991e-05, 3.18864949804e-05, 2.69621432381e-05, 2.67598188657e-05, 2.23090737563e-05, 1.74214692379e-05, 1.37450315378e-05, 9.03307864064e-06, 6.13052043263e-06, 4.83844223709e-06, 4.55318513559e-06, 4.43166527475e-06, 3.81333529731e-06, 2.78241122942e-06, 2.79023879557e-06, 2.40623739955e-06, 2.1891387405e-06, 1.93324581232e-06, 1.43734519042e-06, 8.55303085245e-07],
        "median": [0.000236134801526, 0.000463766395114, 0.000507827673573, 0.000405533995945, 0.000219071895117, 0.000108445849037, 4.73481632071e-05, 3.05539069814e-05, 3.13187556458e-05, 3.40847946063e-05, 2.77155777439e-05, 2.15740328713e-05, 2.02082410397e-05, 1.82220046554e-05, 9.95791651803e-06, 1.72404179466e-05, 1.03687398223e-05, 1.13870373752e-05, 8.29520922707e-06, 1.14417107397e-05, 9.36454671319e-06, 7.34243440093e-06, 1.13861824502e-05, 1.09832672024e-05, 1.00229244708e-05, 8.91337094799e-06, 5.77965056436e-06, 3.75930130758e-06, 2.40314238908e-06, 1.75656759893e-06, 1.36852440846e-06, 1.31911247081e-06, 9.41418193179e-07, 8.64901721798e-07, 8.80782863533e-07, 8.1261731566e-07, 5.53025245154e-07, 4.75369432706e-07, 3.72259222559e-07, 2.07506076322e-07],
        "min": [8.26257546686e-25, 9.9319708031e-25, 9.12103658368e-25, 1.34493171832e-24, 1.08288602928e-24, 8.33922908102e-25, 1.67801482492e-24, 2.12320985729e-24, 3.04039516039e-24, 1.42081974298e-24, 2.8762783683e-24, 2.57550089071e-24, 3.00732137808e-24, 2.2016502414e-24, 2.69811018855e-24, 2.99492620389e-24, 2.33303384187e-24, 2.56846602637e-24, 3.23055757577e-24, 3.39339010231e-24, 4.13774347526e-24, 3.62586622779e-24, 4.47715797948e-24, 3.76176566251e-24, 3.56135515511e-24, 4.21741487681e-24, 5.42762650746e-24, 3.87998830207e-24, 3.10398346302e-24, 4.710422177e-24, 5.18444317292e-24, 5.03256102182e-24, 5.43476490979e-24, 5.12154887067e-24, 5.39626376445e-24, 5.35396701487e-24, 5.60134077854e-24, 5.98859456907e-24, 6.28175263639e-24, 4.93505229191e-24],
        "var": [1.82894928002e-05, 8.9852946985e-06, 1.88425656233e-06, 8.62970864546e-07, 2.59587892515e-07, 2.11543977002e-07, 7.41449781572e-08, 1.68188805105e-07, 1.69936384964e-07, 1.11825748661e-07, 6.48621849564e-08, 3.98581754268e-08, 4.21738732825e-08, 4.45361152401e-08, 1.55933239654e-08, 2.87392580844e-08, 7.29962268409e-09, 1.00294563765e-08, 5.13321918305e-09, 1.12698721466e-08, 4.36143299254e-09, 7.16155934555e-09, 2.04182470931e-09, 2.48806286685e-09, 1.32412514287e-09, 6.90141332971e-10, 5.05288033636e-10, 1.79524048405e-10, 9.70189345528e-11, 6.6491180617e-11, 7.69124139377e-11, 8.01671506956e-11, 5.82571629826e-11, 2.65061982779e-11, 2.46890945188e-11, 1.87377682814e-11, 1.97988500594e-11, 1.47566125985e-11, 7.60977478947e-12, 4.28876899272e-12]
    },
    "mfcc": {
        "mean": [-672.657958984, 107.578712463, 11.0405464172, 29.6592273712, 6.850461483, 4.52297735214, 4.15903043747, 6.60123825073, -4.04052400589, -0.168182373047, -2.86397409439, -2.86607670784, -3.6776714325],
        "cov": [[18479.1699219, -1538.2890625, -3335.69677734, -641.754882812, 103.918777466, -122.51411438, 73.8240814209, 291.143280029, -161.738220215, 404.313262939, 103.985595703, 116.865760803, -11.1100597382], [-1538.2890625, 1390.14782715, 525.494262695, 273.373718262, -21.6046390533, -20.9723548889, 16.8727912903, -66.0333938599, -50.1820678711, -96.9540100098, -50.594833374, -62.112575531, -24.789691925], [-3335.69677734, 525.494262695, 1890.5994873, 383.555999756, 17.589925766, 156.272277832, -39.9285507202, -66.5918426514, 78.6847839355, -174.49319458, -46.8079414368, -43.1790504456, -39.2773246765], [-641.754882812, 273.373718262, 383.555999756, 402.743621826, 88.4375305176, 24.7396755219, -35.5326805115, -22.6437644958, 20.7844696045, -47.7858886719, -14.9652709961, -15.1287002563, -10.8642158508], [103.918777466, -21.6046390533, 17.589925766, 88.4375305176, 255.513565063, 22.3482837677, -10.7040309906, 27.6889228821, 30.2395477295, 23.2665576935, -8.86327171326, -5.86782884598, 11.1587076187], [-122.51411438, -20.9723548889, 156.272277832, 24.7396755219, 22.3482837677, 178.987365723, 63.2107696533, 18.3378753662, 22.7072963715, -13.8766355515, 10.9291410446, -6.39730453491, -5.06746530533], [73.8240814209, 16.8727912903, -39.9285507202, -35.5326805115, -10.7040309906, 63.2107696533, 169.075775146, 52.0741577148, -0.583861410618, 15.5780906677, 18.4183864594, 9.50609207153, 7.69169521332], [291.143280029, -66.0333938599, -66.5918426514, -22.6437644958, 27.6889228821, 18.3378753662, 52.0741577148, 112.222389221, 41.6444625854, 31.5223121643, 6.44540023804, 9.24445438385, 18.3922767639], [-161.738220215, -50.1820678711, 78.6847839355, 20.7844696045, 30.2395477295, 22.7072963715, -0.583861410618, 41.6444625854, 124.610054016, 31.0789718628, 12.8527507782, 3.44609665871, 12.9854764938], [404.313262939, -96.9540100098, -174.49319458, -47.7858886719, 23.2665576935, -13.8766355515, 15.5780906677, 31.5223121643, 31.0789718628, 115.575546265, 42.5678405762, 22.5311737061, 8.3046131134], [103.985595703, -50.594833374, -46.8079414368, -14.9652709961, -8.86327171326, 10.9291410446, 18.4183864594, 6.44540023804, 12.8527507782, 42.5678405762, 87.3076248169, 38.242603302, 5.953145504], [116.865760803, -62.112575531, -43.1790504456, -15.1287002563, -5.86782884598, -6.39730453491, 9.50609207153, 9.24445438385, 3.44609665871, 22.5311737061, 38.242603302, 82.0747299194, 34.8894615173], [-11.1100597382, -24.789691925, -39.2773246765, -10.8642158508, 11.1587076187, -5.06746530533, 7.69169521332, 18.3922767639, 12.9854764938, 8.3046131134, 5.953145504, 34.8894615173, 78.1789779663]],
