{
"lowlevel": {
    "average_loudness": 0.862041056156,
    "barkbands_crest": {
        "dmean": 1.89381659031,
        "dmean2": 3.01994466782,
        "dvar": 4.04497051239,
        "dvar2": 10.7006368637,
        "max": 26.6779785156,
        "mean": 10.8761348724,
        "median": 10.1380691528,
        "min": 3.65095758438,
        "var": 16.5306816101
    },
    "barkbands_flatness_db": {
        "dmean": 0.0175283551216,
        "dmean2": 0.0262125413865,
        "dvar": 0.000399095530156,
        "dvar2": 0.000886986032128,
        "max": 0.442395955324,
        "mean": 0.252584636211,
        "median": 0.246626883745,
        "min": 0.0375508517027,
        "var": 0.00464927777648
    },
    "barkbands_kurtosis": {
        "dmean": 4.14124298096,
        "dmean2": 6.66328334808,
        "dvar": 220.855606079,
        "dvar2": 648.149841309,
        "max": 616.887634277,
        "mean": 13.4316148758,
        "median": 4.39650344849,
        "min": -1.87894940376,
        "var": 2857.85668945
    },
    "barkbands_skewness": {
        "dmean": 0.425991028547,
        "dmean2": 0.655414819717,
        "dvar": 0.296418726444,
        "dvar2": 0.743017494678,
        "max": 10.3883104324,
        "mean": 1.27947878838,
        "median": 1.63449335098,
        "min": -22.7452888489,
        "var": 8.60014152527
    },
    "barkbands_spread": {
        "dmean": 1.67857503891,
        "dmean2": 2.53894639015,
        "dvar": 12.8139200211,
        "dvar2": 30.2398948669,
        "max": 140.101242065,
        "mean": 7.75339508057,
        "median": 5.46525335312,
        "min": 0.610820353031,
        "var": 122.536720276
    },
    "dissonance": {
        "dmean": 0.0294967480004,
        "dmean2": 0.0488902814686,
        "dvar": 0.000744303280953,
        "dvar2": 0.00196236628108,
        "max": 0.499994874001,
        "mean": 0.419940680265,
        "median": 0.424867033958,
        "min": 0.176669225097,
        "var": 0.00217393692583
    },
    "dynamic_complexity": 4.95837879181,
    "erbbands_crest": {
        "dmean": 2.08456492424,
        "dmean2": 3.3019592762,
        "dvar": 4.43050336838,
        "dvar2": 11.1195697784,
        "max": 30.1076393127,
        "mean": 9.9811964035,
        "median": 9.0487537384,
        "min": 2.28516411781,
        "var": 17.3720188141
    },
    "erbbands_flatness_db": {
        "dmean": 0.0134613215923,
        "dmean2": 0.0188060179353,
        "dvar": 0.00021097312856,
        "dvar2": 0.000405782018788,
        "max": 0.395332068205,
        "mean": 0.243554189801,
        "median": 0.24102139473,
        "min": 0.0255149882287,
        "var": 0.00382557231933
    },
    "erbbands_kurtosis": {
        "dmean": 0.894046902657,
        "dmean2": 1.39520931244,
        "dvar": 1.47061955929,
        "dvar2": 3.70648980141,
        "max": 31.7380218506,
        "mean": 1.02894055843,
        "median": 0.531109571457,
        "min": -1.81384062767,
        "var": 4.46715497971
    },
    "erbbands_skewness": {
        "dmean": 0.282618939877,
        "dmean2": 0.431298434734,
        "dvar": 0.0734336748719,
        "dvar2": 0.176600188017,
        "max": 4.79829359055,
        "mean": 0.711697697639,
        "median": 0.716909170151,
        "min": -1.49071335793,
        "var": 0.416602998972
    },
    "erbbands_spread": {
        "dmean": 3.53010034561,
        "dmean2": 5.28820180893,
        "dvar": 20.5947952271,
        "dvar2": 41.7037315369,
        "max": 121.716667175,
        "mean": 20.8300075531,
        "median": 17.3311653137,
        "min": 2.63068938255,
        "var": 154.692321777
    },
    "hfc": {
        "dmean": 2.50645375252,
        "dmean2": 3.66536808014,
        "dvar": 27.5728302002,
        "dvar2": 66.9593048096,
        "max": 81.6123275757,
        "mean": 9.6617565155,
        "median": 6.86103010178,
        "min": 1.111450693e-16,
        "var": 88.616569519
    },
    "melbands_crest": {
        "dmean": 2.27118325233,
        "dmean2": 3.65474128723,
        "dvar": 5.87602710724,
        "dvar2": 15.4741821289,
        "max": 30.8870201111,
        "mean": 13.0879096985,
        "median": 12.5231571198,
        "min": 1.5262670517,
        "var": 19.5714950562
    },
    "melbands_flatness_db": {
        "dmean": 0.0208636857569,
        "dmean2": 0.0305970087647,
        "dvar": 0.000636337324977,
        "dvar2": 0.00136547186412,
        "max": 0.588315725327,
        "mean": 0.332547724247,
        "median": 0.332774192095,
        "min": 0.00262843049131,
        "var": 0.00996179133654
    },
    "melbands_kurtosis": {
        "dmean": 3.86100196838,
        "dmean2": 6.00725269318,
        "dvar": 53.0679855347,
        "dvar2": 127.872207642,
        "max": 251.233062744,
        "mean": 9.48596191406,
        "median": 6.78446054459,
        "min": -1.41021597385,
        "var": 122.004928589
    },
    "melbands_skewness": {
        "dmean": 0.453354507685,
        "dmean2": 0.693249344826,
        "dvar": 0.286354720592,
        "dvar2": 0.660207808018,
        "max": 12.5266475677,
        "mean": 2.11360549927,
        "median": 2.0445625782,
        "min": -1.3798841238,
        "var": 1.30217778683
    },
    "melbands_spread": {
        "dmean": 2.32287788391,
        "dmean2": 3.64119935036,
        "dvar": 20.3263263702,
        "dvar2": 52.3625946045,
        "max": 173.704879761,
        "mean": 12.1711921692,
        "median": 6.88155078888,
        "min": 1.00051307678,
        "var": 498.805267334
    },
    "pitch_salience": {
        "dmean": 0.0558896251023,
        "dmean2": 0.0911237075925,
        "dvar": 0.00338251912035,
        "dvar2": 0.00870248302817,
        "max": 0.941326081753,
        "mean": 0.584493994713,
        "median": 0.591378927231,
        "min": 0.0918129831553,
        "var": 0.0120741734281
    },
    "silence_rate_20dB": {
        "dmean": 0,
        "dmean2": 0,
        "dvar": 0,
        "dvar2": 0,
        "max": 1,
        "mean": 1,
        "median": 1,
        "min": 1,
        "var": 0
    },
    "silence_rate_30dB": {
        "dmean": 0.0215000621974,
        "dmean2": 0.0430054366589,
        "dvar": 0.0210377071053,
        "dvar2": 0.0512910410762,
        "max": 1,
        "mean": 0.97776132822,
        "median": 1,
        "min": 0,
        "var": 0.0217436291277
    },
    "silence_rate_60dB": {
        "dmean": 0.00741381430998,
        "dmean2": 0.0148294614628,
        "dvar": 0.00735814031214,
        "dvar2": 0.0165873039514,
        "max": 1,
        "mean": 0.0859896242619,
        "median": 0,
        "min": 0,
        "var": 0.0785963386297
    },
    "spectral_centroid": {
        "dmean": 74.1871109009,
        "dmean2": 111.461936951,
        "dvar": 23688.4160156,
        "dvar2": 44062.1015625,
        "max": 11802.3007812,
        "mean": 645.880554199,
        "median": 424.989501953,
        "min": 166.340637207,
        "var": 973656.0625
    },
    "spectral_complexity": {
        "dmean": 1.71382677555,
        "dmean2": 2.71527433395,
        "dvar": 5.03190851212,
        "dvar2": 10.6695957184,
        "max": 41,
        "mean": 11.5468244553,
        "median": 12,
        "min": 0,
        "var": 23.5419883728
    },
    "spectral_decrease": {
        "dmean": 2.0628747599e-09,
        "dmean2": 3.10472714204e-09,
        "dvar": 1.85360670079e-17,
        "dvar2": 4.12274824405e-17,
        "max": 2.91350534735e-15,
        "mean": -7.26019733222e-09,
        "median": -5.11004527581e-09,
        "min": -5.88444208915e-08,
        "var": 5.0465643971e-17
    },
    "spectral_energy": {
        "dmean": 0.00798664428294,
        "dmean2": 0.0120077971369,
        "dvar": 0.000273888697848,
        "dvar2": 0.000609666400123,
        "max": 0.224528625607,
        "mean": 0.028277920559,
        "median": 0.0199152007699,
        "min": 1.03350676075e-20,
        "var": 0.000754138629418
    },
    "spectral_energyband_high": {
        "dmean": 2.58279360423e-05,
        "dmean2": 3.69192312064e-05,
        "dvar": 1.13916591715e-08,
        "dvar2": 2.42911113446e-08,
        "max": 0.00430998951197,
        "mean": 4.23081764893e-05,
        "median": 7.00415284882e-06,
        "min": 7.18693047939e-21,
        "var": 2.04610284271e-08
    },
    "spectral_energyband_low": {
        "dmean": 0.00457511004061,
        "dmean2": 0.00730061484501,
        "dvar": 0.000214750296436,
        "dvar2": 0.000509354344103,
        "max": 0.205406501889,
        "mean": 0.0100601697341,
        "median": 0.00356604903936,
        "min": 8.64737728048e-24,
        "var": 0.000339262798661
    },
    "spectral_energyband_middle_high": {
        "dmean": 0.000765157397836,
        "dmean2": 0.00117907545064,
        "dvar": 3.76475463781e-06,
        "dvar2": 9.29859106691e-06,
        "max": 0.0401088818908,
        "mean": 0.00217340583913,
        "median": 0.00104578118771,
        "min": 1.01520587437e-21,
        "var": 1.39253697853e-05
    },
    "spectral_energyband_middle_low": {
        "dmean": 0.00520457793027,
        "dmean2": 0.00797401927412,
        "dvar": 7.77648601797e-05,
        "dvar2": 0.000192779538338,
        "max": 0.135475233197,
        "mean": 0.0181171875447,
        "median": 0.0137707740068,
        "min": 1.88039070038e-22,
        "var": 0.000258619344095
    },
    "spectral_entropy": {
        "dmean": 0.152445033193,
        "dmean2": 0.224967345595,
        "dvar": 0.0326272845268,
        "dvar2": 0.0683443024755,
        "max": 9.82568836212,
        "mean": 6.48989248276,
        "median": 6.43584108353,
        "min": 5.09373855591,
        "var": 0.543235242367
    },
    "spectral_flux": {
        "dmean": 0.0205179136246,
        "dmean2": 0.0317248590291,
        "dvar": 0.00108249892946,
        "dvar2": 0.00216429005377,
        "max": 0.384264916182,
        "mean": 0.0574358440936,
        "median": 0.0432682409883,
        "min": 6.38844810386e-11,
        "var": 0.00260939495638
    },
    "spectral_kurtosis": {
        "dmean": 9.71122837067,
        "dmean2": 16.3077392578,
        "dvar": 165.092422485,
        "dvar2": 435.593048096,
        "max": 185.773010254,
        "mean": 30.8736400604,
        "median": 16.6079788208,
        "min": -1.27703630924,
        "var": 1188.87719727
    },
    "spectral_rms": {
        "dmean": 0.00062962033553,
        "dmean2": 0.000919942569453,
        "dvar": 1.06387938104e-06,
        "dvar2": 2.21297341341e-06,
        "max": 0.0148004163057,
        "mean": 0.00469097681344,
        "median": 0.00440788641572,
        "min": 3.17537294202e-12,
        "var": 5.58301235287e-06
    },
    "spectral_rolloff": {
        "dmean": 121.301765442,
        "dmean2": 205.99621582,
        "dvar": 156139.53125,
        "dvar2": 375943.65625,
        "max": 22006.9335938,
        "mean": 1316.16967773,
        "median": 516.796875,
        "min": 107.666015625,
        "var": 14886303
    },
    "spectral_skewness": {
        "dmean": 0.617220401764,
        "dmean2": 1.01676821709,
        "dvar": 0.439203351736,
        "dvar2": 1.13678145409,
        "max": 10.8227596283,
        "mean": 3.7570745945,
        "median": 3.14463043213,
        "min": -0.0456830747426,
        "var": 4.26676511765
    },
    "spectral_spread": {
        "dmean": 352678.4375,
        "dmean2": 522663.0625,
        "dvar": 449350467584,
        "dvar2": 802885795840,
        "max": 42898388,
        "mean": 2936341.5,
        "median": 2177007.25,
        "min": 483428.25,
        "var": 1.7149811753e+13
    },
    "spectral_strongpeak": {
        "dmean": 0.31688824296,
        "dmean2": 0.529282808304,
        "dvar": 0.232238352299,
        "dvar2": 0.554443657398,
        "max": 7.84267473221,
        "mean": 0.806324422359,
        "median": 0.586174488068,
        "min": 0,
        "var": 0.624920248985
    },
    "zerocrossingrate": {
        "dmean": 0.00354985846207,
        "dmean2": 0.00452348031104,
        "dvar": 5.21961446793e-05,
        "dvar2": 8.81601372384e-05,
        "max": 0.89013671875,
        "mean": 0.0484144054353,
        "median": 0.0205078125,
        "min": 0.00439453125,
        "var": 0.0187244080007
    },
    "barkbands": {
        "dmean": [7.41082567401e-06, 0.00221008597873, 0.00217425520532, 0.0017928519519, 0.00261464552023, 0.00118720694445, 0.000815958948806, 0.000874475808814, 0.000393910013372, 0.000347301596776, 0.000234483086388, 0.000174131055246, 0.00016341189621, 0.000111827066576, 9.51706097112e-05, 4.47445709142e-05, 3.07506015815e-05, 3.92149413528e-05, 1.41902155519e-05, 1.22235605886e-05, 6.39342033537e-06, 6.74253942634e-06, 3.89161004932e-06, 3.1940298868e-06, 2.61364539256e-06, 3.28526454041e-07, 9.56072643277e-09],
        "dmean2": [1.15021475722e-05, 0.00369343906641, 0.00358285545371, 0.0029910907615, 0.00405512284487, 0.00175894494168, 0.00117846787907, 0.00132157793269, 0.000593089964241, 0.000546926807147, 0.000351152062649, 0.000271087308647, 0.0002763234952, 0.000177613008418, 0.000151042651851, 7.28607483325e-05, 4.8045629228e-05, 5.61007618671e-05, 2.27024829655e-05, 1.8633536456e-05, 9.8301043181e-06, 9.98597715807e-06, 5.72351382289e-06, 4.62467232865e-06, 3.80511255571e-06, 5.23663743479e-07, 1.50400456533e-08],
        "dvar": [4.76741202071e-10, 8.19734414108e-05, 5.21919973835e-05, 1.71064857568e-05, 1.99557180167e-05, 5.2584318837e-06, 4.00132921641e-06, 5.34228956894e-06, 1.16414901186e-06, 7.36761307962e-07, 3.86666272334e-07, 3.65399216662e-07, 1.97451583972e-07, 1.89965305708e-07, 1.15876709117e-07, 2.7989440099e-08, 1.8764440668e-08, 1.40974663054e-08, 2.35914288105e-09, 1.72584524449e-09, 7.99121713246e-10, 6.503789729e-10, 2.88599172338e-10, 5.15201714624e-10, 1.31875177445e-09, 1.51542268317e-11, 2.32846858453e-15],
        "dvar2": [1.08945730215e-09, 0.000212708924664, 0.00013932211732, 4.71586827189e-05, 5.17676453455e-05, 1.21524080896e-05, 8.46563489176e-06, 1.30041580633e-05, 2.67053360403e-06, 1.83143004051e-06, 8.16861813746e-07, 8.02901865882e-07, 5.3232645314e-07, 4.29310432537e-07, 2.72830561698e-07, 7.26543945007e-08, 3.84782659069e-08, 2.67018815947e-08, 6.27256691033e-09, 4.18480938791e-09, 1.89725501976e-09, 1.34771638294e-09, 5.99419403002e-10, 1.18492615719e-09, 3.03855784978e-09, 3.60596552618e-11, 4.80556858141e-15],
        "max": [0.000579732062761, 0.120374917984, 0.116755463183, 0.0724515616894, 0.0695466995239, 0.0411094091833, 0.0874843224883, 0.0600926242769, 0.0322868898511, 0.0231739152223, 0.0177933126688, 0.0260608009994, 0.00858581997454, 0.0116606457159, 0.0118036996573, 0.00422122282907, 0.00684754084796, 0.00500598270446, 0.000928619585466, 0.000887209957, 0.000717620132491, 0.00118838855997, 0.000970460299868, 0.00138104066718, 0.00224212091416, 0.000207166493055, 2.33031278185e-06],
        "mean": [3.28706191794e-05, 0.00363017409109, 0.00447098817676, 0.00358590437099, 0.00662687560543, 0.00283619505353, 0.00188473716844, 0.00206886138767, 0.000759411719628, 0.00072464114055, 0.000449534651125, 0.000338239711709, 0.000260998058366, 0.000176311616087, 0.000162581258337, 6.77494317642e-05, 5.02208458784e-05, 7.57139569032e-05, 2.17107608478e-05, 2.01873554033e-05, 9.04201351659e-06, 1.10440505523e-05, 5.50124468646e-06, 4.49960953119e-06, 3.45247985933e-06, 5.110496204e-07, 1.36878677282e-08],
        "median": [1.55557961534e-06, 0.000655772280879, 0.00154708069749, 0.00161029584706, 0.00435877218843, 0.00143815856427, 0.00075606489554, 0.000791865866631, 0.000302944768919, 0.000266557384748, 0.00016448891256, 0.000119629112305, 0.000127962543047, 3.4967175452e-05, 2.28741846513e-05, 1.44974083014e-05, 8.7226035248e-06, 7.60170178182e-06, 4.82023415316e-06, 3.53722134605e-06, 1.34788456307e-06, 1.38572681863e-06, 8.03750367595e-07, 4.76612086686e-07, 1.84363187827e-07, 5.83048915814e-08, 4.86730389326e-09],
        "min": [2.29016132243e-25, 1.87951573531e-24, 1.31713876813e-24, 4.70252094617e-24, 1.57090952321e-23, 1.15013971495e-23, 9.91061416903e-24, 1.45104147757e-23, 2.16772744754e-23, 1.61585771318e-23, 1.55257608023e-23, 2.30535275215e-23, 4.88618582982e-23, 2.10391159797e-23, 4.68180963976e-23, 8.17598729345e-23, 5.9981177768e-23, 9.78826752243e-23, 1.39017259147e-22, 2.0934507975e-22, 2.93518355873e-22, 3.66896177792e-22, 3.41524139161e-22, 5.93589280725e-22, 9.34368861409e-22, 1.28106901358e-21, 2.06889584206e-21],
        "var": [4.34675451189e-09, 8.60178843141e-05, 7.39429960959e-05, 3.12031406793e-05, 5.36692277819e-05, 1.48170920511e-05, 1.54662993737e-05, 1.93665946426e-05, 2.62875050794e-06, 2.70695522886e-06, 1.28405702071e-06, 1.06676725409e-06, 2.43621315121e-07, 4.33603958072e-07, 3.60637386621e-07, 4.25805026794e-08, 4.15147454191e-08, 5.09140072324e-08, 2.70647082523e-09, 2.67876054671e-09, 1.01689934251e-09, 1.23695320653e-09, 5.50743173289e-10, 7.29767302143e-10, 1.71021263817e-09, 2.56886560634e-11, 3.5924954282e-15]
    },
    "erbbands": {
        "dmean": [0.0236896388233, 0.623161435127, 2.29367494583, 4.5806517601, 6.58574676514, 10.2899169922, 9.49755859375, 10.8061952591, 9.76420783997, 17.8333892822, 16.5047779083, 9.2303571701, 11.1867141724, 7.06900167465, 9.85676002502, 6.38674211502, 7.36081981659, 6.14427280426, 5.15079212189, 3.45275187492, 1.98551225662, 1.58171677589, 2.11791324615, 1.105676651, 0.675133466721, 0.575455844402, 0.293598771095, 0.253314226866, 0.260537326336, 0.16343139112, 0.102337434888, 0.069096930325, 0.0543152056634, 0.0340533740819, 0.0176567416638, 0.00287633785047, 0.000369565881556, 2.96473699564e-05, 5.01429940414e-06, 8.89361308509e-06],
        "dmean2": [0.0399630330503, 1.03421878815, 3.76485300064, 7.70669364929, 10.5457859039, 16.0648078918, 14.5651378632, 15.9428653717, 13.8179330826, 26.3968372345, 25.0599632263, 13.8291873932, 17.295999527, 10.8798551559, 14.879573822, 10.0133657455, 12.2882738113, 9.83549976349, 7.98998785019, 5.38418769836, 3.20003652573, 2.44490003586, 3.00871300697, 1.67626273632, 1.05225026608, 0.878984510899, 0.445650994778, 0.384978622198, 0.390604764223, 0.243700444698, 0.151012763381, 0.100640751421, 0.0781654343009, 0.0499796569347, 0.0267375633121, 0.00445546861738, 0.000579814484809, 4.30410909757e-05, 7.39262168281e-06, 1.33328694574e-05],
        "dvar": [0.00793437473476, 6.47469043732, 65.6930160522, 147.384536743, 149.656326294, 398.952178955, 309.165618896, 498.325866699, 395.082489014, 2288.91186523, 2664.29980469, 550.151184082, 861.215759277, 347.197662354, 798.384216309, 329.098480225, 296.065368652, 612.385986328, 325.505859375, 180.716888428, 55.9478149414, 39.3248786926, 45.4378089905, 12.1165075302, 5.80429267883, 3.72541069984, 1.55503749847, 1.26446640491, 0.93953949213, 0.42941570282, 0.249749973416, 0.10731946677, 0.250519603491, 0.18299998343, 0.0783730000257, 0.00113220303319, 1.88016947504e-05, 5.51628787093e-08, 1.85253978824e-10, 3.33632288463e-10],
        "dvar2": [0.0213756728917, 16.5875415802, 167.733535767, 408.00793457, 390.537719727, 1050.52038574, 789.38659668, 1047.20568848, 833.357421875, 4834.66357422, 6487.16259766, 1291.16760254, 2135.06274414, 784.37689209, 1883.27819824, 748.427307129, 778.807006836, 1395.60266113, 759.040771484, 441.553649902, 142.442596436, 83.1592712402, 89.5560073853, 27.0045261383, 15.3324594498, 9.00002288818, 3.60178685188, 3.00013303757, 1.97623491287, 0.927795886993, 0.519765853882, 0.221500918269, 0.597983956337, 0.444490849972, 0.182837679982, 0.00239566364326, 4.56517154817e-05, 1.04256010047e-07, 3.82829573597e-10, 7.4333933453e-10],
        "max": [1.09626865387, 34.3600616455, 110.888771057, 217.026199341, 253.42137146, 320.341522217, 276.390594482, 445.434936523, 571.999206543, 2327.05932617, 1581.16137695, 669.336547852, 875.154541016, 546.650695801, 1113.17004395, 507.765045166, 313.658416748, 676.833618164, 579.16809082, 351.639068604, 165.700622559, 262.999938965, 307.112487793, 119.325584412, 54.1077194214, 46.4442634583, 30.0772209167, 40.4294586182, 41.717956543, 24.6498165131, 34.1494941711, 12.3017940521, 32.4744377136, 23.3070487976, 17.8295402527, 1.68304598331, 0.247538655996, 0.0131008485332, 0.000484259042423, 0.000244928931352],
        "mean": [0.043897818774, 1.0314218998, 4.51991319656, 9.90926361084, 16.5056591034, 22.7320671082, 21.6580791473, 25.9825286865, 24.259721756, 39.6319694519, 39.1059112549, 19.3313865662, 24.3221721649, 15.4322118759, 21.5496234894, 13.4802913666, 13.1344251633, 10.2508001328, 9.15461158752, 5.95652198792, 3.28331518173, 2.79511713982, 4.08002853394, 2.00856542587, 1.08528494835, 0.966248571873, 0.423929512501, 0.37802541256, 0.423565924168, 0.249146565795, 0.14663413167, 0.0976406931877, 0.0739207938313, 0.0434535257518, 0.022060059011, 0.00441479729488, 0.000606465211604, 5.62804416404e-05, 1.56687110575e-05, 3.16165205732e-05],
        "median": [0.0114524457604, 0.184720665216, 1.39691972733, 4.54286766052, 8.62705802917, 14.0159158707, 14.7387084961, 12.1140079498, 11.5581979752, 15.5871925354, 12.1791095734, 9.35866546631, 8.62175369263, 5.90948867798, 8.23986625671, 5.6771979332, 6.95008897781, 2.77781295776, 1.53632616997, 1.009953022, 0.692541480064, 0.464867532253, 0.411890149117, 0.370101839304, 0.204695388675, 0.183167874813, 0.075181633234, 0.0551004596055, 0.0484945848584, 0.0372883304954, 0.0227107796818, 0.0120583148673, 0.0063273832202, 0.00266433041543, 0.00107877328992, 0.000344670086633, 0.000102397738374, 1.91954713955e-05, 1.02461563074e-05, 2.2423802875e-05],
        "min": [9.42140681182e-23, 2.59339322634e-22, 1.76918241635e-21, 7.35948810999e-21, 2.01976680667e-20, 4.18421073366e-20, 5.86204030059e-20, 1.05756346709e-19, 1.22606920516e-19, 2.74919189298e-19, 2.47277113823e-19, 3.90309075292e-19, 4.40021208389e-19, 1.2406397073e-18, 1.00249957883e-18, 1.34142525429e-18, 2.20403514986e-18, 1.95577033068e-18, 3.07041150894e-18, 3.67560310807e-18, 4.33409636471e-18, 3.4458381833e-18, 5.50300762219e-18, 6.26804422327e-18, 7.27515440344e-18, 7.55461158313e-18, 9.70452678704e-18, 1.15699199844e-17, 1.12409494276e-17, 1.18854926968e-17, 1.06049286002e-17, 1.2234062471e-17, 1.02183341604e-17, 9.11412993356e-18, 7.04514277205e-18, 4.10988781891e-18, 2.35828758369e-18, 1.01459254579e-18, 2.78890043979e-19, 2.75378765677e-20],
        "var": [0.00859479606152, 6.95673084259, 88.3708343506, 240.298431396, 535.499206543, 771.018676758, 598.882141113, 1578.8572998, 1334.00793457, 8305.15332031, 9323.734375, 1244.68908691, 3363.40917969, 1234.9309082, 3825.89794922, 949.660949707, 464.520172119, 1268.50415039, 1005.97912598, 423.308380127, 80.5889053345, 97.3063812256, 146.269546509, 26.6286964417, 7.06477069855, 5.92043209076, 2.0433113575, 1.73064339161, 1.81078922749, 0.739663779736, 0.443064689636, 0.213213264942, 0.307808071375, 0.211061552167, 0.0979718714952, 0.00230909651145, 3.15533434332e-05, 1.17374078457e-07, 4.09483003061e-10, 9.25534482388e-10]
    },
    "gfcc": {
        "mean": [-123.60269928, 170.865036011, -100.993080139, -1.01430988312, -54.3827819824, 0.990121543407, -33.9695320129, -10.1473321915, -22.0768146515, -12.0598096848, -8.54337692261, -10.4878349304, -11.4296264648],
        "cov": [[29707.3203125, 6425.64453125, -3065.92358398, 1416.0345459, -1626.32214355, -18.3243675232, -906.137207031, 95.1609115601, -446.432525635, -153.439498901, -188.328140259, -255.928131104, -174.334838867], [6425.64453125, 3266.46899414, -194.847671509, -569.246520996, -105.725524902, -125.238136292, -262.65057373, -304.290588379, -209.973815918, -154.694061279, -25.0459098816, -130.895843506, -131.717193604], [-3065.92358398, -194.847671509, 882.782775879, -226.945404053, 253.95085144, 78.7975311279, 109.144111633, -67.1460418701, 58.7204627991, 19.6947078705, 21.3586902618, 11.6081581116, -3.38848280907], [1416.0345459, -569.246520996, -226.945404053, 932.422790527, -54.7363433838, 80.3912811279, 135.81803894, 236.012374878, 125.580543518, 77.7843780518, 22.8305015564, 40.8257293701, 88.2229309082], [-1626.32214355, -105.725524902, 253.95085144, -54.7363433838, 363.048706055, 6.43968439102, 75.6658706665, 26.6649398804, 75.9072723389, -0.459120035172, 9.97049427032, -7.33423423767, 19.4859848022], [-18.3243675232, -125.238136292, 78.7975311279, 80.3912811279, 6.43968439102, 155.022674561, 76.2443237305, 36.955532074, 21.3080692291, 24.1279010773, -1.66829037666, 11.7259511948, 7.95426464081], [-906.137207031, -262.65057373, 109.144111633, 135.81803894, 75.6658706665, 76.2443237305, 258.042205811, 50.6743202209, 62.2979698181, 23.7770843506, 52.5005149841, 20.2500743866, 29.7108974457], [95.1609115601, -304.290588379, -67.1460418701, 236.012374878, 26.6649398804, 36.955532074, 50.6743202209, 180.506103516, 82.0350799561, 40.3949356079, -5.04103803635, 11.6186285019, 21.3459472656], [-446.432525635, -209.973815918, 58.7204627991, 125.580543518, 75.9072723389, 21.3080692291, 62.2979698181, 82.0350799561, 126.574882507, 41.0621032715, 15.247341156, 6.79288101196, 20.5220413208], [-153.439498901, -154.694061279, 19.6947078705, 77.7843780518, -0.459120035172, 24.1279010773, 23.7770843506, 40.3949356079, 41.0621032715, 85.719329834, 29.1967086792, 17.1562824249, 5.46012067795], [-188.328140259, -25.0459098816, 21.3586902618, 22.8305015564, 9.97049427032, -1.66829037666, 52.5005149841, -5.04103803635, 15.247341156, 29.1967086792, 91.6011428833, 28.7482299805, 4.77268600464], [-255.928131104, -130.895843506, 11.6081581116, 40.8257293701, -7.33423423767, 11.7259511948, 20.2500743866, 11.6186285019, 6.79288101196, 17.1562824249, 28.7482299805, 67.308303833, 26.1297206879], [-174.334838867, -131.717193604, -3.38848280907, 88.2229309082, 19.4859848022, 7.95426464081, 29.7108974457, 21.3459472656, 20.5220413208, 5.46012067795, 4.77268600464, 26.1297206879, 62.126537323]],
        "icov": [[0.000488182849949, -0.00106413464528, 0.000823500740808, -0.00104556081351, 0.00098942918703, -0.00106255407445, 0.000925443076994, -0.000658982491586, 0.000173843669472, -8.13257138361e-05, -4.86622848257e-05, 0.000419512129156, 3.0018381949e-05], [-0.00106413464528, 0.00275899819098, -0.00166555971373, 0.00234393705614, -0.00220117089339, 0.00219890568405, -0.00175617320929, 0.00189298810437, -0.000325741217239, 0.000597461941652, -0.00028323722654, -0.000336091819918, 0.000260543165496], [0.000823500740808, -0.00166555971373, 0.00326078129001, -0.00137876346707, 0.000583308341447, -0.00273295911029, 0.0012009004131, 0.000224680989049, -0.000573976605665, -0.000571119249798, 0.000218839661102, 0.000193495536223, 0.00057243288029], [-0.00104556081351, 0.00234393705614, -0.00137876346707, 0.00431572832167, -0.00158608634956, 0.00188041350339, -0.00242904596962, -0.000401335943025, -0.0009012434748, -0.000183403870324, -0.000226892661885, -0.000451173924375, -0.00209097657353], [0.00098942918703, -0.00220117089339, 0.000583308341447, -0.00158608634956, 0.00630095088854, -0.00147184613161, 0.00129293464124, -0.00238372990862, -0.00157751142979, 0.000928536290303, -0.000488522462547, 0.0020528442692, -0.00157973146997], [-0.00106255407445, 0.00219890568405, -0.00273295911029, 0.00188041350339, -0.00147184613161, 0.0112025719136, -0.00474486546591, 0.000279125059023, 0.000734232366085, -0.00190264277626, 0.002835130319, -0.00224206224084, 0.000711442553438], [0.000925443076994, -0.00175617320929, 0.0012009004131, -0.00242904596962, 0.00129293464124, -0.00474486546591, 0.00833564065397, -0.00148059579078, -0.000842093315441, 0.00168375251815, -0.00432411814108, 0.00209469813854, -0.00130587548483], [-0.000658982491586, 0.00189298810437, 0.000224680989049, -0.000401335943025, -0.00238372990862, 0.000279125059023, -0.00148059579078, 0.0131353903562, -0.00540897063911, -0.00147503090557, 0.00290153198875, -0.00190050865058, 0.0021460079588], [0.000173843669472, -0.000325741217239, -0.000573976605665, -0.0009012434748, -0.00157751142979, 0.000734232366085, -0.000842093315441, -0.00540897063911, 0.0155411539599, -0.00423661293462, -0.000818094646093, 0.00215828325599, -0.00189854227938], [-8.13257138361e-05, 0.000597461941652, -0.000571119249798, -0.000183403870324, 0.000928536290303, -0.00190264277626, 0.00168375251815, -0.00147503090557, -0.00423661293462, 0.0177460703999, -0.00571421673521, -0.00104943406768, 0.00164190644864], [-4.86622848257e-05, -0.00028323722654, 0.000218839661102, -0.000226892661885, -0.000488522462547, 0.002835130319, -0.00432411814108, 0.00290153198875, -0.000818094646093, -0.00571421673521, 0.0176635831594, -0.00757636222988, 0.00306033715606], [0.000419512129156, -0.000336091819918, 0.000193495536223, -0.000451173924375, 0.0020528442692, -0.00224206224084, 0.00209469813854, -0.00190050865058, 0.00215828325599, -0.00104943406768, -0.00757636222988, 0.0232960097492, -0.00942640472203], [3.0018381949e-05, 0.000260543165496, 0.00057243288029, -0.00209097657353, -0.00157973146997, 0.000711442553438, -0.00130587548483, 0.0021460079588, -0.00189854227938, 0.00164190644864, 0.00306033715606, -0.00942640472203, 0.0242372602224]]
    },
    "melbands": {
        "dmean": [0.000416792579927, 0.00107132759877, 0.000798262190074, 0.000560280110221, 0.000386960979085, 0.000234692968661, 0.000152955413796, 0.000194422143977, 0.000127117295051, 5.46119554201e-05, 5.63614230487e-05, 3.00911251543e-05, 3.24535030813e-05, 2.14174142457e-05, 1.72651216417e-05, 1.47226619447e-05, 1.18143279906e-05, 8.6967693278e-06, 6.06620915278e-06, 3.91381990994e-06, 2.22101562031e-06, 1.80147355877e-06, 1.85426949884e-06, 2.07721495826e-06, 8.58549526583e-07, 4.9808733138e-07, 4.98392637382e-07, 3.70501936686e-07, 2.04676112503e-07, 1.54734337343e-07, 1.51884961497e-07, 1.6338483988e-07, 1.16787198579e-07, 8.65564615538e-08, 6.30538679047e-08, 4.68232705941e-08, 4.33802327393e-08, 4.08604812208e-08, 3.23150750603e-08, 2.84250454285e-08],
        "dmean2": [0.000695593655109, 0.0017374032177, 0.00133191770874, 0.000884402659722, 0.000591996591538, 0.000345490552718, 0.000218470857362, 0.00028804683825, 0.000193536427105, 8.14394807094e-05, 8.68920396897e-05, 4.61435884063e-05, 4.86686367367e-05, 3.28970090777e-05, 2.7957783459e-05, 2.46647323365e-05, 1.86940469575e-05, 1.34701349452e-05, 9.41840880841e-06, 6.29127498541e-06, 3.55886618308e-06, 2.82748328573e-06, 2.76501850749e-06, 3.03251249534e-06, 1.35449056415e-06, 7.95073901827e-07, 7.72655255332e-07, 5.71297675833e-07, 3.14538851853e-07, 2.41260039502e-07, 2.35076498711e-07, 2.48045608942e-07, 1.73651784507e-07, 1.32507182116e-07, 9.35578583494e-08, 7.04508735794e-08, 6.39455777218e-08, 6.06267249736e-08, 4.70534118335e-08, 4.34021174556e-08],
        "dvar": [2.77934054793e-06, 1.48742383317e-05, 3.78315189664e-06, 1.00908630429e-06, 4.46895342066e-07, 2.17288885551e-07, 1.02407497593e-07, 2.48624388632e-07, 1.62332824516e-07, 1.94024494249e-08, 2.17730491414e-08, 6.34170183034e-09, 7.12350489707e-09, 5.11062170361e-09, 1.46735401607e-09, 2.16132467479e-09, 2.26011298565e-09, 9.88732318241e-10, 5.85777759632e-10, 2.26815233262e-10, 8.0647176437e-11, 7.59480256463e-11, 3.34884724118e-11, 5.94269702892e-11, 8.35785173708e-12, 3.22419803529e-12, 3.28928767904e-12, 1.55657203706e-12, 7.73914244322e-13, 4.60052514747e-13, 4.72183652855e-13, 3.77702806097e-13, 1.87699993894e-13, 1.32418490235e-13, 9.51864455312e-14, 4.93774807283e-14, 4.73650354777e-14, 1.30245572899e-13, 1.14847232202e-13, 1.58329837956e-13],
        "dvar2": [7.3060550676e-06, 3.65419255104e-05, 1.03513484646e-05, 2.66989354714e-06, 1.12072336833e-06, 4.69587121188e-07, 2.19736122631e-07, 5.41815893484e-07, 3.92582421682e-07, 4.52442669996e-08, 5.39153539592e-08, 1.42856109164e-08, 1.60890678558e-08, 1.14149596442e-08, 3.51643891783e-09, 5.79168579762e-09, 4.94295449016e-09, 2.29848806654e-09, 1.28549249023e-09, 5.97151939008e-10, 1.87639598304e-10, 1.58074733858e-10, 6.73950548147e-11, 1.25303101228e-10, 1.92127685289e-11, 8.64442371851e-12, 8.38240674789e-12, 3.75119943788e-12, 1.78059151625e-12, 1.13966204095e-12, 1.11571526757e-12, 8.10595460112e-13, 3.99789847495e-13, 3.04528429383e-13, 1.90773761263e-13, 1.10669652153e-13, 1.03223778537e-13, 3.15984163748e-13, 2.71286031833e-13, 3.96554940578e-13],
        "max": [0.0219623595476, 0.0514518767595, 0.0331297516823, 0.0170416384935, 0.0115628913045, 0.00893507432193, 0.00978342909366, 0.0214902106673, 0.0123626161367, 0.0036404998973, 0.00440376158804, 0.00214887713082, 0.00265003740788, 0.0032608048059, 0.000777707609814, 0.000819583539851, 0.00139946374111, 0.000790422898717, 0.00100253534038, 0.000345944805304, 0.000298081955407, 0.000399373064283, 0.000190571590792, 0.000371169386199, 9.56783915171e-05, 3.88065600418e-05, 5.19155000802e-05, 3.10851064569e-05, 2.28786648222e-05, 1.85989028978e-05, 2.51124711212e-05, 2.82228775177e-05, 1.53942255565e-05, 1.23759637063e-05, 2.17858014366e-05, 1.06934685391e-05, 8.71525571711e-06, 2.41398665821e-05, 1.5877023543e-05, 2.35437510128e-05],
        "mean": [0.000690176209901, 0.00213933154009, 0.00191825523507, 0.00139602727722, 0.000893247663043, 0.000562584260479, 0.000372550595785, 0.000436292670202, 0.000294996512821, 0.000108027081296, 0.000119692813314, 6.09564704064e-05, 6.72305686749e-05, 4.49601757282e-05, 3.16923178616e-05, 2.45573901339e-05, 1.81502073247e-05, 1.43480092447e-05, 1.02764042822e-05, 6.14377086094e-06, 3.39746725331e-06, 2.81955112769e-06, 3.34815877068e-06, 3.80480810236e-06, 1.36134326567e-06, 7.34717275463e-07, 8.03213026757e-07, 5.91197874655e-07, 2.75616116596e-07, 2.07501145155e-07, 2.22158732299e-07, 2.54600990957e-07, 1.88310366411e-07, 1.19636439422e-07, 8.74169572285e-08, 6.54570371239e-08, 5.75855381157e-08, 5.47639196213e-08, 4.21666292993e-08, 3.46490693914e-08],
        "median": [0.000153250046424, 0.000623335130513, 0.00100055104122, 0.000872194126714, 0.000614670338109, 0.00027020543348, 0.000170148850884, 0.000174094559043, 8.76516278367e-05, 4.85887176183e-05, 4.03453741455e-05, 2.18963286898e-05, 2.45165902015e-05, 1.70057082869e-05, 1.49933366629e-05, 1.17576691991e-05, 3.91599405702e-06, 2.30817977354e-06, 1.40982524499e-06, 1.23551762954e-06, 6.67008919208e-07, 4.74016701446e-07, 3.48560718066e-07, 3.67450923022e-07, 2.58505281181e-07, 1.47758640878e-07, 1.16720897836e-07, 1.10352175398e-07, 4.26070343451e-08, 2.74000235834e-08, 3.00531226571e-08, 2.60564014809e-08, 2.37807320502e-08, 1.71480927236e-08, 1.36301485654e-08, 8.21295387254e-09, 6.41538555612e-09, 4.37367697614e-09, 3.11573544742e-09, 1.78941128581e-09],
        "min": [1.403774924e-24, 8.2483789288e-25, 2.20671532005e-24, 2.62811653258e-24, 1.88735859043e-24, 2.16683682357e-24, 1.93014798365e-24, 2.73031543501e-24, 2.00444665079e-24, 2.60739493154e-24, 1.5767834604e-24, 4.47721832734e-24, 2.35142948653e-24, 2.49460221881e-24, 4.3483310772e-24, 3.34460102747e-24, 2.62384623129e-24, 3.4839600117e-24, 2.60572984339e-24, 4.70953865278e-24, 4.72603570646e-24, 3.41911722301e-24, 3.80002068325e-24, 4.67614104307e-24, 4.79130763548e-24, 4.36811728642e-24, 4.76798930156e-24, 4.49743841006e-24, 5.7513340022e-24, 5.57613430604e-24, 6.33789389486e-24, 5.23893176779e-24, 6.12144505639e-24, 5.33436224365e-24, 5.23928833292e-24, 6.99214673066e-24, 6.97821781365e-24, 6.79105346414e-24, 6.94013239801e-24, 6.39579076328e-24],
        "var": [2.84327620648e-06, 2.03789168154e-05, 7.14347788744e-06, 2.68498956757e-06, 9.64509808909e-07, 6.68094571665e-07, 3.60199862826e-07, 8.89581713182e-07, 5.47954073227e-07, 4.28427462396e-08, 8.52048316347e-08, 2.18788596129e-08, 3.01570750594e-08, 1.94217726346e-08, 3.15899773007e-09, 2.652811526e-09, 4.87792206627e-09, 2.60212895675e-09, 1.89195104028e-09, 3.87970156002e-10, 1.14921495931e-10, 1.42197448261e-10, 1.08324536841e-10, 1.48843853909e-10, 1.37960320251e-11, 3.45541108747e-12, 4.58349330712e-12, 2.36239500184e-12, 1.01040757792e-12, 5.26674136161e-13, 6.67630664294e-13, 7.07903896092e-13, 3.37757491246e-13, 2.1138738546e-13, 1.70055348926e-13, 9.29534227367e-14, 7.86551338926e-14, 1.52970192936e-13, 1.50311607237e-13, 1.63335125048e-13]
    },
    "mfcc": {
        "mean": [-757.39050293, 203.822616577, 8.367395401, 6.37449026108, -2.54080462456, 2.86485695839, -4.11882209778, -1.31763887405, -12.0898065567, -6.46251487732, -2.63973236084, -4.78366422653, -4.98988342285],
        "cov": [[11746.3730469, 1713.67651367, -527.719360352, 1033.67419434, -122.828102112, -2.87146782875, -97.7086181641, 281.41696167, 31.1026268005, 236.617507935, 188.426940918, -44.3659667969, 33.7749061584], [1713.67651367, 3238.26513672, 226.456512451, -427.155883789, 57.0081481934, 39.4016342163, -17.1520938873, -142.495895386, -227.534240723, -170.701126099, -102.754386902, -23.570728302, -56.6964454651], [-527.719360352, 226.456512451, 493.173675537, -66.8389129639, 5.01309204102, 100.840896606, 33.7193908691, -17.1423683167, 3.67186331749, -26.076177597, -18.6595516205, 65.3019790649, 7.2857542038], [1033.67419434, -427.155883789, -66.8389129639, 569.594665527, 73.3654632568, 37.48487854, 59.6694869995, 135.907058716, 128.833297729, 128.113540649, 67.7767944336, 60.7706680298, 81.1780929565], [-122.828102112, 57.0081481934, 5.01309204102, 73.3654632568, 224.74848938, 4.10222387314, -14.611456871, 10.3318834305, 64.1542739868, 12.595032692, 17.362241745, 24.5530223846, 7.38602685928], [-2.87146782875, 39.4016342163, 100.840896606, 37.48487854, 4.10222387314, 145.202728271, 71.6474304199, 29.2780265808, 26.2739658356, 26.1713275909, 5.49654436111, 22.8620414734, 13.32264328], [-97.7086181641, -17.1520938873, 33.7193908691, 59.6694869995, -14.611456871, 71.6474304199, 132.155685425, 58.9247436523, 15.1768760681, 41.4614944458, 11.328458786, 8.19192123413, 35.6959114075], [281.41696167, -142.495895386, -17.1423683167, 135.907058716, 10.3318834305, 29.2780265808, 58.9247436523, 129.357131958, 69.3655700684, 54.5426826477, 33.7630882263, 15.0179309845, 34.8742370605], [31.1026268005, -227.534240723, 3.67186331749, 128.833297729, 64.1542739868, 26.2739658356, 15.1768760681, 69.3655700684, 152.160049438, 67.0254898071, 28.696849823, 27.3079929352, 26.6676311493], [236.617507935, -170.701126099, -26.076177597, 128.113540649, 12.595032692, 26.1713275909, 41.4614944458, 54.5426826477, 67.0254898071, 121.999092102, 48.1043586731, 12.6585502625, 34.9713897705], [188.426940918, -102.754386902, -18.6595516205, 67.7767944336, 17.362241745, 5.49654436111, 11.328458786, 33.7630882263, 28.696849823, 48.1043586731, 87.7692337036, 31.6682014465, 13.7141885757], [-44.3659667969, -23.570728302, 65.3019790649, 60.7706680298, 24.5530223846, 22.8620414734, 8.19192123413, 15.0179309845, 27.3079929352, 12.6585502625, 31.6682014465, 96.5307159424, 41.8023796082], [33.7749061584, -56.6964454651, 7.2857542038, 81.1780929565, 7.38602685928, 13.32264328, 35.6959114075, 34.8742370605, 26.6676311493, 34.9713897705, 13.7141885757, 41.8023796082, 85.255531311]],
