{
"lowlevel": {
    "average_loudness": 0.603814423084,
    "barkbands_crest": {
        "dmean": 2.41095018387,
        "dmean2": 3.87209415436,
        "dvar": 5.81620502472,
        "dvar2": 14.4048166275,
        "max": 26.6817169189,
        "mean": 11.21281147,
        "median": 10.1295251846,
        "min": 2.57691955566,
        "var": 22.9884586334
    },
    "barkbands_flatness_db": {
        "dmean": 0.0198524836451,
        "dmean2": 0.0297878328711,
        "dvar": 0.000424078025389,
        "dvar2": 0.00088729057461,
        "max": 0.443385154009,
        "mean": 0.170281261206,
        "median": 0.166391164064,
        "min": 0.0440727956593,
        "var": 0.00272857444361
    },
    "barkbands_kurtosis": {
        "dmean": 3.50262665749,
        "dmean2": 5.395632267,
        "dvar": 58.1675758362,
        "dvar2": 112.295196533,
        "max": 499.637817383,
        "mean": 6.35653495789,
        "median": 2.76047611237,
        "min": -1.91570019722,
        "var": 178.740234375
    },
    "barkbands_skewness": {
        "dmean": 0.548904955387,
        "dmean2": 0.818108439445,
        "dvar": 0.396040976048,
        "dvar2": 0.818721294403,
        "max": 16.578622818,
        "mean": 1.70876908302,
        "median": 1.55504369736,
        "min": -5.58992815018,
        "var": 2.12529993057
    },
    "barkbands_spread": {
        "dmean": 4.96888637543,
        "dmean2": 7.61903476715,
        "dvar": 63.5439300537,
        "dvar2": 136.676193237,
        "max": 112.955032349,
        "mean": 16.9123477936,
        "median": 13.8757247925,
        "min": 0.204000458121,
        "var": 173.286331177
    },
    "dissonance": {
        "dmean": 0.0201303008944,
        "dmean2": 0.0332960225642,
        "dvar": 0.000405971921282,
        "dvar2": 0.00106713816058,
        "max": 0.500000059605,
        "mean": 0.449591904879,
        "median": 0.457267314196,
        "min": 0.158981069922,
        "var": 0.00120989768766
    },
    "dynamic_complexity": 6.35991239548,
    "erbbands_crest": {
        "dmean": 2.49628973007,
        "dmean2": 3.93332433701,
        "dvar": 6.27567100525,
        "dvar2": 14.7035741806,
        "max": 31.4280395508,
        "mean": 10.2490577698,
        "median": 9.07535076141,
        "min": 2.35938405991,
        "var": 23.7932567596
    },
    "erbbands_flatness_db": {
        "dmean": 0.0164221785963,
        "dmean2": 0.0223725344986,
        "dvar": 0.000295607605949,
        "dvar2": 0.000511395046487,
        "max": 0.390933871269,
        "mean": 0.196966066957,
        "median": 0.192982017994,
        "min": 0.0283328760415,
        "var": 0.0026483067777
    },
    "erbbands_kurtosis": {
        "dmean": 0.931636750698,
        "dmean2": 1.4354070425,
        "dvar": 3.23454380035,
        "dvar2": 6.45710086823,
        "max": 84.4423370361,
        "mean": 0.755496025085,
        "median": -0.181839704514,
        "min": -1.87371730804,
        "var": 10.159787178
    },
    "erbbands_skewness": {
        "dmean": 0.372351080179,
        "dmean2": 0.552300035954,
        "dvar": 0.164746299386,
        "dvar2": 0.325005710125,
        "max": 8.17773151398,
        "mean": 0.424207508564,
        "median": 0.397586226463,
        "min": -5.03190803528,
        "var": 0.888747870922
    },
    "erbbands_spread": {
        "dmean": 7.3156542778,
        "dmean2": 10.8641252518,
        "dvar": 91.3602218628,
        "dvar2": 196.190216064,
        "max": 147.53755188,
        "mean": 36.5159263611,
        "median": 33.7377815247,
        "min": 2.23093938828,
        "var": 401.071655273
    },
    "hfc": {
        "dmean": 4.31175518036,
        "dmean2": 6.06324243546,
        "dvar": 61.1202163696,
        "dvar2": 126.503135681,
        "max": 173.492095947,
        "mean": 14.9802131653,
        "median": 8.75817298889,
        "min": 1.04876463008e-16,
        "var": 295.48614502
    },
    "melbands_crest": {
        "dmean": 2.97356390953,
        "dmean2": 4.83908843994,
        "dvar": 8.23682975769,
        "dvar2": 20.9999389648,
        "max": 34.5853309631,
        "mean": 14.3900470734,
        "median": 13.3941802979,
        "min": 1.59030234814,
        "var": 31.0192718506
    },
    "melbands_flatness_db": {
        "dmean": 0.0248329639435,
        "dmean2": 0.0369640663266,
        "dvar": 0.000714037625585,
        "dvar2": 0.00145326019265,
        "max": 0.523455500603,
        "mean": 0.226809740067,
        "median": 0.222754061222,
        "min": 0.00284052523784,
        "var": 0.00492544192821
    },
    "melbands_kurtosis": {
        "dmean": 7.20039129257,
        "dmean2": 11.1841678619,
        "dvar": 144.43145752,
        "dvar2": 317.544372559,
        "max": 370.698822021,
        "mean": 15.7600135803,
        "median": 8.67061233521,
        "min": -1.88124668598,
        "var": 478.505645752
    },
    "melbands_skewness": {
        "dmean": 0.689162194729,
        "dmean2": 1.03630149364,
        "dvar": 0.590626239777,
        "dvar2": 1.28767704964,
        "max": 16.7551460266,
        "mean": 2.77802181244,
        "median": 2.52059078217,
        "min": -2.66047048569,
        "var": 3.26882076263
    },
    "melbands_spread": {
        "dmean": 6.48579835892,
        "dmean2": 9.78769779205,
        "dvar": 158.248321533,
        "dvar2": 305.071044922,
        "max": 239.176635742,
        "mean": 20.4270496368,
        "median": 14.4839353561,
        "min": 0.364875793457,
        "var": 570.476013184
    },
    "pitch_salience": {
        "dmean": 0.0640120506287,
        "dmean2": 0.102634251118,
        "dvar": 0.00365797500126,
        "dvar2": 0.00904616527259,
        "max": 0.947316884995,
        "mean": 0.572330951691,
        "median": 0.586359798908,
        "min": 0.0762555748224,
        "var": 0.0145544232801
    },
    "silence_rate_20dB": {
        "dmean": 0,
        "dmean2": 0,
        "dvar": 0,
        "dvar2": 0,
        "max": 1,
        "mean": 1,
        "median": 1,
        "min": 1,
        "var": 0
    },
    "silence_rate_30dB": {
        "dmean": 0,
        "dmean2": 0,
        "dvar": 0,
        "dvar2": 0,
        "max": 1,
        "mean": 1,
        "median": 1,
        "min": 1,
        "var": 0
    },
    "silence_rate_60dB": {
        "dmean": 0.0287472493947,
        "dmean2": 0.0574970804155,
        "dvar": 0.0279214773327,
        "dvar2": 0.0595727972686,
        "max": 1,
        "mean": 0.261902630329,
        "median": 0,
        "min": 0,
        "var": 0.19330573082
    },
    "spectral_centroid": {
        "dmean": 218.105667114,
        "dmean2": 326.218902588,
        "dvar": 107188.53125,
        "dvar2": 203820.9375,
        "max": 11650.6005859,
        "mean": 1070.25598145,
        "median": 879.713012695,
        "min": 188.145462036,
        "var": 1058435
    },
    "spectral_complexity": {
        "dmean": 2.36940217018,
        "dmean2": 3.52502012253,
        "dvar": 8.5876865387,
        "dvar2": 16.9399642944,
        "max": 47,
        "mean": 12.9834709167,
        "median": 12,
        "min": 0,
        "var": 83.599861145
    },
    "spectral_decrease": {
        "dmean": 1.65461033763e-09,
        "dmean2": 2.61027488513e-09,
        "dvar": 7.19027409206e-18,
        "dvar2": 1.79877289799e-17,
        "max": 2.22599873715e-28,
        "mean": -5.1055266681e-09,
        "median": -3.67917185606e-09,
        "min": -2.68915751889e-08,
        "var": 2.46089987635e-17
    },
    "spectral_energy": {
        "dmean": 0.00648835813627,
        "dmean2": 0.0101720904931,
        "dvar": 0.000108775377157,
        "dvar2": 0.000269498705165,
        "max": 0.104095563293,
        "mean": 0.0206281896681,
        "median": 0.0149867748842,
        "min": 9.92618592989e-21,
        "var": 0.000397217721911
    },
    "spectral_energyband_high": {
        "dmean": 0.00025051747798,
        "dmean2": 0.00035463925451,
        "dvar": 6.54954988022e-07,
        "dvar2": 1.40360384648e-06,
        "max": 0.0220319889486,
        "mean": 0.000432041357271,
        "median": 8.88607974048e-05,
        "min": 6.95835478831e-21,
        "var": 1.30449450353e-06
    },
    "spectral_energyband_low": {
        "dmean": 0.00193336594384,
        "dmean2": 0.00328631931916,
        "dvar": 2.0358895199e-05,
        "dvar2": 5.63000648981e-05,
        "max": 0.0598383620381,
        "mean": 0.00318178860471,
        "median": 0.00105160020757,
        "min": 1.4529514676e-23,
        "var": 2.77542021649e-05
    },
    "spectral_energyband_middle_high": {
        "dmean": 0.00138607411645,
        "dmean2": 0.00194734276738,
        "dvar": 7.66934499552e-06,
        "dvar2": 1.50993901116e-05,
        "max": 0.0637404099107,
        "mean": 0.00451998319477,
        "median": 0.001577168121,
        "min": 1.17688202075e-21,
        "var": 5.24065580976e-05
    },
    "spectral_energyband_middle_low": {
        "dmean": 0.00536413071677,
        "dmean2": 0.00852727890015,
        "dvar": 8.08132826933e-05,
        "dvar2": 0.000207245757338,
        "max": 0.0953873023391,
        "mean": 0.0135316522792,
        "median": 0.0090439915657,
        "min": 1.42242627399e-22,
        "var": 0.000198778041522
    },
    "spectral_entropy": {
        "dmean": 0.186225503683,
        "dmean2": 0.265833050013,
        "dvar": 0.0433230735362,
        "dvar2": 0.0790112987161,
        "max": 9.82327747345,
        "mean": 7.17598819733,
        "median": 7.19776439667,
        "min": 4.36825180054,
        "var": 0.364880383015
    },
    "spectral_flux": {
        "dmean": 0.0212075859308,
        "dmean2": 0.0331414230168,
        "dvar": 0.000715111789759,
        "dvar2": 0.00156503811013,
        "max": 0.290984302759,
        "mean": 0.063977226615,
        "median": 0.0539914555848,
        "min": 6.25173593449e-11,
        "var": 0.00270452303812
    },
    "spectral_kurtosis": {
        "dmean": 2.63922095299,
        "dmean2": 4.46725273132,
        "dvar": 10.7666358948,
        "dvar2": 30.3682117462,
        "max": 64.7112579346,
        "mean": 6.54400730133,
        "median": 4.89347934723,
        "min": -1.26236557961,
        "var": 35.7326850891
    },
    "spectral_rms": {
        "dmean": 0.000618463847786,
        "dmean2": 0.00092983484501,
        "dvar": 7.06482410351e-07,
        "dvar2": 1.63072718351e-06,
        "max": 0.0100775314495,
        "mean": 0.00380935054272,
        "median": 0.00382377346978,
        "min": 3.11192608141e-12,
        "var": 5.6138724176e-06
    },
    "spectral_rolloff": {
        "dmean": 437.592651367,
        "dmean2": 734.003479004,
        "dvar": 1014359.0625,
        "dvar2": 2177479.25,
        "max": 19896.6796875,
        "mean": 1368.69030762,
        "median": 796.728515625,
        "min": 21.533203125,
        "var": 4100767.75
    },
    "spectral_skewness": {
        "dmean": 0.290670514107,
        "dmean2": 0.467825382948,
        "dvar": 0.0905900001526,
        "dvar2": 0.221275627613,
        "max": 6.43408870697,
        "mean": 1.76609313488,
        "median": 1.64234769344,
        "min": -0.376842468977,
        "var": 0.566810548306
    },
    "spectral_spread": {
        "dmean": 519855.6875,
        "dmean2": 722116.6875,
        "dvar": 556494684160,
        "dvar2": 1.02476808192e+12,
        "max": 42944232,
        "mean": 4079739,
        "median": 3458858,
        "min": 1164433.125,
        "var": 1.11295143608e+13
    },
    "spectral_strongpeak": {
        "dmean": 0.460910469294,
        "dmean2": 0.768148124218,
        "dvar": 0.812320530415,
        "dvar2": 1.96919023991,
        "max": 13.460319519,
        "mean": 0.951371252537,
        "median": 0.533837735653,
        "min": 0,
        "var": 1.8146904707
    },
    "zerocrossingrate": {
        "dmean": 0.00965756364167,
        "dmean2": 0.0111903306097,
        "dvar": 0.000239471395616,
        "dvar2": 0.000255277787801,
        "max": 0.52978515625,
        "mean": 0.0521416328847,
        "median": 0.041015625,
        "min": 0.00634765625,
        "var": 0.00278298277408
    },
    "barkbands": {
        "dmean": [3.18981437886e-05, 0.00061112921685, 0.00105765054468, 0.00134811666794, 0.00344811030664, 0.000908109999727, 0.000610173214227, 0.000705819809809, 0.000511928985361, 0.000443044875283, 0.000255872670095, 0.00031874756678, 0.000367954809917, 0.000328116497258, 0.000289607181912, 0.000163625139976, 0.000208174606087, 0.00013346641208, 5.59697000426e-05, 7.2677838034e-05, 3.62208338629e-05, 4.70800005132e-05, 4.91579266964e-05, 0.000104664286482, 2.10305570363e-05, 1.44578791605e-06, 9.26347709651e-09],
        "dmean2": [5.12831102242e-05, 0.00102446449455, 0.0018534832634, 0.00223896233365, 0.00566487666219, 0.0014243015321, 0.000940633879509, 0.00110666884575, 0.000775897875428, 0.000663670769427, 0.000391955516534, 0.000492545426823, 0.000555085076485, 0.000501967791934, 0.000435361696873, 0.000249905977398, 0.000312522810418, 0.000202048875508, 8.60794316395e-05, 0.000109162167064, 5.38346794201e-05, 7.07676808815e-05, 7.04041231074e-05, 0.000157985283295, 3.05689754896e-05, 2.21209643314e-06, 1.49569263641e-08],
        "dvar": [3.99141919516e-09, 2.23990014092e-06, 7.25903601051e-06, 8.834664186e-06, 4.47446218459e-05, 3.69371014131e-06, 2.15887030208e-06, 3.6445267142e-06, 2.35513834923e-06, 2.05141600418e-06, 1.06136178601e-06, 1.7143892137e-06, 1.80067024758e-06, 1.34194749535e-06, 9.18653540793e-07, 2.94520617672e-07, 2.80013125575e-07, 1.22445925399e-07, 1.32064341685e-08, 2.59294168359e-08, 9.11603059706e-09, 2.68895519184e-08, 3.24092859216e-08, 2.30716210581e-07, 7.07216818441e-09, 4.1043893978e-11, 2.43051847874e-15],
        "dvar2": [9.54194145919e-09, 5.89930778006e-06, 2.08189012483e-05, 2.33149512496e-05, 0.000122126555652, 8.7764883574e-06, 4.87269016958e-06, 8.8389042503e-06, 5.35369645149e-06, 4.56013503936e-06, 2.31890226132e-06, 3.92672518501e-06, 3.92024594476e-06, 3.04611967294e-06, 1.91361004909e-06, 6.40945302166e-07, 5.98943415753e-07, 2.67673527787e-07, 3.07541050404e-08, 5.57788055744e-08, 1.96106988426e-08, 6.29265173302e-08, 6.26068157317e-08, 5.46732394469e-07, 1.41890490468e-08, 1.05614308965e-10, 6.10863856176e-15],
        "max": [0.00104879471473, 0.0256369058043, 0.0441221892834, 0.0549177974463, 0.0798072814941, 0.0366991274059, 0.0463632754982, 0.0486082322896, 0.0454496666789, 0.0434819161892, 0.0444033667445, 0.0463916026056, 0.0459224544466, 0.0481927394867, 0.0332814007998, 0.0194836109877, 0.0188556630164, 0.0127960303798, 0.00273890467361, 0.0110299764201, 0.00285978289321, 0.00547228986397, 0.00801298301667, 0.012058282271, 0.00424845144153, 0.000176195579115, 1.69154384366e-06],
        "mean": [7.51613260945e-05, 0.000866311078425, 0.00136700086296, 0.00200466020033, 0.00636238884181, 0.00171610561665, 0.00103678787127, 0.00108422816265, 0.000923884741496, 0.000808309414424, 0.00046457265853, 0.000573783414438, 0.000647645967547, 0.000564705987927, 0.00052162387874, 0.000283360946923, 0.000425637466833, 0.000252239144174, 0.000117349627544, 0.000153618020704, 6.6405365942e-05, 7.0930167567e-05, 7.7680007962e-05, 0.000132919230964, 2.90832867904e-05, 1.70338682892e-06, 9.755273922e-09],
        "median": [5.88137663726e-05, 0.000205142598134, 0.000276988459518, 0.000558645755518, 0.00301577104256, 0.000656376243569, 0.000311653711833, 0.00019604699628, 0.000147880607983, 0.000111268913315, 7.92089340393e-05, 0.000108590567834, 0.000105179271486, 8.51005534059e-05, 8.2224200014e-05, 5.62166133022e-05, 0.000100911041955, 6.47322449367e-05, 4.37349372078e-05, 5.96581812715e-05, 2.12485756492e-05, 1.06379720819e-05, 8.34534876049e-06, 9.15266718948e-06, 1.65606616065e-06, 1.04238630172e-07, 1.90772242448e-09],
        "min": [4.05449754773e-25, 2.01801407228e-24, 8.61080332233e-25, 7.73839711687e-25, 6.36462720764e-24, 8.259564582e-24, 9.75836164774e-24, 5.14353008536e-24, 1.44348466342e-23, 1.11227478593e-23, 4.11747329987e-24, 1.29992515264e-23, 2.81383403231e-23, 3.08903257672e-23, 3.85286418759e-23, 4.7378796641e-23, 7.04940998599e-23, 9.17000504548e-23, 1.39664907639e-22, 1.73422436719e-22, 2.21669990098e-22, 3.26530733252e-22, 3.51902418474e-22, 5.98115247106e-22, 8.47726438032e-22, 1.26899441827e-21, 1.95317476878e-21],
        "var": [6.18228268578e-09, 2.86035242425e-06, 7.58635815146e-06, 1.41582504511e-05, 7.48360325815e-05, 8.03400962468e-06, 4.62879870611e-06, 7.25705240257e-06, 6.20284799879e-06, 4.95568929182e-06, 3.31206615556e-06, 4.47279990112e-06, 4.40988515038e-06, 3.15415991281e-06, 2.60683145825e-06, 6.64314711685e-07, 8.53475171425e-07, 3.1848989579e-07, 3.71671866617e-08, 7.22974817791e-08, 2.00807672712e-08, 4.38812044479e-08, 8.00524517786e-08, 2.86580501552e-07, 1.63726792124e-08, 4.18645638989e-11, 2.09455514219e-15]
    },
    "erbbands": {
        "dmean": [0.0125363282859, 0.172646924853, 1.0284153223, 2.81559634209, 7.89445400238, 14.3790578842, 10.0369653702, 7.13612699509, 7.70545148849, 11.6109809875, 15.2173748016, 11.3025741577, 15.2771482468, 9.55132770538, 10.3600606918, 13.2301874161, 13.9652490616, 17.2212295532, 14.6987409592, 11.4644832611, 8.37819576263, 9.83602142334, 7.52315998077, 3.32412219048, 3.32021307945, 3.5097193718, 1.54533171654, 1.46711027622, 1.51225507259, 1.71842193604, 1.51198458672, 3.18314409256, 0.935521245003, 0.33909919858, 0.100258134305, 0.0127148600295, 0.00219203531742, 8.90899100341e-05, 7.24775600247e-06, 7.73465399106e-06],
        "dmean2": [0.0186349991709, 0.296262800694, 1.80485665798, 4.69609022141, 12.7932786942, 23.9659175873, 15.828332901, 11.4283084869, 12.226149559, 17.5331726074, 23.8267002106, 16.9457092285, 22.879781723, 14.1153249741, 15.7018556595, 20.300819397, 20.7524261475, 25.9698581696, 21.6929950714, 16.6880893707, 12.5635023117, 14.4868144989, 11.0772161484, 5.00631904602, 4.99784326553, 5.25385093689, 2.32111120224, 2.17218136787, 2.26105189323, 2.56718540192, 2.17013144493, 4.91619253159, 1.35935795307, 0.488020986319, 0.147425159812, 0.018763160333, 0.00344018288888, 0.000133267225465, 1.05630278995e-05, 1.18848538477e-05],
        "dvar": [0.0012534778798, 0.181699648499, 6.78532648087, 42.5075759888, 194.357437134, 1068.12561035, 474.583068848, 280.011962891, 382.511108398, 890.463928223, 1984.70410156, 1338.80981445, 2380.13110352, 1208.78088379, 1583.24353027, 3038.7421875, 2641.50317383, 3700.82739258, 2648.9699707, 1617.67431641, 508.232177734, 579.613891602, 371.611358643, 53.041885376, 43.0449676514, 66.4571228027, 15.5117712021, 17.8098869324, 25.6870708466, 39.0971946716, 31.3968639374, 262.520996094, 12.5740251541, 2.00772643089, 0.146313294768, 0.00232812156901, 0.000150213571033, 1.83933096309e-07, 5.0995868639e-10, 1.50952736422e-10],
        "dvar2": [0.00275154947303, 0.500085413456, 19.4831504822, 113.359313965, 511.713806152, 2902.48242188, 1164.42919922, 695.330810547, 910.916625977, 1957.25036621, 4850.49658203, 3069.30834961, 5449.85449219, 2424.36230469, 3685.02563477, 6996.72900391, 5673.74560547, 8275.390625, 5604.04785156, 3180.06103516, 1088.77770996, 1231.56774902, 792.028198242, 117.023101807, 96.6970367432, 142.969009399, 34.3278656006, 38.3307304382, 57.2717590332, 90.2543640137, 62.372833252, 636.725158691, 24.4291133881, 3.73335456848, 0.33197414875, 0.00556231057271, 0.000395264156396, 4.70031551458e-07, 1.20796117553e-09, 3.57608193058e-10],
        "max": [0.614354252815, 6.44539690018, 42.273349762, 111.408241272, 222.8934021, 442.143829346, 536.119140625, 410.255737305, 595.845336914, 963.342651367, 1247.99755859, 1351.93444824, 1661.58874512, 2107.62963867, 2049.25732422, 2075.72363281, 1909.58154297, 2465.45874023, 2153.49731445, 1940.58813477, 844.363708496, 845.612487793, 585.44543457, 262.297546387, 168.238891602, 596.621887207, 133.398178101, 129.295333862, 154.45980835, 252.664291382, 225.469894409, 407.72946167, 148.755722046, 70.2966918945, 14.7621307373, 1.47639369965, 0.337382555008, 0.0115577876568, 0.000623647531029, 0.000156673384481],
        "mean": [0.0160151310265, 0.239205613732, 1.34749817848, 4.56696796417, 13.311750412, 23.773431778, 19.0556488037, 12.727807045, 12.9232816696, 20.3905639648, 24.695230484, 20.7622585297, 28.9993686676, 19.525718689, 20.7610740662, 25.7767944336, 27.170167923, 33.2922210693, 28.8218841553, 22.0410327911, 17.7319793701, 21.7403068542, 16.0470123291, 7.36875486374, 7.33266592026, 7.44984102249, 2.99137091637, 2.66030573845, 2.41766285896, 2.4741332531, 2.34311890602, 3.81786179543, 1.34668529034, 0.484381973743, 0.131141662598, 0.0163512323052, 0.00236844015308, 0.000109912347398, 1.73442367668e-05, 2.54361475527e-05],
        "median": [0.00250509381294, 0.068866789341, 0.360030710697, 1.48132026196, 5.62604618073, 9.18451309204, 6.53734874725, 4.92186450958, 4.99433326721, 4.92633962631, 5.31249761581, 4.24110794067, 4.23873806, 3.39261841774, 4.74192047119, 5.22649526596, 4.95622301102, 5.53942871094, 4.27134609222, 4.39007472992, 4.43003845215, 5.31171941757, 4.29709434509, 2.57456588745, 2.96824598312, 2.78635954857, 1.19512224197, 0.721386253834, 0.380537033081, 0.314526438713, 0.239574745297, 0.237455606461, 0.110336363316, 0.0288071520627, 0.00810110382736, 0.00113086856436, 0.000116938455903, 1.27450130094e-05, 9.9810786196e-06, 1.85152493941e-05],
        "min": [9.05412832048e-23, 5.35835069914e-22, 1.73932515443e-21, 5.68689983084e-21, 3.26119934882e-21, 1.64363631148e-20, 3.60155892734e-20, 7.43421143831e-20, 1.4022514378e-19, 1.10191495283e-19, 2.66905360126e-19, 4.51737859875e-19, 4.92050868919e-19, 4.64600053111e-19, 5.74743132479e-19, 9.50400331731e-19, 1.90374356529e-18, 1.9182450754e-18, 1.93821631731e-18, 2.72648738783e-18, 2.87801322757e-18, 4.83649195437e-18, 5.03467698452e-18, 5.70719053895e-18, 7.84235463101e-18, 7.56973161754e-18, 9.14652728943e-18, 1.01653664771e-17, 1.03943275891e-17, 1.19370343208e-17, 9.640188679e-18, 9.74376658094e-18, 9.40319481606e-18, 8.06665127155e-18, 6.12152365342e-18, 4.43539662484e-18, 2.32153574228e-18, 8.35331340116e-19, 2.49280183375e-19, 2.66026535655e-20],
        "var": [0.00166333920788, 0.204231530428, 6.61150693893, 65.5904998779, 380.235443115, 1527.08764648, 1083.20471191, 483.657287598, 663.927062988, 2112.74194336, 4016.61767578, 3286.14916992, 5814.69140625, 4098.93505859, 4346.22949219, 8084.64892578, 7039.44824219, 9930.16699219, 7986.39404297, 5104.44970703, 1563.86682129, 1970.65734863, 1206.47912598, 168.101837158, 132.724822998, 178.971069336, 32.6639099121, 39.2168197632, 49.495677948, 64.5600814819, 73.2128448486, 281.030151367, 29.4185905457, 5.13236427307, 0.251098334789, 0.00338374520652, 0.000127530976897, 1.76955012421e-07, 8.31243740507e-10, 6.09796935169e-10]
    },
    "gfcc": {
        "mean": [-89.5477752686, 122.251831055, -132.116836548, 32.0136642456, -66.493522644, 4.47627925873, -49.0937957764, -4.86875200272, -25.3184661865, -13.2621536255, -9.790391922, -13.6365470886, -4.3891916275],
        "cov": [[23442.6894531, 518.748596191, -2686.65795898, 1756.66589355, -808.103515625, 654.39263916, -562.573181152, 168.918075562, -216.628494263, -479.441680908, 131.610534668, -587.523071289, -53.9884338379], [518.748596191, 1280.66394043, -412.634918213, -365.628204346, 315.826782227, -289.43182373, 137.937911987, -115.909667969, 45.3615570068, -130.255187988, 64.1311035156, -99.9099197388, 38.1128845215], [-2686.65795898, -412.634918213, 1045.04602051, 97.7104721069, -45.7425422668, 130.53692627, -28.1941738129, 27.9724063873, -12.895529747, 122.607879639, -46.1067123413, 153.988372803, -41.636932373], [1756.66589355, -365.628204346, 97.7104721069, 670.060241699, -70.4586181641, 130.678497314, -99.8909606934, 41.6906433105, -5.50745296478, -23.3425140381, 8.48337459564, -27.7856483459, -2.93787741661], [-808.103515625, 315.826782227, -45.7425422668, -70.4586181641, 319.652099609, -89.9104766846, 63.7030563354, -13.5248212814, 47.4495925903, -30.516998291, 13.2639389038, -23.3314247131, 26.5544013977], [654.39263916, -289.43182373, 130.53692627, 130.678497314, -89.9104766846, 315.221588135, 51.6603546143, 38.1884841919, -49.1396598816, 45.8407363892, -21.2441730499, 15.889591217, -38.3396911621], [-562.573181152, 137.937911987, -28.1941738129, -99.8909606934, 63.7030563354, 51.6603546143, 246.161407471, 5.28122282028, -3.46416902542, 8.39883518219, 12.3245687485, 0.230924502015, -1.98458731174], [168.918075562, -115.909667969, 27.9724063873, 41.6906433105, -13.5248212814, 38.1884841919, 5.28122282028, 143.072570801, 35.1439704895, 27.2400875092, -20.4953689575, 5.43451833725, -7.12945747375], [-216.628494263, 45.3615570068, -12.895529747, -5.50745296478, 47.4495925903, -49.1396598816, -3.46416902542, 35.1439704895, 115.784988403, 17.9428329468, -3.71483469009, -5.6274933815, 13.2698535919], [-479.441680908, -130.255187988, 122.607879639, -23.3425140381, -30.516998291, 45.8407363892, 8.39883518219, 27.2400875092, 17.9428329468, 120.625579834, 3.65304636955, 29.7096385956, -15.8238286972], [131.610534668, 64.1311035156, -46.1067123413, 8.48337459564, 13.2639389038, -21.2441730499, 12.3245687485, -20.4953689575, -3.71483469009, 3.65304636955, 99.9551239014, 11.5490341187, -0.0505970604718], [-587.523071289, -99.9099197388, 153.988372803, -27.7856483459, -23.3314247131, 15.889591217, 0.230924502015, 5.43451833725, -5.6274933815, 29.7096385956, 11.5490341187, 120.929779053, 17.2243766785], [-53.9884338379, 38.1128845215, -41.636932373, -2.93787741661, 26.5544013977, -38.3396911621, -1.98458731174, -7.12945747375, 13.2698535919, -15.8238286972, -0.0505970604718, 17.2243766785, 71.8899002075]],
        "icov": [[0.00027175998548, -0.000618079910055, 0.000685024133418, -0.000725932535715, 0.000780274276622, -0.000940020079724, 0.000761060975492, -0.000547569768969, 0.00022800831357, 0.000169269624166, -9.50773974182e-05, 3.70309753635e-05, 6.22512670816e-05], [-0.000618079910055, 0.00320386933163, -0.00136771798134, 0.00229436275549, -0.00277753197588, 0.00288821011782, -0.00237257150002, 0.00194020604249, -0.000837270810734, 0.000713203975465, -0.000539337226655, 0.000757632777095, -3.82951293432e-05], [0.000685024133418, -0.00136771798134, 0.00326587748714, -0.00212239543907, 0.00153055950068, -0.00241891224869, 0.00198183744214, -0.00102850119583, 0.000663209648337, -0.000563534209505, 0.000753677042667, -0.00188729015645, 0.00134791445453], [-0.000725932535715, 0.00229436275549, -0.00212239543907, 0.00424026465043, -0.00225395010784, 0.00159546418581, -0.00124743732158, 0.00113545719068, -0.00108493992593, 0.000972020090558, -0.00105681538116, 0.00129992514849, -0.000953871989623], [0.000780274276622, -0.00277753197588, 0.00153055950068, -0.00225395010784, 0.0069042481482, -0.00230053579435, 0.00130749179516, -0.00172958499752, -0.000638226920273, 0.000853238569107, -0.000401575729484, 0.000668128370307, -0.000914487347472], [-0.000940020079724, 0.00288821011782, -0.00241891224869, 0.00159546418581, -0.00230053579435, 0.00875308178365, -0.00464588031173, 0.00138404686004, 0.00114738882985, -0.00171345029958, 0.00128857512027, -0.000232527265325, 0.00142163818236], [0.000761060975492, -0.00237257150002, 0.00198183744214, -0.00124743732158, 0.00130749179516, -0.00464588031173, 0.00758888106793, -0.00214358838275, 0.000849826319609, 0.000142965596751, -0.000968733686022, -8.38242613099e-06, -0.000161576332175], [-0.000547569768969, 0.00194020604249, -0.00102850119583, 0.00113545719068, -0.00172958499752, 0.00138404686004, -0.00214358838275, 0.0100321443751, -0.0035547723528, -0.00115148292389, 0.00173266348429, -0.000621938263066, 0.000876550853718], [0.00022800831357, -0.000837270810734, 0.000663209648337, -0.00108493992593, -0.000638226920273, 0.00114738882985, 0.000849826319609, -0.0035547723528, 0.0119368089363, -0.00288315303624, 0.000605513341725, 0.000628152745776, -0.00151457567699], [0.000169269624166, 0.000713203975465, -0.000563534209505, 0.000972020090558, 0.000853238569107, -0.00171345029958, 0.000142965596751, -0.00115148292389, -0.00288315303624, 0.0123950606212, -0.00226970389485, -0.000378581229597, 0.0014727297239], [-9.50773974182e-05, -0.000539337226655, 0.000753677042667, -0.00105681538116, -0.000401575729484, 0.00128857512027, -0.000968733686022, 0.00173266348429, 0.000605513341725, -0.00226970389485, 0.0121983978897, -0.00326380762272, 0.00176770286635], [3.70309753635e-05, 0.000757632777095, -0.00188729015645, 0.00129992514849, 0.000668128370307, -0.000232527265325, -8.38242613099e-06, -0.000621938263066, 0.000628152745776, -0.000378581229597, -0.00326380762272, 0.0131384544075, -0.00519598321989], [6.22512670816e-05, -3.82951293432e-05, 0.00134791445453, -0.000953871989623, -0.000914487347472, 0.00142163818236, -0.000161576332175, 0.000876550853718, -0.00151457567699, 0.0014727297239, 0.00176770286635, -0.00519598321989, 0.0177472494543]]
    },
    "melbands": {
        "dmean": [0.000133027584525, 0.000423905439675, 0.000599873776082, 0.00078770017717, 0.000419368792791, 0.000160907686222, 0.000118869960716, 0.000132935718284, 0.000117319446872, 7.19342933735e-05, 7.69114558352e-05, 4.000917761e-05, 3.49364891008e-05, 3.7021774915e-05, 3.56453965651e-05, 3.37429555657e-05, 3.37317687809e-05, 2.56136845564e-05, 1.7902269974e-05, 1.30037724375e-05, 1.10857881737e-05, 1.06812658487e-05, 1.12708094093e-05, 5.06089781993e-06, 2.68671215053e-06, 2.38225220528e-06, 3.01466025121e-06, 2.22631592806e-06, 9.95061782305e-07, 9.52072355176e-07, 8.81023765942e-07, 8.11710094695e-07, 1.11639644729e-06, 9.29613520384e-07, 8.40127199808e-07, 1.29638056023e-06, 2.15418367588e-06, 6.3332913669e-07, 4.42111286247e-07, 2.47025951694e-07],
        "dmean2": [0.000212962986552, 0.000741895928513, 0.000988522311673, 0.00130216078833, 0.00067298283102, 0.000255599967204, 0.000186365025002, 0.000202397684916, 0.000182819625479, 0.000107542779006, 0.00011514115613, 5.95094024902e-05, 5.28769305674e-05, 5.65209775232e-05, 5.31025980308e-05, 5.05962052557e-05, 5.14515049872e-05, 3.81256941182e-05, 2.6317055017e-05, 1.94506810658e-05, 1.68596870935e-05, 1.59048886417e-05, 1.67223770404e-05, 7.65552704252e-06, 4.14279611505e-06, 3.6821534195e-06, 4.56183988717e-06, 3.36254993272e-06, 1.5226190726e-06, 1.44187674778e-06, 1.32411105369e-06, 1.21387427043e-06, 1.74696253907e-06, 1.39666656196e-06, 1.21945629417e-06, 1.97216809283e-06, 3.35431423082e-06, 9.39512460718e-07, 6.37893151634e-07, 3.60827044688e-07],
        "dvar": [1.12778593575e-07, 1.13242901989e-06, 1.46347088048e-06, 2.41090970121e-06, 7.52002961235e-07, 1.30056832859e-07, 8.27532034009e-08, 1.0528439276e-07, 1.13990651585e-07, 5.26734424966e-08, 6.06790067081e-08, 2.17634745781e-08, 1.75491461363e-08, 2.44890685508e-08, 1.92092244333e-08, 1.45542262686e-08, 1.51782177937e-08, 8.46451797543e-09, 3.92610788325e-09, 2.2668937838e-09, 1.01764008331e-09, 7.64104501894e-10, 8.55877368977e-10, 2.01127170474e-10, 3.72261249604e-11, 2.66549785716e-11, 4.29111919609e-11, 2.87773624374e-11, 6.45492730447e-12, 6.74141211604e-12, 7.02679928133e-12, 7.53439585027e-12, 2.08143953462e-11, 1.15476517237e-11, 1.17129743404e-11, 2.90567864908e-11, 1.2575389341e-10, 6.28884487888e-12, 3.39233675872e-12, 1.10630526007e-12],
        "dvar2": [2.7361485877e-07, 3.23035442307e-06, 3.88811622543e-06, 6.63362243358e-06, 1.93570372176e-06, 3.19008279348e-07, 1.93733626475e-07, 2.35736649756e-07, 2.74130229627e-07, 1.20359047173e-07, 1.38461444976e-07, 4.39201670588e-08, 3.89045062832e-08, 5.58640067538e-08, 3.96287163085e-08, 3.16670494271e-08, 3.41024630757e-08, 1.78227583802e-08, 7.76009567716e-09, 4.79583084356e-09, 2.15697770756e-09, 1.66737168517e-09, 1.81112480568e-09, 4.2447423354e-10, 8.42873479345e-11, 6.08059505525e-11, 9.60010959616e-11, 6.30703753113e-11, 1.44282997008e-11, 1.54728278801e-11, 1.54144717823e-11, 1.63171628986e-11, 5.34417336773e-11, 2.57110253227e-11, 2.37465845598e-11, 6.99880847721e-11, 3.04735986445e-10, 1.23448499686e-11, 6.16647661753e-12, 2.18225199196e-12],
        "max": [0.00591724412516, 0.0170252770185, 0.0186621807516, 0.0208567045629, 0.0156784728169, 0.00799533817917, 0.00987881235778, 0.00907562021166, 0.00989800132811, 0.00758674181998, 0.00805420149118, 0.00869395583868, 0.00578179582953, 0.00655125360936, 0.00600700592622, 0.00353242456913, 0.00559302140027, 0.00378904887475, 0.00292857224122, 0.0018222265644, 0.001340826042, 0.00120261043776, 0.00130870100111, 0.000684497586917, 0.000236669453443, 0.000165041026776, 0.000363594677765, 0.000367397238733, 8.34477832541e-05, 8.11347854324e-05, 7.99154877313e-05, 8.04780138424e-05, 0.000148144492414, 0.000119189397083, 0.000146654507262, 0.000141921438626, 0.000288959417958, 0.000111786677735, 8.31515280879e-05, 5.50333897991e-05],
        "mean": [0.000191343977349, 0.000576254795305, 0.00101871334482, 0.00136636849493, 0.000785873213317, 0.000291578355245, 0.000203843534109, 0.000225617608521, 0.00018966665084, 0.000131308159325, 0.00014316936722, 7.68926256569e-05, 6.70633016853e-05, 6.83935650159e-05, 6.35072574369e-05, 6.07863330515e-05, 6.0501814005e-05, 4.65225821245e-05, 3.21812658512e-05, 2.32232778217e-05, 2.13112998608e-05, 2.20251586143e-05, 2.19225348701e-05, 9.87279418041e-06, 5.30200304638e-06, 4.77696039525e-06, 6.19357342657e-06, 4.45654222858e-06, 1.77825415903e-06, 1.60176534791e-06, 1.51161020767e-06, 1.29653096792e-06, 1.4647567923e-06, 1.33822982207e-06, 1.28606382077e-06, 1.68303370174e-06, 2.50205926022e-06, 9.01204657566e-07, 6.32383716948e-07, 3.30687527139e-07],
        "median": [4.20474025304e-05, 0.000168772472534, 0.000387233652873, 0.00062023033388, 0.000288978626486, 0.000112135821837, 7.72381463321e-05, 5.45258953935e-05, 3.72306276404e-05, 2.2028463718e-05, 1.95762186195e-05, 1.14309968922e-05, 1.35855625558e-05, 1.33126068249e-05, 1.09507909656e-05, 1.02798803709e-05, 9.3073649623e-06, 6.19185811956e-06, 5.2262803365e-06, 4.89864760311e-06, 4.87530314786e-06, 5.29011776962e-06, 4.61932086182e-06, 2.51095229942e-06, 1.76075423042e-06, 1.68571841641e-06, 2.32411366596e-06, 1.57429121828e-06, 6.50706510896e-07, 4.72467490908e-07, 3.58618649443e-07, 1.92560264622e-07, 1.86442164818e-07, 1.57179556481e-07, 1.25927627437e-07, 1.34120796247e-07, 1.39196885129e-07, 7.82700340096e-08, 3.84904481621e-08, 1.74526721963e-08],
        "min": [1.44037442153e-24, 4.65888727457e-25, 1.51523889915e-24, 4.46726901638e-25, 9.87286934408e-25, 1.60642895182e-24, 2.19234858525e-24, 1.18667783909e-24, 2.31947667557e-24, 2.53445172465e-24, 2.2467085958e-24, 1.61428669669e-24, 1.14901988745e-24, 1.22947009193e-24, 2.57952861728e-24, 2.95390721176e-24, 3.02943531862e-24, 2.50456553204e-24, 2.99078527578e-24, 2.61117594186e-24, 3.47674153998e-24, 4.16192048428e-24, 3.04988772088e-24, 3.34866405557e-24, 3.0552722882e-24, 4.73499322204e-24, 4.23188021923e-24, 4.34335730919e-24, 4.62215179715e-24, 4.4088453861e-24, 4.70076375851e-24, 4.61410502148e-24, 4.78748087123e-24, 5.62659103283e-24, 4.97546603052e-24, 5.59070141151e-24, 6.00467115988e-24, 6.32088842032e-24, 6.38756925492e-24, 6.30780003462e-24],
        "var": [1.5705433043e-07, 1.14441616006e-06, 2.46123636316e-06, 3.68925520888e-06, 1.55034149429e-06, 2.42213189949e-07, 1.54824206788e-07, 2.38580724954e-07, 2.30258194733e-07, 1.35711289317e-07, 1.45742831137e-07, 7.09712466573e-08, 5.55575034866e-08, 7.16100458931e-08, 5.40441753571e-08, 3.55800899854e-08, 3.73081121552e-08, 2.4701815704e-08, 1.19561445189e-08, 5.4900928248e-09, 2.75127476357e-09, 2.24456964126e-09, 2.6293953681e-09, 5.65452462631e-10, 1.02368571953e-10, 7.15055306633e-11, 1.15461890049e-10, 7.14038064786e-11, 1.29103889038e-11, 1.23170657701e-11, 1.47615582952e-11, 1.5497915451e-11, 2.36214485472e-11, 2.11634407915e-11, 2.66140633837e-11, 3.78808096002e-11, 1.32124047814e-10, 1.50088899642e-11, 8.8655419811e-12, 2.56689678194e-12]
    },
    "mfcc": {
        "mean": [-715.506713867, 137.968139648, -3.8635160923, 19.222864151, 4.51950836182, -1.48759436607, -7.03721904755, -3.71112418175, -11.0647850037, -2.518055439, -11.4333639145, -1.07828938961, -7.66901731491],
        "cov": [[17117.5976562, -639.35345459, -1026.12573242, 621.49597168, 104.517745972, 212.659408569, 55.613658905, 322.060424805, -275.283477783, 260.670043945, -56.6008224487, 57.1531257629, -297.887176514], [-639.35345459, 1656.72033691, -578.362731934, -112.475395203, -11.4693212509, -134.337783813, 27.6471328735, -43.377368927, -15.9636659622, -23.3397388458, -31.4255409241, -12.1068563461, -21.5458545685], [-1026.12573242, -578.362731934, 922.368347168, 31.5863761902, 32.2833213806, 120.91758728, -2.15183329582, 12.1185264587, 13.2624053955, -46.6492195129, 20.1604671478, 6.17320013046, 80.7641296387], [621.49597168, -112.475395203, 31.5863761902, 369.387969971, 122.747779846, 4.50731229782, -27.0459880829, 19.9876785278, -6.91106319427, 3.38525652885, -35.0782279968, 9.65909004211, 15.3170938492], [104.517745972, -11.4693212509, 32.2833213806, 122.747779846, 234.950942993, -9.7167634964, -55.1572227478, -8.31574726105, 3.27813315392, 7.06683254242, -28.2724971771, -4.72546052933, 1.64405870438], [212.659408569, -134.337783813, 120.91758728, 4.50731229782, -9.7167634964, 201.694824219, 81.4736099243, 24.7385005951, 1.56438708305, -1.70069468021, 25.943977356, -10.005027771, -14.8712215424], [55.613658905, 27.6471328735, -2.15183329582, -27.0459880829, -55.1572227478, 81.4736099243, 173.897705078, 43.755279541, -5.41966342926, 6.36250448227, 21.2285270691, 2.28441119194, -3.7862007618], [322.060424805, -43.377368927, 12.1185264587, 19.9876785278, -8.31574726105, 24.7385005951, 43.755279541, 115.981796265, 24.1678829193, 1.38761532307, 3.45149493217, 2.30022740364, 2.20865225792], [-275.283477783, -15.9636659622, 13.2624053955, -6.91106319427, 3.27813315392, 1.56438708305, -5.41966342926, 24.1678829193, 136.474456787, 26.379076004, 10.5783720016, -5.16318225861, -5.42145586014], [260.670043945, -23.3397388458, -46.6492195129, 3.38525652885, 7.06683254242, -1.70069468021, 6.36250448227, 1.38761532307, 26.379076004, 109.819900513, 24.7543888092, -6.23262453079, -8.36886692047], [-56.6008224487, -31.4255409241, 20.1604671478, -35.0782279968, -28.2724971771, 25.943977356, 21.2285270691, 3.45149493217, 10.5783720016, 24.7543888092, 87.2547836304, 19.260351181, -0.546524107456], [57.1531257629, -12.1068563461, 6.17320013046, 9.65909004211, -4.72546052933, -10.005027771, 2.28441119194, 2.30022740364, -5.16318225861, -6.23262453079, 19.260351181, 74.782585144, 30.4438610077], [-297.887176514, -21.5458545685, 80.7641296387, 15.3170938492, 1.64405870438, -14.8712215424, -3.7862007618, 2.20865225792, -5.42145586014, -8.36886692047, -0.546524107456, 30.4438610077, 95.2878112793]],
