{
"lowlevel": {
    "average_loudness": 0.91699886322,
    "barkbands_crest": {
        "dmean": 2.3757250309,
        "dmean2": 3.87552070618,
        "dvar": 4.75121593475,
        "dvar2": 12.31320858,
        "max": 25.5265083313,
        "mean": 9.7828502655,
        "median": 9.24007987976,
        "min": 2.63912820816,
        "var": 13.3193159103
    },
    "barkbands_flatness_db": {
        "dmean": 0.0206660218537,
        "dmean2": 0.0308265518397,
        "dvar": 0.00049578078324,
        "dvar2": 0.000956062402111,
        "max": 0.35030323267,
        "mean": 0.131435677409,
        "median": 0.124003425241,
        "min": 0.0310946889222,
        "var": 0.00227163056843
    },
    "barkbands_kurtosis": {
        "dmean": 3.18570280075,
        "dmean2": 4.91568040848,
        "dvar": 33.2908744812,
        "dvar2": 65.3727340698,
        "max": 133.590789795,
        "mean": 5.03596162796,
        "median": 0.998298406601,
        "min": -1.91933941841,
        "var": 111.06162262
    },
    "barkbands_skewness": {
        "dmean": 0.597847938538,
        "dmean2": 0.878707110882,
        "dvar": 0.42823150754,
        "dvar2": 0.85112208128,
        "max": 9.04966545105,
        "mean": 1.51227724552,
        "median": 1.30029821396,
        "min": -4.78720664978,
        "var": 2.18187069893
    },
    "barkbands_spread": {
        "dmean": 6.44061279297,
        "dmean2": 9.79959869385,
        "dvar": 55.0273208618,
        "dvar2": 120.255889893,
        "max": 117.614089966,
        "mean": 26.3113250732,
        "median": 24.6480026245,
        "min": 0.749777555466,
        "var": 283.456451416
    },
    "dissonance": {
        "dmean": 0.0174385774881,
        "dmean2": 0.0295054242015,
        "dvar": 0.000334155192832,
        "dvar2": 0.000906023080461,
        "max": 0.500000119209,
        "mean": 0.469070404768,
        "median": 0.475897818804,
        "min": 0.291742444038,
        "var": 0.000590725219809
    },
    "dynamic_complexity": 3.82225179672,
    "erbbands_crest": {
        "dmean": 2.71626257896,
        "dmean2": 4.3376698494,
        "dvar": 7.73880958557,
        "dvar2": 17.8980045319,
        "max": 32.6716575623,
        "mean": 9.4215965271,
        "median": 7.79790210724,
        "min": 2.16197609901,
        "var": 29.0866279602
    },
    "erbbands_flatness_db": {
        "dmean": 0.017619792372,
        "dmean2": 0.0250712763518,
        "dvar": 0.000334427953931,
        "dvar2": 0.000651915906928,
        "max": 0.329282820225,
        "mean": 0.148328095675,
        "median": 0.142224028707,
        "min": 0.0301311723888,
        "var": 0.00193874898832
    },
    "erbbands_kurtosis": {
        "dmean": 1.04272913933,
        "dmean2": 1.63101005554,
        "dvar": 2.54803991318,
        "dvar2": 6.04686117172,
        "max": 29.6622428894,
        "mean": 0.759959757328,
        "median": 0.0588607788086,
        "min": -1.85844087601,
        "var": 5.68467140198
    },
    "erbbands_skewness": {
        "dmean": 0.360464662313,
        "dmean2": 0.537382900715,
        "dvar": 0.133090645075,
        "dvar2": 0.274265646935,
        "max": 3.79341101646,
        "mean": 0.0272468328476,
        "median": 0.0165448859334,
        "min": -4.24378681183,
        "var": 0.694581985474
    },
    "erbbands_spread": {
        "dmean": 9.68390274048,
        "dmean2": 14.8131532669,
        "dvar": 119.420204163,
        "dvar2": 267.202941895,
        "max": 156.788162231,
        "mean": 40.2286605835,
        "median": 37.2158622742,
        "min": 3.36681628227,
        "var": 381.593414307
    },
    "hfc": {
        "dmean": 6.82026767731,
        "dmean2": 9.07025241852,
        "dvar": 110.134033203,
        "dvar2": 209.931427002,
        "max": 140.546661377,
        "mean": 17.8686141968,
        "median": 10.8073282242,
        "min": 1.13938570725e-16,
        "var": 386.040100098
    },
    "melbands_crest": {
        "dmean": 3.04678821564,
        "dmean2": 4.94034767151,
        "dvar": 8.09969902039,
        "dvar2": 20.0864830017,
        "max": 31.2889442444,
        "mean": 14.9652423859,
        "median": 14.5282526016,
        "min": 1.64570975304,
        "var": 23.5842075348
    },
    "melbands_flatness_db": {
        "dmean": 0.0278330873698,
        "dmean2": 0.040312319994,
        "dvar": 0.000877051148564,
        "dvar2": 0.00161198666319,
        "max": 0.496762186289,
        "mean": 0.20057426393,
        "median": 0.191100761294,
        "min": 0.00396754499525,
        "var": 0.00502728298306
    },
    "melbands_kurtosis": {
        "dmean": 8.27795982361,
        "dmean2": 12.7484207153,
        "dvar": 202.256851196,
        "dvar2": 437.852386475,
        "max": 233.882110596,
        "mean": 15.816116333,
        "median": 7.17294216156,
        "min": -1.81724131107,
        "var": 560.518310547
    },
    "melbands_skewness": {
        "dmean": 0.83497184515,
        "dmean2": 1.23986887932,
        "dvar": 0.795055747032,
        "dvar2": 1.64226531982,
        "max": 13.2759437561,
        "mean": 2.81941890717,
        "median": 2.49242711067,
        "min": -2.58133125305,
        "var": 3.55874013901
    },
    "melbands_spread": {
        "dmean": 8.82151031494,
        "dmean2": 13.1764879227,
        "dvar": 148.722305298,
        "dvar2": 316.838043213,
        "max": 244.811050415,
        "mean": 28.9416885376,
        "median": 24.1867637634,
        "min": 0.638114690781,
        "var": 546.576721191
    },
    "pitch_salience": {
        "dmean": 0.0705483257771,
        "dmean2": 0.113572098315,
        "dvar": 0.00412896601483,
        "dvar2": 0.010440367274,
        "max": 0.844271421432,
        "mean": 0.521196126938,
        "median": 0.518752276897,
        "min": 0.130982920527,
        "var": 0.0113826347515
    },
    "silence_rate_20dB": {
        "dmean": 0,
        "dmean2": 0,
        "dvar": 0,
        "dvar2": 0,
        "max": 1,
        "mean": 1,
        "median": 1,
        "min": 1,
        "var": 0
    },
    "silence_rate_30dB": {
        "dmean": 0,
        "dmean2": 0,
        "dvar": 0,
        "dvar2": 0,
        "max": 1,
        "mean": 1,
        "median": 1,
        "min": 1,
        "var": 0
    },
    "silence_rate_60dB": {
        "dmean": 0.0396546199918,
        "dmean2": 0.0793219283223,
        "dvar": 0.0380812846124,
        "dvar2": 0.0877389237285,
        "max": 1,
        "mean": 0.0975219830871,
        "median": 0,
        "min": 0,
        "var": 0.0880109891295
    },
    "spectral_centroid": {
        "dmean": 278.4168396,
        "dmean2": 409.880767822,
        "dvar": 117234.398438,
        "dvar2": 227078.09375,
        "max": 11676.5878906,
        "mean": 1511.60827637,
        "median": 1504.65332031,
        "min": 153.99382019,
        "var": 782314.3125
    },
    "spectral_complexity": {
        "dmean": 3.63223528862,
        "dmean2": 5.11274576187,
        "dvar": 24.5599422455,
        "dvar2": 41.5213088989,
        "max": 57,
        "mean": 15.1394081116,
        "median": 13,
        "min": 0,
        "var": 101.474853516
    },
    "spectral_decrease": {
        "dmean": 1.68658476074e-09,
        "dmean2": 2.45009990074e-09,
        "dvar": 5.04025300902e-18,
        "dvar2": 1.03607821065e-17,
        "max": 9.32100018905e-29,
        "mean": -4.80883732834e-09,
        "median": -3.61443341923e-09,
        "min": -2.77257026227e-08,
        "var": 1.69343260503e-17
    },
    "spectral_energy": {
        "dmean": 0.006838390138,
        "dmean2": 0.00983917526901,
        "dvar": 8.25455645099e-05,
        "dvar2": 0.000165913224919,
        "max": 0.108055792749,
        "mean": 0.0197704043239,
        "median": 0.0149418320507,
        "min": 1.05121537288e-20,
        "var": 0.000286657421384
    },
    "spectral_energyband_high": {
        "dmean": 0.000413563102484,
        "dmean2": 0.000587086135056,
        "dvar": 5.3711170267e-07,
        "dvar2": 1.16727301247e-06,
        "max": 0.0109967552125,
        "mean": 0.000833767582662,
        "median": 0.000376510666683,
        "min": 7.32773778384e-21,
        "var": 1.47269463469e-06
    },
    "spectral_energyband_low": {
        "dmean": 0.00331568950787,
        "dmean2": 0.00507450290024,
        "dvar": 2.80325511994e-05,
        "dvar2": 6.57113123452e-05,
        "max": 0.0760559886694,
        "mean": 0.00758461235091,
        "median": 0.00560869276524,
        "min": 3.62979830497e-23,
        "var": 5.88593502471e-05
    },
    "spectral_energyband_middle_high": {
        "dmean": 0.0022692095954,
        "dmean2": 0.00312735233456,
        "dvar": 1.48409299072e-05,
        "dvar2": 2.8161719456e-05,
        "max": 0.0635558143258,
        "mean": 0.00545603455976,
        "median": 0.00225220294669,
        "min": 1.39592928184e-21,
        "var": 5.89725350437e-05
    },
    "spectral_energyband_middle_low": {
        "dmean": 0.00345207587816,
        "dmean2": 0.00546795269474,
        "dvar": 3.2152122003e-05,
        "dvar2": 7.87224780652e-05,
        "max": 0.0940990447998,
        "mean": 0.0069548333995,
        "median": 0.00400924356654,
        "min": 1.82590401455e-22,
        "var": 6.73112153891e-05
    },
    "spectral_entropy": {
        "dmean": 0.184820562601,
        "dmean2": 0.264634430408,
        "dvar": 0.0412035062909,
        "dvar2": 0.0756634995341,
        "max": 9.81591510773,
        "mean": 7.50761842728,
        "median": 7.51453733444,
        "min": 5.66965818405,
        "var": 0.198953300714
    },
    "spectral_flux": {
        "dmean": 0.0235063750297,
        "dmean2": 0.0364516302943,
        "dvar": 0.000670503824949,
        "dvar2": 0.00153446628246,
        "max": 0.248733878136,
        "mean": 0.0732592344284,
        "median": 0.0647891685367,
        "min": 6.76285139001e-11,
        "var": 0.00218085036613
    },
    "spectral_kurtosis": {
        "dmean": 1.40337920189,
        "dmean2": 2.25450587273,
        "dvar": 2.81500649452,
        "dvar2": 6.41789770126,
        "max": 25.2314968109,
        "mean": 4.08193778992,
        "median": 3.42204666138,
        "min": -1.2678283453,
        "var": 7.97108983994
    },
    "spectral_rms": {
        "dmean": 0.000732838991098,
        "dmean2": 0.00102783530019,
        "dvar": 7.05425350134e-07,
        "dvar2": 1.29120462589e-06,
        "max": 0.010267438367,
        "mean": 0.00395771861076,
        "median": 0.00381803582422,
        "min": 3.20246151646e-12,
        "var": 3.62453442904e-06
    },
    "spectral_rolloff": {
        "dmean": 532.503112793,
        "dmean2": 863.169616699,
        "dvar": 803999.8125,
        "dvar2": 1684304.125,
        "max": 18970.7519531,
        "mean": 1761.73571777,
        "median": 1335.05859375,
        "min": 21.533203125,
        "var": 3600668.25
    },
    "spectral_skewness": {
        "dmean": 0.217324659228,
        "dmean2": 0.333783566952,
        "dvar": 0.05761320889,
        "dvar2": 0.122518777847,
        "max": 4.25229978561,
        "mean": 1.51057398319,
        "median": 1.45111846924,
        "min": -0.416921287775,
        "var": 0.261364489794
    },
    "spectral_spread": {
        "dmean": 673980.5625,
        "dmean2": 994456.3125,
        "dvar": 902566379520,
        "dvar2": 1.86002859622e+12,
        "max": 42953100,
        "mean": 4964499,
        "median": 4551753.5,
        "min": 2219819.25,
        "var": 4.39099641037e+12
    },
    "spectral_strongpeak": {
        "dmean": 0.539476156235,
        "dmean2": 0.900984466076,
        "dvar": 1.24688923359,
        "dvar2": 2.83987307549,
        "max": 14.3433990479,
        "mean": 0.945713996887,
        "median": 0.346600025892,
        "min": 0,
        "var": 2.71247506142
    },
    "zerocrossingrate": {
        "dmean": 0.0113659286872,
        "dmean2": 0.0131666483358,
        "dvar": 0.000214430823689,
        "dvar2": 0.000262245623162,
        "max": 0.505859375,
        "mean": 0.0647402405739,
        "median": 0.05908203125,
        "min": 0,
        "var": 0.00211672484875
    },
    "barkbands": {
        "dmean": [1.0855358596e-05, 0.00157460477203, 0.00180433469359, 0.00115303066559, 0.00201862771064, 0.000447054539109, 0.000401377707021, 0.000253264093772, 0.000438440707512, 0.000284622627078, 0.000528941513039, 0.000432833097875, 0.000281239976175, 0.000341485894751, 0.000523130758666, 0.000404028687626, 0.000375769945094, 0.000275918020634, 0.000160958239576, 0.000157664617291, 0.000112383073429, 7.89376863395e-05, 8.45015820232e-05, 3.96497125621e-05, 8.13741280581e-05, 7.91636193753e-06, 9.89658133221e-07],
        "dmean2": [1.84849413927e-05, 0.00258001871407, 0.00285111111589, 0.00191649619956, 0.00333366566338, 0.000767350196838, 0.000654663715977, 0.00039340229705, 0.000657784519717, 0.000410523934988, 0.000767234654631, 0.000636253273115, 0.000389946944779, 0.000520172936376, 0.000826993840747, 0.000591713644098, 0.00058201624779, 0.000417790637584, 0.000237082742387, 0.000233120794292, 0.000163251912454, 0.000121969860629, 0.000130044500111, 5.9405247157e-05, 0.000128010098706, 1.18039060908e-05, 1.59254045684e-06],
        "dvar": [1.92787230624e-10, 7.90540707385e-06, 1.02585354398e-05, 3.81860581911e-06, 1.68690676219e-05, 9.09312518615e-07, 4.61045630118e-07, 3.80226737207e-07, 1.24931409573e-06, 9.98448513201e-07, 3.21060929309e-06, 2.81749998976e-06, 1.55213740527e-06, 1.72565614776e-06, 1.58532566275e-06, 1.06403740574e-06, 8.65123865879e-07, 4.04934752396e-07, 1.54493108084e-07, 9.14587729994e-08, 6.03759175988e-08, 3.75745621284e-08, 3.10025285444e-08, 7.97236854311e-09, 5.40418767514e-08, 6.0021199122e-10, 1.36205317858e-11],
        "dvar2": [5.22040854989e-10, 2.04636835406e-05, 2.60775068455e-05, 1.04683758764e-05, 4.46617596026e-05, 2.65524272436e-06, 1.12018835807e-06, 8.43605278078e-07, 2.57137821791e-06, 2.00062845579e-06, 6.34300840829e-06, 5.38199901712e-06, 2.23254505727e-06, 3.62685045729e-06, 3.78692698177e-06, 2.10760822483e-06, 1.91165281649e-06, 8.99719964309e-07, 3.3275253486e-07, 1.91214795109e-07, 1.14509965954e-07, 9.5037137271e-08, 7.51917781372e-08, 1.85682047515e-08, 1.38361443192e-07, 1.45477452307e-09, 3.49639206476e-11],
        "max": [0.000235113868257, 0.0407202653587, 0.0536780245602, 0.0291293784976, 0.0723636522889, 0.0139631275088, 0.0146353617311, 0.018615340814, 0.0268544815481, 0.0248692501336, 0.0404721312225, 0.047874443233, 0.0394784659147, 0.059169434011, 0.0231266822666, 0.0257904175669, 0.0259384866804, 0.0172265954316, 0.01045715902, 0.00692544179037, 0.00600587110966, 0.00290024164133, 0.00208004727028, 0.00187515094876, 0.0037618111819, 0.000794910709374, 0.000145865429658],
        "mean": [2.22959515668e-05, 0.00261065596715, 0.00395693769678, 0.00168604927603, 0.00267002056353, 0.000650699308608, 0.00069089140743, 0.000430764543125, 0.00069556676317, 0.000439049763372, 0.000796550360974, 0.000631159055047, 0.000495606218465, 0.000519938708749, 0.000638512545265, 0.000590568000916, 0.000553707184736, 0.000447933329269, 0.000278461462585, 0.000311766227242, 0.000254193291767, 0.000110103072075, 0.000123830424855, 6.77306234138e-05, 8.52479570312e-05, 1.09761140266e-05, 1.19506353258e-06],
        "median": [1.90136979654e-05, 0.001566766412, 0.00256721046753, 0.000926243141294, 0.000847669609357, 0.000269967247732, 0.000307658337988, 0.000167967315065, 0.000170098603121, 7.4116011092e-05, 0.000116645722301, 6.22970401309e-05, 9.63102284004e-05, 0.000119618845929, 0.000107854852104, 8.12714060885e-05, 0.000102617879747, 0.000118675205158, 8.51758304634e-05, 9.43775012274e-05, 5.90826712141e-05, 2.78184888884e-05, 4.17078153987e-05, 2.53271664405e-05, 1.53213240992e-05, 2.68058670372e-06, 3.16807359013e-07],
        "min": [1.71109117103e-24, 3.86341788433e-24, 1.20473527936e-23, 4.9387228617e-24, 1.9210646842e-23, 1.79906671412e-23, 2.29605350203e-23, 2.37846706297e-23, 1.70148178024e-23, 1.17448538243e-23, 4.27782292615e-23, 5.50190344149e-23, 6.54324401259e-23, 7.83432974213e-23, 1.07607518961e-22, 8.06395957858e-23, 8.01175844367e-23, 1.22800538233e-22, 2.19496621506e-22, 3.28017426825e-22, 3.50711352103e-22, 3.78898172662e-22, 5.18994088656e-22, 7.32476106455e-22, 9.35760588751e-22, 1.33139596644e-21, 2.06342263675e-21],
        "var": [2.45301057245e-10, 1.11390590973e-05, 2.12344730244e-05, 4.96078564538e-06, 2.39712244365e-05, 1.20594938835e-06, 1.25526844386e-06, 7.35194760182e-07, 2.84757561531e-06, 2.54940937339e-06, 7.28272971173e-06, 7.41321218811e-06, 5.3748863138e-06, 4.24417066824e-06, 2.20041124521e-06, 2.31392755268e-06, 1.69238228409e-06, 8.05896036127e-07, 3.18195816362e-07, 2.79651203527e-07, 2.54373986763e-07, 4.56450415243e-08, 4.37782787799e-08, 1.44770231358e-08, 5.00855996677e-08, 8.61306803657e-10, 1.36444848475e-11]
    },
    "erbbands": {
        "dmean": [0.0224917400628, 0.434594243765, 1.69898641109, 3.33440375328, 7.39776468277, 5.23949623108, 2.19096517563, 4.35179710388, 6.11411952972, 5.58947086334, 5.20237827301, 10.1727867126, 8.93042850494, 11.9801235199, 21.6176452637, 14.7159643173, 11.5276832581, 17.910905838, 18.1567211151, 28.6900749207, 18.9652843475, 19.5779933929, 13.87200737, 10.6223478317, 6.87986946106, 6.49264717102, 5.51843881607, 4.2118678093, 2.83159780502, 2.08093452454, 2.41709423065, 0.938948154449, 0.650545537472, 0.665654540062, 0.730520904064, 0.0699859410524, 0.0116772828624, 0.00164778914768, 0.00017554796068, 1.67486759892e-05],
        "dmean2": [0.0367181301117, 0.709212362766, 2.71090602875, 5.32322120667, 12.2430429459, 9.02629470825, 3.60231685638, 7.51408433914, 10.1467180252, 8.84156227112, 7.9312953949, 15.5087347031, 12.7288627625, 16.8677330017, 30.3679904938, 20.3302631378, 15.556479454, 26.8775272369, 27.3318214417, 44.2196998596, 27.3290653229, 29.4575653076, 20.3265609741, 15.1706209183, 9.63761997223, 9.35489559174, 7.93067216873, 6.28048372269, 4.39980840683, 3.10603618622, 3.70936751366, 1.39812338352, 0.975096166134, 1.0117521286, 1.18698787689, 0.105172984302, 0.0173861905932, 0.00248793652281, 0.00027709355345, 2.53035541391e-05],
        "dvar": [0.0017252342077, 0.589806199074, 8.39502429962, 33.9897651672, 201.432785034, 130.428009033, 16.6321220398, 90.5257263184, 129.473419189, 119.812057495, 181.104187012, 746.89465332, 810.032592773, 1797.83093262, 6004.54296875, 3277.3581543, 1907.29553223, 4805.70996094, 1841.13208008, 4546.90429688, 2212.55444336, 2481.9375, 1033.44177246, 668.264099121, 232.847854614, 136.92829895, 140.155014038, 82.2806472778, 49.214931488, 18.5484371185, 25.6052799225, 3.75265836716, 3.07802295685, 3.76218938828, 5.03168869019, 0.0350913107395, 0.00148445856757, 4.19890930061e-05, 3.34193543949e-07, 1.28441013381e-09],
        "dvar2": [0.00437225773931, 1.52161443233, 21.4512634277, 87.2118377686, 518.811523438, 382.106903076, 42.1386146545, 268.272277832, 334.54498291, 289.41317749, 397.529815674, 1627.42956543, 1589.14221191, 3272.33740234, 11679.5615234, 5860.96533203, 2838.32885742, 10339.3798828, 4043.85766602, 10732.2773438, 4548.88427734, 5482.05859375, 2272.58862305, 1330.59472656, 433.174285889, 277.006195068, 264.131164551, 174.222457886, 124.848449707, 42.9947319031, 61.8640556335, 8.14074802399, 7.23860692978, 9.29282093048, 13.2233390808, 0.0882684886456, 0.00341757852584, 9.45504580159e-05, 8.46672207899e-07, 3.1807643186e-09],
        "max": [0.658385396004, 11.573600769, 40.2188262939, 94.9986801147, 193.44418335, 219.114608765, 72.7683486938, 126.53629303, 238.688720703, 209.123184204, 497.089416504, 715.772827148, 771.714355469, 1315.03479004, 1972.44873047, 1943.33569336, 1572.91369629, 3421.32641602, 895.13079834, 1012.54290771, 1094.49291992, 1206.20068359, 747.917175293, 794.406433105, 424.460144043, 298.748596191, 304.826019287, 216.012695312, 100.900123596, 71.744102478, 89.9276733398, 52.73021698, 49.6465759277, 53.1576004028, 27.6376552582, 4.79473590851, 1.51880633831, 0.290843635798, 0.0195938646793, 0.000602041720413],
        "mean": [0.0366448536515, 0.756228685379, 3.80946660042, 6.08224916458, 9.7049369812, 6.61154270172, 3.45807671547, 6.16228103638, 10.3517599106, 9.44936275482, 9.68520355225, 16.2811393738, 13.7865810394, 21.790725708, 33.7405853271, 26.1977863312, 22.8041000366, 30.381023407, 25.3748073578, 35.6337738037, 30.8425331116, 30.4592247009, 24.3558807373, 19.5136451721, 13.5916042328, 13.9928779602, 12.6005907059, 8.44280433655, 4.15046167374, 3.33910894394, 3.52093362808, 1.62474548817, 1.07732951641, 0.827686965466, 0.681597471237, 0.0866916999221, 0.0165366698056, 0.00219408818521, 0.00022515290766, 3.55894117092e-05],
        "median": [0.0221075359732, 0.467121601105, 2.76749205589, 3.30792450905, 3.64636802673, 2.23972964287, 1.6273226738, 2.44110321999, 4.63111639023, 4.31965684891, 3.94273281097, 4.35192060471, 2.78958129883, 4.0927772522, 5.00313949585, 3.58760046959, 5.63602924347, 8.02684307098, 6.93044900894, 6.70737123489, 6.06316518784, 6.14429092407, 6.98686122894, 6.38617944717, 4.65708589554, 4.9087023735, 3.66275882721, 1.81354391575, 1.11027681828, 1.09075951576, 1.21004748344, 0.635407090187, 0.362723708153, 0.194711729884, 0.0859553590417, 0.0182253513485, 0.00402350258082, 0.000543841277249, 6.64578183205e-05, 2.2465346774e-05],
        "min": [1.61706236689e-22, 1.14327286063e-21, 1.06330489218e-20, 2.12962236969e-20, 1.77450581635e-20, 7.33282623708e-20, 1.15381976079e-19, 1.60496225742e-19, 2.62547643412e-19, 5.72269603953e-19, 3.19932910667e-19, 2.9240950976e-19, 6.05324826906e-19, 1.09432893113e-18, 1.97739862216e-18, 2.03334374212e-18, 2.41397007381e-18, 2.92109796375e-18, 5.46185373235e-18, 5.71009063418e-18, 5.14364479533e-18, 4.77456714577e-18, 6.10656285127e-18, 1.04945678173e-17, 1.09419054382e-17, 1.46006344753e-17, 1.232036057e-17, 1.34963243693e-17, 1.35980014102e-17, 1.75998672994e-17, 1.66283122371e-17, 1.30950904871e-17, 1.36722069558e-17, 9.04204197035e-18, 7.04742413618e-18, 4.39180586092e-18, 2.42699734127e-18, 1.1275840733e-18, 2.80617998429e-19, 2.90885494105e-20],
        "var": [0.00217819144018, 0.868385136127, 16.0615882874, 61.3270149231, 283.035217285, 156.395263672, 28.6989707947, 118.413719177, 304.278747559, 239.798660278, 392.457946777, 1525.2265625, 1739.11047363, 6334.19335938, 13627.7568359, 12248.7470703, 7881.54052734, 14668.3623047, 3048.70239258, 5997.67431641, 5000.42822266, 4930.00585938, 2094.18774414, 1536.5045166, 702.153320312, 517.124206543, 578.408935547, 269.696777344, 61.6625556946, 34.1294708252, 35.9638710022, 8.02078056335, 4.87453269958, 4.15728473663, 4.11362552643, 0.0417962260544, 0.00232074060477, 5.73236029595e-05, 3.60276828815e-07, 1.78004588847e-09]
    },
    "gfcc": {
        "mean": [-43.6660575867, 84.8365325928, -111.114837646, 41.2877845764, -49.7650032043, 18.8282394409, -36.3552398682, 8.5374917984, -22.9955329895, 0.721359968185, -16.3372516632, -7.58476161957, -14.3150730133],
        "cov": [[25997.4003906, 1603.21765137, -2030.62548828, 1595.81774902, -582.624694824, 119.495033264, -628.896972656, 329.376434326, -261.362060547, -110.238540649, -559.441772461, -268.417785645, -141.540649414], [1603.21765137, 1410.22021484, 259.470275879, -8.15219116211, 142.166244507, 49.7659988403, 112.039215088, -133.447006226, -54.0566329956, -50.110332489, -9.83637237549, -152.884475708, -67.46484375], [-2030.62548828, 259.470275879, 959.459777832, -177.74961853, -7.95866775513, 115.135551453, 8.76355361938, -90.4859161377, -31.1484050751, 40.5411224365, -28.2564678192, -3.1682305336, -40.3039169312], [1595.81774902, -8.15219116211, -177.74961853, 379.962554932, 5.68441152573, -30.5738811493, -15.6516437531, 17.1102848053, 4.31907749176, -19.8732757568, -42.4512214661, -18.0319957733, 2.98598527908], [-582.624694824, 142.166244507, -7.95866775513, 5.68441152573, 224.630996704, 25.8133888245, 48.6645965576, -14.1372375488, 1.11818039417, -25.5890674591, 28.5062580109, -22.1115684509, -15.3010540009], [119.495033264, 49.7659988403, 115.135551453, -30.5738811493, 25.8133888245, 208.53062439, 34.2258834839, -35.6250267029, -46.1340637207, -20.7781505585, 38.19272995, -13.4030704498, -36.5428771973], [-628.896972656, 112.039215088, 8.76355361938, -15.6516437531, 48.6645965576, 34.2258834839, 170.91267395, -31.0160865784, -13.2862606049, 0.50843590498, 36.7955665588, -10.945353508, -10.9723567963], [329.376434326, -133.447006226, -90.4859161377, 17.1102848053, -14.1372375488, -35.6250267029, -31.0160865784, 151.661895752, 57.8322181702, -17.0980014801, -11.5917396545, 2.04429507256, 19.9220542908], [-261.362060547, -54.0566329956, -31.1484050751, 4.31907749176, 1.11818039417, -46.1340637207, -13.2862606049, 57.8322181702, 120.529838562, 22.9293022156, -6.57756090164, 9.62735748291, 9.80979061127], [-110.238540649, -50.110332489, 40.5411224365, -19.8732757568, -25.5890674591, -20.7781505585, 0.50843590498, -17.0980014801, 22.9293022156, 106.456268311, 6.65535354614, 9.06315898895, -6.63582181931], [-559.441772461, -9.83637237549, -28.2564678192, -42.4512214661, 28.5062580109, 38.19272995, 36.7955665588, -11.5917396545, -6.57756090164, 6.65535354614, 137.377105713, 5.55484485626, -31.9522762299], [-268.417785645, -152.884475708, -3.1682305336, -18.0319957733, -22.1115684509, -13.4030704498, -10.945353508, 2.04429507256, 9.62735748291, 9.06315898895, 5.55484485626, 85.1809234619, 25.4709815979], [-141.540649414, -67.46484375, -40.3039169312, 2.98598527908, -15.3010540009, -36.5428771973, -10.9723567963, 19.9220542908, 9.80979061127, -6.63582181931, -31.9522762299, 25.4709815979, 85.5593338013]],
        "icov": [[0.000278357096249, -0.000712205772288, 0.000768761150539, -0.00079794874182, 0.000800178328063, -0.000935863412451, 0.00100379693322, -0.00111536076292, 0.000992270535789, -0.000833366415463, 0.00103182322346, -0.000662691367324, 0.000824923743494], [-0.000712205772288, 0.00294018513523, -0.00223617791198, 0.00204358948395, -0.00240673799999, 0.00267801596783, -0.00300503359176, 0.00373251363635, -0.00273138820194, 0.00276460545138, -0.00250596413389, 0.00346925086342, -0.00196667434648], [0.000768761150539, -0.00223617791198, 0.00354406400584, -0.0015864915913, 0.00230406457558, -0.00336357625201, 0.00295098428614, -0.00270674540661, 0.00266310549341, -0.00288555934094, 0.00364780658856, -0.00233498541638, 0.0027457557153], [-0.00079794874182, 0.00204358948395, -0.0015864915913, 0.00537314498797, -0.00241309218109, 0.00273318262771, -0.00277959811501, 0.00329786818475, -0.00287397042848, 0.00265795341693, -0.00179714825936, 0.00231348536909, -0.0018562580226], [0.000800178328063, -0.00240673799999, 0.00230406457558, -0.00241309218109, 0.00757572846487, -0.0029644081369, 0.00187739578541, -0.00282483873889, 0.0019342189189, -0.00112817506306, 0.00210404442623, -0.00138942338526, 0.00247289054096], [-0.000935863412451, 0.00267801596783, -0.00336357625201, 0.00273318262771, -0.0029644081369, 0.00959247443825, -0.0041317162104, 0.00408928934485, -0.00171953963581, 0.004277813714, -0.00472526857629, 0.00279814726673, -0.00110029499047], [0.00100379693322, -0.00300503359176, 0.00295098428614, -0.00277959811501, 0.00187739578541, -0.0041317162104, 0.0106235751882, -0.0032467301935, 0.00360956741497, -0.00352356443182, 0.00223077321425, -0.00229405495338, 0.0022965092212], [-0.00111536076292, 0.00373251363635, -0.00270674540661, 0.00329786818475, -0.00282483873889, 0.00408928934485, -0.0032467301935, 0.014573128894, -0.00875702593476, 0.00618665851653, -0.00419887201861, 0.00484204711393, -0.00438610091805], [0.000992270535789, -0.00273138820194, 0.00266310549341, -0.00287397042848, 0.0019342189189, -0.00171953963581, 0.00360956741497, -0.00875702593476, 0.0153425354511, -0.00613097473979, 0.00380962342024, -0.00367810297757, 0.00323905237019], [-0.000833366415463, 0.00276460545138, -0.00288555934094, 0.00265795341693, -0.00112817506306, 0.004277813714, -0.00352356443182, 0.00618665851653, -0.00613097473979, 0.0142824286595, -0.00382683170028, 0.00236391811632, -0.00124003970996], [0.00103182322346, -0.00250596413389, 0.00364780658856, -0.00179714825936, 0.00210404442623, -0.00472526857629, 0.00223077321425, -0.00419887201861, 0.00380962342024, -0.00382683170028, 0.0135188680142, -0.0042101428844, 0.00670228572562], [-0.000662691367324, 0.00346925086342, -0.00233498541638, 0.00231348536909, -0.00138942338526, 0.00279814726673, -0.00229405495338, 0.00484204711393, -0.00367810297757, 0.00236391811632, -0.0042101428844, 0.0183127392083, -0.00643534166738], [0.000824923743494, -0.00196667434648, 0.0027457557153, -0.0018562580226, 0.00247289054096, -0.00110029499047, 0.0022965092212, -0.00438610091805, 0.00323905237019, -0.00124003970996, 0.00670228572562, -0.00643534166738, 0.0180992428213]]
    },
    "melbands": {
        "dmean": [0.000325084489305, 0.000770344457123, 0.000631726114079, 0.000521523936186, 8.78682767507e-05, 9.64902574196e-05, 9.1392917966e-05, 5.93950244365e-05, 4.24647587352e-05, 6.91043023835e-05, 4.47145503131e-05, 4.63970973215e-05, 6.82443569531e-05, 5.25569703314e-05, 3.66425992979e-05, 2.62235244008e-05, 3.56481978088e-05, 2.65589878836e-05, 4.52267449873e-05, 3.42393286701e-05, 2.27295058721e-05, 2.23944371101e-05, 1.76481862582e-05, 1.33516277856e-05, 9.40285463003e-06, 5.20734192833e-06, 5.27827523911e-06, 4.8461647566e-06, 4.2063265937e-06, 3.05179150928e-06, 2.6791988148e-06, 1.94981953427e-06, 1.00220540844e-06, 1.39374742503e-06, 1.81407460786e-06, 7.95049686531e-07, 5.25817370089e-07, 4.83727319534e-07, 4.23345454692e-07, 6.29822181963e-07],
        "dmean2": [0.000531576108187, 0.00122010032646, 0.00101214309689, 0.000868414645083, 0.000147862010635, 0.000166297657415, 0.000150953041157, 9.38485754887e-05, 6.48058703518e-05, 0.000104931998067, 6.38936617179e-05, 6.62543607177e-05, 9.74372960627e-05, 7.49564933358e-05, 4.74810112792e-05, 3.70058587578e-05, 5.41723784409e-05, 3.97013063775e-05, 7.22493568901e-05, 5.02541115566e-05, 3.3250926208e-05, 3.45883381669e-05, 2.69890770142e-05, 1.98621710297e-05, 1.35234213303e-05, 7.7533941294e-06, 7.49426362745e-06, 7.12738210495e-06, 6.21301933279e-06, 4.61123727291e-06, 4.11377004639e-06, 3.09432221002e-06, 1.53193832375e-06, 2.12655004361e-06, 2.85350893137e-06, 1.21292055155e-06, 7.93715685177e-07, 7.35706009891e-07, 6.45241527764e-07, 9.78663138085e-07],
        "dvar": [3.44240191907e-07, 1.62359037859e-06, 9.96508674689e-07, 1.15497050501e-06, 2.69395510344e-08, 4.42332854789e-08, 2.64760391389e-08, 1.52191788061e-08, 1.25140156015e-08, 3.50163489315e-08, 2.09264197082e-08, 2.81055250184e-08, 5.64981625928e-08, 3.79392517402e-08, 3.6400074066e-08, 1.08483142469e-08, 1.88871478457e-08, 4.79712225498e-09, 1.26474208884e-08, 7.95104249107e-09, 3.24980753419e-09, 3.69520392063e-09, 2.07548356279e-09, 1.10225539807e-09, 5.87541681973e-10, 1.61759550199e-10, 1.37728148331e-10, 8.6476908967e-11, 7.9257642116e-11, 5.7121068292e-11, 3.78547679314e-11, 2.69463323183e-11, 5.41709992835e-12, 9.09755257239e-12, 1.74150190796e-11, 2.91744146202e-12, 1.3905053324e-12, 1.51951790994e-12, 2.1211558985e-12, 3.59921771206e-12],
        "dvar2": [8.82903634647e-07, 4.03336889576e-06, 2.58926866081e-06, 3.10908967549e-06, 7.34089269372e-08, 1.30761435457e-07, 6.73880578006e-08, 3.73067230441e-08, 2.79888343613e-08, 7.45862180906e-08, 4.11358058727e-08, 5.15367908349e-08, 1.08949258504e-07, 7.12128596092e-08, 5.59455948235e-08, 1.69295972796e-08, 4.13371239461e-08, 1.0392382066e-08, 3.03917353506e-08, 1.5594228131e-08, 6.62911903149e-09, 8.04578981217e-09, 4.99973440427e-09, 2.27669882946e-09, 1.19196086334e-09, 3.266739379e-10, 2.65774874331e-10, 1.77644232657e-10, 1.57827834135e-10, 1.21358451066e-10, 8.63336624413e-11, 6.9913796974e-11, 1.32010192708e-11, 2.17938601194e-11, 4.38468809871e-11, 6.47573964938e-12, 3.19177583669e-12, 3.68090887631e-12, 5.066302846e-12, 9.03940550884e-12],
        "max": [0.00802507810295, 0.0173131320626, 0.0140857929364, 0.0187539942563, 0.00360652338713, 0.00311895040795, 0.00349726015702, 0.00294298818335, 0.00444148341194, 0.00469650654122, 0.00383464340121, 0.00484468322247, 0.00589489145204, 0.00669672712684, 0.00856947060674, 0.00407584104687, 0.00637086154893, 0.00147977669258, 0.00230691651814, 0.00231567607261, 0.00136084470432, 0.00160929886624, 0.000900148064829, 0.00118176860269, 0.000773489417043, 0.00034666195279, 0.000301163003314, 0.000287682312774, 0.00024622285855, 0.000228975419304, 0.000162764947163, 7.34667992219e-05, 3.71233800252e-05, 4.84267256979e-05, 4.97055152664e-05, 3.44343279721e-05, 3.50747177436e-05, 2.7321098969e-05, 4.77933645016e-05, 4.65700795758e-05],
        "mean": [0.000533245212864, 0.00172769837081, 0.00115445640404, 0.000661644095089, 0.000133197259856, 0.000137254042784, 0.000158662558533, 9.92764034891e-05, 7.73205902078e-05, 0.000108033826109, 6.56696211081e-05, 8.12669895822e-05, 0.000107252577436, 7.37520167604e-05, 6.92534595146e-05, 4.67441313958e-05, 5.72252392885e-05, 3.39759208146e-05, 5.31294826942e-05, 4.50820007245e-05, 3.38029312843e-05, 3.17849880958e-05, 2.65309208771e-05, 2.0705314455e-05, 1.55629404617e-05, 8.54265363159e-06, 9.97911683953e-06, 9.39896108321e-06, 8.37465449877e-06, 6.59848592477e-06, 4.40438725491e-06, 2.52914401244e-06, 1.56548128416e-06, 2.04851426133e-06, 2.378696081e-06, 1.28583826609e-06, 8.57712052493e-07, 7.74606974119e-07, 6.35917672298e-07, 7.15918929473e-07],
        "median": [0.000333173375111, 0.00128792936448, 0.000685727864038, 0.000209850186366, 6.3639236032e-05, 5.36960505997e-05, 7.24589190213e-05, 4.51954219898e-05, 2.97743044939e-05, 2.51753044722e-05, 1.16388218885e-05, 1.31239976326e-05, 1.54869103426e-05, 9.01170460565e-06, 8.6789850684e-06, 9.47070839175e-06, 1.36414846565e-05, 8.06361367722e-06, 7.92424179963e-06, 5.79559400649e-06, 5.70758766116e-06, 5.44149270354e-06, 5.31097839485e-06, 5.2121099543e-06, 4.31069065598e-06, 2.63909805653e-06, 3.22410642184e-06, 2.50686798609e-06, 2.15004752135e-06, 1.27591954424e-06, 8.1470210489e-07, 5.65994753288e-07, 4.47659658676e-07, 6.17040541329e-07, 7.28882923795e-07, 4.54638183101e-07, 3.08363297563e-07, 2.55737347743e-07, 1.90810837353e-07, 1.38917272352e-07],
        "min": [1.68774857963e-24, 4.76803939422e-24, 3.04486977666e-24, 2.51588430552e-24, 4.43261534289e-24, 3.65624802226e-24, 4.57672642521e-24, 6.25488640054e-24, 2.09743303835e-24, 2.27473209059e-24, 2.82318014077e-24, 3.73597148863e-24, 6.4354937382e-24, 6.46853714937e-24, 4.45774608475e-24, 6.58866567688e-24, 4.49624644123e-24, 7.90813099303e-24, 5.4282422134e-24, 5.25811962602e-24, 5.64682768163e-24, 4.39788179724e-24, 4.3316719126e-24, 3.75828086946e-24, 7.19216241317e-24, 7.58273612482e-24, 8.57819733454e-24, 7.57342756614e-24, 7.9503524064e-24, 6.06959796226e-24, 6.86568601666e-24, 5.84097266129e-24, 6.7792016179e-24, 8.70552973983e-24, 8.6368680755e-24, 7.87641247375e-24, 7.86214671314e-24, 8.39408272128e-24, 9.57535380634e-24, 6.81824155524e-24],
        "var": [4.48057619451e-07, 3.10995892505e-06, 1.8121637595e-06, 1.54073291014e-06, 4.32703224362e-08, 5.88194595252e-08, 6.64581136789e-08, 2.8211768921e-08, 2.75937193095e-08, 7.55109397232e-08, 4.39960317067e-08, 9.91503625869e-08, 1.30734306936e-07, 7.8149199112e-08, 1.64586992923e-07, 4.21368184789e-08, 5.34077067016e-08, 7.08180625253e-09, 1.62392428393e-08, 1.54646109252e-08, 7.27715754323e-09, 7.22892723459e-09, 3.33544880604e-09, 2.29828400755e-09, 1.22730647867e-09, 3.46342121649e-10, 3.89849041937e-10, 2.98041619162e-10, 2.73657901895e-10, 2.08485742559e-10, 8.17849676871e-11, 2.82944622593e-11, 8.8973351256e-12, 1.43118850104e-11, 1.98039171867e-11, 5.83413308983e-12, 2.64216708408e-12, 2.39055064806e-12, 2.80712996251e-12, 3.60282853898e-12]
    },
    "mfcc": {
        "mean": [-678.132507324, 110.642547607, 3.72633647919, 28.0016155243, 10.8828220367, 9.82740592957, 3.25908017159, 4.38266420364, 0.507620334625, 5.32502412796, -0.77267152071, 2.27671957016, -1.5736348629],
        "cov": [[12757.8583984, 294.208892822, -672.176696777, 651.632263184, 67.6674804688, -80.0557022095, -173.983184814, 25.9920883179, 110.646369934, 14.3458032608, -277.70892334, -48.8144683838, -83.2307281494], [294.208892822, 1618.80334473, 298.312469482, -20.465461731, 61.4366912842, 192.497558594, 134.817184448, -30.0380172729, -33.9058952332, 33.5089607239, 93.3302307129, -87.6512527466, -82.8957366943], [-672.176696777, 298.312469482, 665.632995605, -110.584754944, 26.2162036896, 121.382247925, 36.5928611755, -25.4220504761, -19.7177829742, -35.9432029724, 86.2962417603, -49.9198379517, -42.4087181091], [651.632263184, -20.465461731, -110.584754944, 314.201049805, -1.81648266315, 8.78043746948, -18.9933414459, -2.07370901108, 53.487323761, -12.3292427063, -15.4417181015, 39.8636207581, -7.19911766052], [67.6674804688, 61.4366912842, 26.2162036896, -1.81648266315, 186.651657104, -14.5030145645, 2.11579465866, 38.0072402954, -3.21502518654, 23.5752296448, -14.8597135544, -4.68696212769, 13.1862945557], [-80.0557022095, 192.497558594, 121.382247925, 8.78043746948, -14.5030145645, 226.109649658, 71.668296814, -7.99124002457, -37.5632286072, -9.55066299438, 38.4123153687, -36.1072807312, -21.6643714905], [-173.983184814, 134.817184448, 36.5928611755, -18.9933414459, 2.11579465866, 71.668296814, 172.546783447, 28.9818572998, -66.6070785522, 36.9744148254, 1.58075737953, -16.6499347687, -5.07789850235], [25.9920883179, -30.0380172729, -25.4220504761, -2.07370901108, 38.0072402954, -7.99124002457, 28.9818572998, 121.032989502, -1.74616122246, 19.2222156525, -17.8525028229, -1.70024991035, 23.7345695496], [110.646369934, -33.9058952332, -19.7177829742, 53.487323761, -3.21502518654, -37.5632286072, -66.6070785522, -1.74616122246, 155.334671021, -19.6104450226, -9.99339962006, -2.89760828018, -19.9167079926], [14.3458032608, 33.5089607239, -35.9432029724, -12.3292427063, 23.5752296448, -9.55066299438, 36.9744148254, 19.2222156525, -19.6104450226, 115.268310547, 4.67723083496, -3.32558321953, 3.3149471283], [-277.70892334, 93.3302307129, 86.2962417603, -15.4417181015, -14.8597135544, 38.4123153687, 1.58075737953, -17.8525028229, -9.99339962006, 4.67723083496, 112.422920227, 11.7107601166, -6.27056694031], [-48.8144683838, -87.6512527466, -49.9198379517, 39.8636207581, -4.68696212769, -36.1072807312, -16.6499347687, -1.70024991035, -2.89760828018, -3.32558321953, 11.7107601166, 124.537773132, 36.2647819519], [-83.2307281494, -82.8957366943, -42.4087181091, -7.19911766052, 13.1862945557, -21.6643714905, -5.07789850235, 23.7345695496, -19.9167079926, 3.3149471283, -6.27056694031, 36.2647819519, 108.104064941]],
