{
"lowlevel": {
    "average_loudness": 0.850227177143,
    "barkbands_crest": {
        "dmean": 2.6839928627,
        "dmean2": 4.35917854309,
        "dvar": 6.23801851273,
        "dvar2": 14.6950922012,
        "max": 26.4311771393,
        "mean": 8.9291343689,
        "median": 7.85857534409,
        "min": 2.26302027702,
        "var": 19.2404613495
    },
    "barkbands_flatness_db": {
        "dmean": 0.0229380261153,
        "dmean2": 0.0361027270555,
        "dvar": 0.000656060990877,
        "dvar2": 0.00145540351514,
        "max": 0.44793382287,
        "mean": 0.121234387159,
        "median": 0.115038603544,
        "min": 0.025772433728,
        "var": 0.00312891881913
    },
    "barkbands_kurtosis": {
        "dmean": 2.27660775185,
        "dmean2": 3.67649745941,
        "dvar": 39.7685394287,
        "dvar2": 84.3101959229,
        "max": 218.845687866,
        "mean": 2.24837613106,
        "median": 0.22381567955,
        "min": -1.9199757576,
        "var": 104.91318512
    },
    "barkbands_skewness": {
        "dmean": 0.568850815296,
        "dmean2": 0.89051502943,
        "dvar": 0.468048065901,
        "dvar2": 1.00746548176,
        "max": 12.6117753983,
        "mean": 0.8600025177,
        "median": 0.712799608707,
        "min": -6.09836053848,
        "var": 1.56248295307
    },
    "barkbands_spread": {
        "dmean": 7.19691467285,
        "dmean2": 11.2682752609,
        "dvar": 67.9696044922,
        "dvar2": 161.948364258,
        "max": 110.98008728,
        "mean": 27.0748443604,
        "median": 23.7645664215,
        "min": 0.343834936619,
        "var": 256.848907471
    },
    "dissonance": {
        "dmean": 0.0173413325101,
        "dmean2": 0.0291032548994,
        "dvar": 0.000339497404639,
        "dvar2": 0.00090482091764,
        "max": 0.500000119209,
        "mean": 0.469862252474,
        "median": 0.477275520563,
        "min": 0.269541889429,
        "var": 0.000700310338289
    },
    "dynamic_complexity": 5.4354300499,
    "erbbands_crest": {
        "dmean": 2.53087973595,
        "dmean2": 4.07241821289,
        "dvar": 6.23319101334,
        "dvar2": 14.8176307678,
        "max": 33.9458198547,
        "mean": 8.93452739716,
        "median": 7.7033200264,
        "min": 2.1445980072,
        "var": 22.9389476776
    },
    "erbbands_flatness_db": {
        "dmean": 0.0175159629434,
        "dmean2": 0.025222433731,
        "dvar": 0.000361481244909,
        "dvar2": 0.000656284857541,
        "max": 0.51840108633,
        "mean": 0.168770641088,
        "median": 0.163659378886,
        "min": 0.0669808462262,
        "var": 0.0025948646944
    },
    "erbbands_kurtosis": {
        "dmean": 0.988924264908,
        "dmean2": 1.53562474251,
        "dvar": 2.73142194748,
        "dvar2": 5.60654592514,
        "max": 80.0847930908,
        "mean": 0.931964814663,
        "median": 0.333291292191,
        "min": -1.74375128746,
        "var": 9.4701385498
    },
    "erbbands_skewness": {
        "dmean": 0.369645178318,
        "dmean2": 0.565242171288,
        "dvar": 0.131846040487,
        "dvar2": 0.274103224277,
        "max": 6.58167028427,
        "mean": 0.116728283465,
        "median": 0.117635950446,
        "min": -5.46664857864,
        "var": 0.727816522121
    },
    "erbbands_spread": {
        "dmean": 7.63567018509,
        "dmean2": 11.6077404022,
        "dvar": 75.7007064819,
        "dvar2": 158.277755737,
        "max": 137.442214966,
        "mean": 33.1852455139,
        "median": 29.3335113525,
        "min": 0.61605232954,
        "var": 307.277832031
    },
    "hfc": {
        "dmean": 9.56691551208,
        "dmean2": 12.9543590546,
        "dvar": 357.083374023,
        "dvar2": 645.460876465,
        "max": 241.520736694,
        "mean": 22.4434051514,
        "median": 9.15009880066,
        "min": 1.10236361767e-16,
        "var": 1023.14123535
    },
    "melbands_crest": {
        "dmean": 3.88668417931,
        "dmean2": 6.46814584732,
        "dvar": 12.224653244,
        "dvar2": 33.3052787781,
        "max": 32.9379119873,
        "mean": 12.8920812607,
        "median": 12.0991439819,
        "min": 1.61776733398,
        "var": 29.9237957001
    },
    "melbands_flatness_db": {
        "dmean": 0.0292890947312,
        "dmean2": 0.0464146770537,
        "dvar": 0.00102094479371,
        "dvar2": 0.00222866656259,
        "max": 0.519706130028,
        "mean": 0.160945490003,
        "median": 0.151728346944,
        "min": 0.00217427918687,
        "var": 0.00457953987643
    },
    "melbands_kurtosis": {
        "dmean": 5.60929679871,
        "dmean2": 9.24075984955,
        "dvar": 182.589782715,
        "dvar2": 421.381622314,
        "max": 266.583435059,
        "mean": 7.86695337296,
        "median": 2.95982885361,
        "min": -1.90837168694,
        "var": 366.555480957
    },
    "melbands_skewness": {
        "dmean": 0.7772590518,
        "dmean2": 1.21636044979,
        "dvar": 0.873456716537,
        "dvar2": 1.92469203472,
        "max": 13.2457542419,
        "mean": 1.84155893326,
        "median": 1.47648632526,
        "min": -4.02855014801,
        "var": 2.75945281982
    },
    "melbands_spread": {
        "dmean": 11.2989225388,
        "dmean2": 17.8118724823,
        "dvar": 231.487442017,
        "dvar2": 509.452392578,
        "max": 275.861053467,
        "mean": 34.4772758484,
        "median": 28.9218559265,
        "min": 0.583805322647,
        "var": 662.553833008
    },
    "pitch_salience": {
        "dmean": 0.0862731561065,
        "dmean2": 0.14446824789,
        "dvar": 0.00713439332321,
        "dvar2": 0.0190554577857,
        "max": 0.910579741001,
        "mean": 0.582420885563,
        "median": 0.596136212349,
        "min": 0.0704402923584,
        "var": 0.0177652817219
    },
    "silence_rate_20dB": {
        "dmean": 0,
        "dmean2": 0,
        "dvar": 0,
        "dvar2": 0,
        "max": 1,
        "mean": 1,
        "median": 1,
        "min": 1,
        "var": 0
    },
    "silence_rate_30dB": {
        "dmean": 0.0154804987833,
        "dmean2": 0.0309641100466,
        "dvar": 0.0152411004528,
        "dvar2": 0.0434720367193,
        "max": 1,
        "mean": 0.991255402565,
        "median": 1,
        "min": 0,
        "var": 0.0086679821834
    },
    "silence_rate_60dB": {
        "dmean": 0.0882589444518,
        "dmean2": 0.176535636187,
        "dvar": 0.0804799050093,
        "dvar2": 0.162450477481,
        "max": 1,
        "mean": 0.248768717051,
        "median": 0,
        "min": 0,
        "var": 0.186883151531
    },
    "spectral_centroid": {
        "dmean": 291.271606445,
        "dmean2": 446.345275879,
        "dvar": 120550.164062,
        "dvar2": 253629.515625,
        "max": 11398.1757812,
        "mean": 1729.99279785,
        "median": 1584.45922852,
        "min": 173.364105225,
        "var": 763047.375
    },
    "spectral_complexity": {
        "dmean": 4.47627687454,
        "dmean2": 6.06132507324,
        "dvar": 35.4146957397,
        "dvar2": 55.5365447998,
        "max": 62,
        "mean": 16.8520450592,
        "median": 14,
        "min": 0,
        "var": 170.935470581
    },
    "spectral_decrease": {
        "dmean": 2.51994225486e-09,
        "dmean2": 3.72830832873e-09,
        "dvar": 2.08290397901e-17,
        "dvar2": 4.61758621532e-17,
        "max": 1.56239766736e-28,
        "mean": -4.39050440448e-09,
        "median": -2.11794515259e-09,
        "min": -3.79038631593e-08,
        "var": 3.34248432322e-17
    },
    "spectral_energy": {
        "dmean": 0.0101958671585,
        "dmean2": 0.0147676868364,
        "dvar": 0.000332399416948,
        "dvar2": 0.000715564063285,
        "max": 0.156900539994,
        "mean": 0.018606511876,
        "median": 0.00912582222372,
        "min": 1.01357106175e-20,
        "var": 0.000582660140935
    },
    "spectral_energyband_high": {
        "dmean": 0.000873114040587,
        "dmean2": 0.00117761793081,
        "dvar": 4.77036610391e-06,
        "dvar2": 8.77618822415e-06,
        "max": 0.0389493405819,
        "mean": 0.00156033190433,
        "median": 0.000268328207312,
        "min": 7.28426879642e-21,
        "var": 1.19989927043e-05
    },
    "spectral_energyband_low": {
        "dmean": 0.00592139735818,
        "dmean2": 0.00977711286396,
        "dvar": 0.000155520843691,
        "dvar2": 0.000391445297282,
        "max": 0.0850577056408,
        "mean": 0.00601823441684,
        "median": 0.000762069190387,
        "min": 2.53485968407e-23,
        "var": 0.000154168330482
    },
    "spectral_energyband_middle_high": {
        "dmean": 0.00240388931707,
        "dmean2": 0.00356525741518,
        "dvar": 1.55511515914e-05,
        "dvar2": 3.33692514687e-05,
        "max": 0.0579928085208,
        "mean": 0.0058683315292,
        "median": 0.00241218134761,
        "min": 1.20059318532e-21,
        "var": 5.94295706833e-05
    },
    "spectral_energyband_middle_low": {
        "dmean": 0.00374626787379,
        "dmean2": 0.0057311556302,
        "dvar": 6.45325708319e-05,
        "dvar2": 0.000150415449752,
        "max": 0.0831478312612,
        "mean": 0.00608678441495,
        "median": 0.0028061689809,
        "min": 1.44009827288e-22,
        "var": 8.65656984388e-05
    },
    "spectral_entropy": {
        "dmean": 0.137324050069,
        "dmean2": 0.207162365317,
        "dvar": 0.026052320376,
        "dvar2": 0.0515555143356,
        "max": 9.8250541687,
        "mean": 7.80514287949,
        "median": 7.80054187775,
        "min": 4.75838804245,
        "var": 0.182200223207
    },
    "spectral_flux": {
        "dmean": 0.0295944493264,
        "dmean2": 0.0443079173565,
        "dvar": 0.001731981989,
        "dvar2": 0.00372198293917,
        "max": 0.331408441067,
        "mean": 0.0791538953781,
        "median": 0.0635761544108,
        "min": 6.49923101448e-11,
        "var": 0.00387921463698
    },
    "spectral_kurtosis": {
        "dmean": 1.41829848289,
        "dmean2": 2.37768316269,
        "dvar": 3.17805123329,
        "dvar2": 8.92228317261,
        "max": 36.1921424866,
        "mean": 3.73437309265,
        "median": 3.2383146286,
        "min": -1.28842103481,
        "var": 7.35020780563
    },
    "spectral_rms": {
        "dmean": 0.000989041407593,
        "dmean2": 0.00135410833173,
        "dvar": 1.94669451048e-06,
        "dvar2": 3.78018421543e-06,
        "max": 0.0123722953722,
        "mean": 0.00352191925049,
        "median": 0.00298382993788,
        "min": 3.14459829703e-12,
        "var": 5.7487018239e-06
    },
    "spectral_rolloff": {
        "dmean": 754.558654785,
        "dmean2": 1251.21533203,
        "dvar": 1475940.625,
        "dvar2": 3446007.5,
        "max": 19272.2167969,
        "mean": 2378.44848633,
        "median": 1744.18945312,
        "min": 64.599609375,
        "var": 4390555.5
    },
    "spectral_skewness": {
        "dmean": 0.211766004562,
        "dmean2": 0.336779862642,
        "dvar": 0.0498590581119,
        "dvar2": 0.121128357947,
        "max": 4.37636041641,
        "mean": 1.35623335838,
        "median": 1.35324525833,
        "min": -0.2661934793,
        "var": 0.212008655071
    },
    "spectral_spread": {
        "dmean": 436809.4375,
        "dmean2": 635066.8125,
        "dvar": 519293075456,
        "dvar2": 946256150528,
        "max": 43043404,
        "mean": 4591231.5,
        "median": 4163937.75,
        "min": 1403147.375,
        "var": 6.68675971482e+12
    },
    "spectral_strongpeak": {
        "dmean": 0.507511794567,
        "dmean2": 0.849995434284,
        "dvar": 0.754830420017,
        "dvar2": 1.85871779919,
        "max": 13.0255489349,
        "mean": 0.875033974648,
        "median": 0.365913063288,
        "min": 0,
        "var": 1.55778253078
    },
    "zerocrossingrate": {
        "dmean": 0.0132159395143,
        "dmean2": 0.0142611311749,
        "dvar": 0.000289959833026,
        "dvar2": 0.00030028069159,
        "max": 0.521484375,
        "mean": 0.0807720422745,
        "median": 0.0673828125,
        "min": 0.00341796875,
        "var": 0.00291731813923
    },
    "barkbands": {
        "dmean": [3.11264666379e-05, 0.00230101123452, 0.0031223220285, 0.00135931477416, 0.000858312705532, 0.000529934302904, 0.000605504552368, 0.000672944472171, 0.000706647639163, 0.000730455038138, 0.000329346774379, 0.000473708758364, 0.000556406565011, 0.000568306248169, 0.0005197301507, 0.000291989359539, 0.000194910098799, 0.000147964761709, 9.11283423193e-05, 8.73618046171e-05, 0.000198853667825, 0.000355663825758, 0.000276163336821, 6.58410208416e-05, 3.8886879338e-05, 2.58104500972e-05, 3.72131512449e-06],
        "dmean2": [5.14423663844e-05, 0.00388630549423, 0.00510698650032, 0.002374405507, 0.00140611745883, 0.000775218417402, 0.000957982847467, 0.00106866681017, 0.0011351617286, 0.00118276092689, 0.000508344091941, 0.000763759016991, 0.000888946116902, 0.000888949201908, 0.000828880583867, 0.000471150007797, 0.000311233161483, 0.000240938476054, 0.000150230611325, 0.000121848934214, 0.000270996271865, 0.000534869614057, 0.000423464080086, 9.42351398407e-05, 5.1321931096e-05, 3.51285671059e-05, 5.19958075529e-06],
        "dvar": [4.2535459599e-09, 2.27325090236e-05, 5.44921786059e-05, 1.80033966899e-05, 5.33310731043e-06, 1.45291562603e-06, 1.63888239513e-06, 2.16417697629e-06, 2.36682012655e-06, 2.90215461973e-06, 6.8345497084e-07, 1.24348298414e-06, 1.47737910083e-06, 1.67625421454e-06, 1.14683496122e-06, 4.71986112416e-07, 1.48154200019e-07, 9.80447936172e-08, 3.63236765111e-08, 2.47619329485e-08, 2.41923288513e-07, 9.21267997001e-07, 5.75432579808e-07, 2.56006345012e-08, 1.39026363755e-08, 3.6279466098e-09, 1.40608927279e-10],
        "dvar2": [1.0472194667e-08, 5.78037361265e-05, 0.000137019567774, 4.86280259793e-05, 1.39967223731e-05, 2.62782691607e-06, 3.91328148908e-06, 5.46402907275e-06, 5.84372082812e-06, 7.22231743566e-06, 1.42261808378e-06, 2.940688546e-06, 3.67898837794e-06, 3.86240299122e-06, 2.75837101071e-06, 1.0482738162e-06, 3.78048099492e-07, 2.55025099705e-07, 9.89994148881e-08, 5.11636955025e-08, 4.62347315988e-07, 2.10247685573e-06, 1.37580991577e-06, 5.43079572424e-08, 2.33142181116e-08, 6.5501795099e-09, 2.90965002092e-10],
        "max": [0.000662538106553, 0.0381231680512, 0.0547996684909, 0.0339778028429, 0.0277080889791, 0.0184582229704, 0.0170838087797, 0.0309995897114, 0.0346030704677, 0.0347485840321, 0.0347714833915, 0.0274088550359, 0.0232535358518, 0.0264698360115, 0.0231264941394, 0.0307036414742, 0.0101242056116, 0.00393873499706, 0.00246847816743, 0.00232999399304, 0.0070037022233, 0.0227281209081, 0.0115701965988, 0.00458769826218, 0.00384394754656, 0.000766451237723, 0.000131391818286],
        "mean": [2.8568885682e-05, 0.00234165252186, 0.00291016511619, 0.00107697816566, 0.000968554290012, 0.000693838344887, 0.000803461240139, 0.000994645291939, 0.00115841371007, 0.00113961601164, 0.000537374988198, 0.000636421493255, 0.000809110584669, 0.000908382295165, 0.000817215419374, 0.000455094792414, 0.000307381036691, 0.000233787024627, 0.00015540664026, 0.000162526455824, 0.000297597202007, 0.000536662410013, 0.000397669005906, 0.000112344598165, 7.32899279683e-05, 4.56583293271e-05, 4.62045090899e-06],
        "median": [2.78356856143e-06, 0.00020291096007, 0.000270294258371, 0.000134272573632, 0.000233529499383, 0.000154091467266, 0.00023242442694, 0.000240145265707, 0.000326916284394, 0.000224092393182, 0.000118487303553, 0.000119462216389, 0.000201140326681, 0.000202055714908, 0.000180521950824, 0.000129216219648, 0.000105075116153, 7.96105232439e-05, 6.85235427227e-05, 5.4901225667e-05, 5.55294063815e-05, 6.88553845976e-05, 4.21970762545e-05, 1.82660442078e-05, 9.78599928203e-06, 5.01369004269e-06, 3.55252609552e-08],
        "min": [3.15870038383e-25, 4.85611413657e-24, 3.16288770682e-24, 2.93385555084e-24, 1.77088639377e-23, 9.84384971518e-24, 1.24185844247e-23, 1.58979627323e-23, 1.36847787528e-23, 1.67371513855e-23, 1.59184336728e-23, 2.14574299851e-23, 2.26141935284e-23, 4.55242635389e-23, 4.51526690317e-23, 6.46023565052e-23, 7.05509925084e-23, 9.54834021127e-23, 1.56763007065e-22, 1.95889952606e-22, 2.60421538822e-22, 3.76925793207e-22, 4.39322822787e-22, 5.2311883407e-22, 9.23316932749e-22, 1.35640808255e-21, 2.00584715027e-21],
        "var": [4.05183087082e-09, 2.40099598159e-05, 5.05028838234e-05, 1.26153163365e-05, 5.10108156959e-06, 2.41223619923e-06, 2.2561644073e-06, 4.28945986641e-06, 4.97278642797e-06, 6.66823825668e-06, 1.91054141396e-06, 2.28805697589e-06, 2.76274909083e-06, 3.53155041921e-06, 2.84615362034e-06, 1.0502629948e-06, 2.37505844325e-07, 1.42869467368e-07, 4.95324243843e-08, 6.57748415733e-08, 4.86149190237e-07, 1.81862196769e-06, 1.00723173091e-06, 6.02794685278e-08, 4.34968647767e-08, 1.0219599389e-08, 2.2645051112e-10]
    },
    "erbbands": {
        "dmean": [0.0381940938532, 0.67420065403, 3.16951537132, 4.7171421051, 2.83454179764, 3.09682250023, 5.003428936, 3.74893736839, 6.77088737488, 11.5914297104, 15.4127054214, 16.9978542328, 19.9311084747, 17.1818904877, 14.3802509308, 18.6982574463, 24.4986820221, 28.6778411865, 29.137216568, 19.9953250885, 13.3477172852, 10.2578115463, 8.66388702393, 6.29670190811, 3.40137672424, 4.00631523132, 5.40391921997, 9.29590797424, 12.268321991, 15.0990419388, 5.89901638031, 2.13134908676, 0.734239220619, 0.416773527861, 0.312078386545, 0.138057380915, 0.0379041396081, 0.0110980644822, 0.000255478458712, 1.71399369719e-05],
        "dmean2": [0.0554612055421, 1.15835642815, 5.38176298141, 7.86989402771, 4.8454284668, 5.22017145157, 7.10502004623, 5.90399074554, 10.5851316452, 18.4596538544, 24.0742073059, 27.2915706635, 31.888010025, 26.8470840454, 23.0107879639, 30.0386981964, 38.405582428, 44.2765388489, 46.7505950928, 31.7981300354, 21.3015956879, 16.5851306915, 14.0213117599, 10.5755329132, 5.06085824966, 5.56048822403, 7.19111776352, 12.6252470016, 16.4823207855, 25.4307861328, 7.9450211525, 2.95847582817, 1.04597496986, 0.52649140358, 0.439919114113, 0.172045230865, 0.0562202446163, 0.0129839964211, 0.000294108060189, 2.24549421546e-05],
        "dvar": [0.00646157888696, 2.04384970665, 54.5642280579, 196.670150757, 61.5448570251, 77.7975769043, 178.703186035, 80.647064209, 184.645172119, 614.88494873, 1333.44128418, 1486.94384766, 2312.17285156, 1764.43188477, 1192.28308105, 1705.04724121, 2793.69287109, 4298.67529297, 3930.86157227, 1881.42724609, 825.562561035, 474.1640625, 341.541015625, 206.637619019, 37.1595039368, 50.0561218262, 148.199798584, 558.025024414, 922.939758301, 2148.42675781, 246.998794556, 26.9123630524, 4.39913320541, 2.00245785713, 0.77954852581, 0.100892074406, 0.00842164736241, 0.000838538748212, 4.48529362984e-07, 1.04489605857e-09],
        "dvar2": [0.0130010312423, 5.62131166458, 148.673324585, 504.149353027, 168.779678345, 212.680404663, 353.29864502, 197.540710449, 438.61932373, 1505.86828613, 3428.51879883, 3755.54248047, 5871.31347656, 4088.15478516, 2944.44360352, 4244.06738281, 6767.00585938, 9930.64746094, 9662.36132812, 4245.70703125, 1924.97351074, 1237.59667969, 891.319580078, 576.734069824, 83.3337478638, 105.577636719, 250.611038208, 1032.99914551, 1698.2734375, 6085.91113281, 467.681060791, 55.240486145, 8.41505336761, 3.30600190163, 1.42278504372, 0.167949587107, 0.0173003971577, 0.00129479134921, 6.86859834786e-07, 1.5745151849e-09],
        "max": [0.688804805279, 11.7374420166, 57.2279777527, 115.39516449, 93.1151123047, 105.655509949, 202.674346924, 183.12260437, 183.669967651, 423.711669922, 849.245605469, 987.090942383, 1150.31921387, 1333.06884766, 1227.53601074, 802.153137207, 925.614624023, 1495.06555176, 1305.0657959, 1154.87927246, 815.787536621, 613.152770996, 231.07270813, 212.709793091, 108.578948975, 111.248069763, 253.337631226, 420.220977783, 717.225219727, 842.11114502, 274.026245117, 120.497886658, 73.0561981201, 52.0876464844, 31.4036655426, 6.68051147461, 1.20662438869, 0.419955402613, 0.00878662243485, 0.000348158646375],
        "mean": [0.0399467200041, 0.647029817104, 2.88550543785, 4.14978551865, 2.66721010208, 3.35907030106, 5.81830978394, 4.76755952835, 9.29094600677, 15.9811992645, 24.6269798279, 28.3715820312, 31.2773609161, 29.7812900543, 24.7620716095, 27.2634220123, 38.1533432007, 48.526386261, 46.01512146, 33.7974815369, 22.0337562561, 16.9392032623, 14.2293968201, 10.0345115662, 6.74402427673, 7.34515857697, 9.40986251831, 13.9827547073, 19.2653465271, 17.9914073944, 9.84334754944, 3.48932671547, 1.36762213707, 0.786381959915, 0.552438735962, 0.242650359869, 0.0659335628152, 0.0179813280702, 0.000409319822211, 3.58509969374e-05],
        "median": [0.00299745239317, 0.0683843046427, 0.303911924362, 0.494872301817, 0.610517203808, 0.732231020927, 0.849874019623, 1.33147311211, 2.81716012955, 4.99999570847, 6.21698284149, 8.51857089996, 6.68823623657, 6.32970237732, 6.05792093277, 6.42867279053, 10.4247465134, 11.3146085739, 10.4090843201, 8.75715732574, 6.75318384171, 5.85679864883, 4.99829387665, 4.1317691803, 2.84930348396, 2.60033774376, 2.20480561256, 2.18306207657, 2.50460004807, 1.95279693604, 1.07578957081, 0.509896934032, 0.232879117131, 0.113908872008, 0.0631500557065, 0.0260306540877, 0.00753205409274, 0.00112009735312, 3.42755229212e-05, 1.57237827807e-05],
        "min": [3.27912060252e-22, 8.02220952538e-22, 4.65884559589e-21, 6.00536880954e-21, 2.01553219124e-20, 6.80916856431e-20, 4.74055819649e-20, 1.09041946876e-19, 1.34184502261e-19, 3.95725764135e-19, 3.48491709056e-19, 4.42036737349e-19, 8.71455661635e-19, 5.69589745564e-19, 8.40060073184e-19, 1.38177450419e-18, 1.6590205267e-18, 2.71217116617e-18, 3.53809177586e-18, 3.85660635612e-18, 4.27319726007e-18, 4.98179739591e-18, 5.83999769502e-18, 8.4555858053e-18, 7.61878921813e-18, 1.00645736923e-17, 1.16074756386e-17, 1.01911364619e-17, 1.25477045439e-17, 1.28080182827e-17, 1.22085960615e-17, 1.12709057735e-17, 8.48260069693e-18, 9.04807790728e-18, 6.43730481534e-18, 4.71065793087e-18, 2.77520791232e-18, 9.5374493314e-19, 2.46360365059e-19, 2.77234687552e-20],
        "var": [0.00800134334713, 1.88084661961, 45.6535453796, 159.156723022, 45.631652832, 68.5178070068, 257.903442383, 96.8070526123, 286.325958252, 881.644287109, 2741.92431641, 3043.75952148, 4632.73242188, 5555.77783203, 3994.52612305, 2943.80883789, 5701.921875, 9411.4765625, 8552.03222656, 4800.69775391, 1766.30395508, 716.425170898, 502.172668457, 233.494171143, 86.3168563843, 128.194488525, 377.422393799, 1158.17834473, 2200.19897461, 2597.99291992, 562.941833496, 59.4750175476, 11.7536888123, 6.26406478882, 2.14325594902, 0.301230102777, 0.0215554814786, 0.0022501044441, 1.16577791687e-06, 2.94241719878e-09]
    },
    "gfcc": {
        "mean": [-47.1708984375, 73.9755859375, -138.33795166, 27.3699455261, -61.1283493042, 19.8387355804, -33.5226631165, 4.72849178314, -16.0621681213, 4.5849313736, -24.2863788605, -1.69082796574, -19.486700058],
        "cov": [[18943.8144531, -1189.74987793, 135.583267212, 170.467147827, -833.33001709, 571.595947266, -636.573669434, 6.91557645798, -337.375732422, 164.587692261, -475.184661865, 232.821929932, -356.687408447], [-1189.74987793, 1751.59594727, -368.613250732, 68.5942077637, 393.924438477, -89.1367645264, 312.618652344, 90.1690063477, 218.523742676, -63.7583198547, 240.542312622, -109.362007141, 120.018997192], [135.583267212, -368.613250732, 937.498901367, 374.987304688, 117.372398376, 100.152206421, -61.600402832, 29.5061817169, -65.8200302124, 32.9029846191, -36.9748725891, 92.460609436, -41.2021522522], [170.467147827, 68.5942077637, 374.987304688, 693.295959473, 285.293914795, 1.32741570473, 19.2285442352, 38.1949043274, 33.0108680725, -18.5556964874, 9.85848426819, 9.61777305603, 23.8189163208], [-833.33001709, 393.924438477, 117.372398376, 285.293914795, 430.882232666, 34.2383003235, 140.416931152, 80.1650543213, 82.5382003784, -4.15424346924, 65.9918212891, -36.4868278503, 53.9212837219], [571.595947266, -89.1367645264, 100.152206421, 1.32741570473, 34.2383003235, 238.382583618, 63.560295105, 68.8566131592, -5.5604596138, 24.4560413361, 8.57375335693, 2.43617248535, -8.91321468353], [-636.573669434, 312.618652344, -61.600402832, 19.2285442352, 140.416931152, 63.560295105, 278.523742676, 71.2626724243, 60.5680427551, -5.69791412354, 62.4367980957, -39.7587509155, 14.7518138885], [6.91557645798, 90.1690063477, 29.5061817169, 38.1949043274, 80.1650543213, 68.8566131592, 71.2626724243, 206.494537354, 74.9206314087, 37.7391700745, 43.4846534729, -31.6915683746, 5.27614593506], [-337.375732422, 218.523742676, -65.8200302124, 33.0108680725, 82.5382003784, -5.5604596138, 60.5680427551, 74.9206314087, 174.083679199, 39.0041160583, 54.6940345764, -16.9034309387, 23.8535709381], [164.587692261, -63.7583198547, 32.9029846191, -18.5556964874, -4.15424346924, 24.4560413361, -5.69791412354, 37.7391700745, 39.0041160583, 94.398727417, 31.9278335571, 9.93933868408, -13.3511667252], [-475.184661865, 240.542312622, -36.9748725891, 9.85848426819, 65.9918212891, 8.57375335693, 62.4367980957, 43.4846534729, 54.6940345764, 31.9278335571, 126.080207825, -1.19178712368, 26.9190196991], [232.821929932, -109.362007141, 92.460609436, 9.61777305603, -36.4868278503, 2.43617248535, -39.7587509155, -31.6915683746, -16.9034309387, 9.93933868408, -1.19178712368, 94.0793685913, 12.6081409454], [-356.687408447, 120.018997192, -41.2021522522, 23.8189163208, 53.9212837219, -8.91321468353, 14.7518138885, 5.27614593506, 23.8535709381, -13.3511667252, 26.9190196991, 12.6081409454, 93.1847000122]],
        "icov": [[0.000101601799543, -0.000141866883496, 0.000130355474539, -0.000204862473765, 0.000231205092859, -0.000367600237951, 0.000213552659261, -0.000125493956148, 0.00017007686256, -0.000351460505044, 0.000498496287037, -0.00034179748036, 0.000294327735901], [-0.000141866883496, 0.00157984113321, 3.38070858561e-05, 0.000470045895781, -0.0011138812406, 0.0010184874991, -0.000824748130981, 0.000359918543836, -0.00106302765198, 0.00203389767557, -0.00268567260355, 0.0010659097461, -0.000635729171336], [0.000130355474539, 3.38070858561e-05, 0.00211436487734, -0.0011578273261, -0.000237274784013, -0.000954471295699, 0.000510922749527, -0.000588665192481, 0.000936147815082, -0.000886093184818, 0.000776631000917, -0.00220755860209, 0.00139245030005], [-0.000204862473765, 0.000470045895781, -0.0011578273261, 0.00305405445397, -0.00213375431485, 0.00120403221808, -8.51645163493e-05, 0.000244120616117, -0.000895178876817, 0.00176672416274, -0.00117405131459, 0.000787017575931, -0.000617678044364], [0.000231205092859, -0.0011138812406, -0.000237274784013, -0.00213375431485, 0.00568274687976, -0.00127461540978, -0.000757415138651, -0.000513392675202, 3.92952606489e-05, -0.00147771660704, 0.00138058443554, 0.000671417685226, -0.00121257547289], [-0.000367600237951, 0.0010184874991, -0.000954471295699, 0.00120403221808, -0.00127461540978, 0.00694937398657, -0.00232606008649, -0.00116531492677, 0.000286464201054, 0.000657919736113, -0.00199102354236, 0.000969244400039, -0.0011472083861], [0.000213552659261, -0.000824748130981, 0.000510922749527, -8.51645163493e-05, -0.000757415138651, -0.00232606008649, 0.00621256884187, -0.000858763058204, -0.000166696539964, 0.000500099500641, -8.19706037873e-05, -0.000172119354829, 0.00156955979764], [-0.000125493956148, 0.000359918543836, -0.000588665192481, 0.000244120616117, -0.000513392675202, -0.00116531492677, -0.000858763058204, 0.00753889977932, -0.00259852339514, -0.000866119167767, -0.00164062611293, 0.00299622514285, -0.000762276351452], [0.00017007686256, -0.00106302765198, 0.000936147815082, -0.000895178876817, 3.92952606489e-05, 0.000286464201054, -0.000166696539964, -0.00259852339514, 0.00985655002296, -0.00495241209865, 0.00103837694041, -0.00104199687485, -0.000550560478587], [-0.000351460505044, 0.00203389767557, -0.000886093184818, 0.00176672416274, -0.00147771660704, 0.000657919736113, 0.000500099500641, -0.000866119167767, -0.00495241209865, 0.0183758605272, -0.00780442124233, 2.46526979026e-05, 0.00223134364933], [0.000498496287037, -0.00268567260355, 0.000776631000917, -0.00117405131459, 0.00138058443554, -0.00199102354236, -8.19706037873e-05, -0.00164062611293, 0.00103837694041, -0.00780442124233, 0.016900556162, -0.00368819991127, -0.000639949750621], [-0.00034179748036, 0.0010659097461, -0.00220755860209, 0.000787017575931, 0.000671417685226, 0.000969244400039, -0.000172119354829, 0.00299622514285, -0.00104199687485, 2.46526979026e-05, -0.00368819991127, 0.0164334792644, -0.00518442224711], [0.000294327735901, -0.000635729171336, 0.00139245030005, -0.000617678044364, -0.00121257547289, -0.0011472083861, 0.00156955979764, -0.000762276351452, -0.000550560478587, 0.00223134364933, -0.000639949750621, -0.00518442224711, 0.015183929354]]
    },
    "melbands": {
        "dmean": [0.000454465654911, 0.0014193567913, 0.000739520590287, 0.000201742470381, 0.00015417386021, 8.76526537468e-05, 0.000109066466393, 0.000128114334075, 0.000131782639073, 0.000101832891232, 0.000101868747151, 7.56006702431e-05, 4.60061164631e-05, 4.99983834743e-05, 5.54434809601e-05, 5.38397034688e-05, 5.69352887396e-05, 4.95900712849e-05, 3.48878274963e-05, 2.35032857745e-05, 1.51456715685e-05, 1.10881537694e-05, 1.09057273221e-05, 5.80604955758e-06, 5.5914197219e-06, 2.70700729743e-06, 2.84563475361e-06, 2.76441028291e-06, 2.93826337838e-06, 4.65446873932e-06, 6.23637379249e-06, 7.07285062163e-06, 8.38223968458e-06, 8.7444741439e-06, 3.96945688408e-06, 1.93922619474e-06, 1.05606704892e-06, 5.5694403045e-07, 3.68583442878e-07, 3.63175644225e-07],
        "dmean2": [0.000728916784283, 0.00241414550692, 0.00122174061835, 0.000347831926774, 0.000226620701142, 0.000133605717565, 0.000170688857906, 0.000203524861718, 0.000206028402317, 0.000163685050211, 0.000163811870152, 0.000119417534734, 7.19063100405e-05, 8.0738318502e-05, 8.91683012014e-05, 8.58054263517e-05, 8.8982633315e-05, 8.0016652646e-05, 5.62060959055e-05, 3.72861941287e-05, 2.44227103394e-05, 1.79745711648e-05, 1.79701437446e-05, 9.32743841986e-06, 9.55005089054e-06, 4.2601336645e-06, 4.43966837338e-06, 3.90190371036e-06, 3.91824505641e-06, 6.92184403306e-06, 8.71726297191e-06, 8.67706876306e-06, 1.38836303449e-05, 1.49216757563e-05, 5.43396618014e-06, 2.58871000369e-06, 1.52455163516e-06, 8.17115733298e-07, 5.10962365752e-07, 4.66351508521e-07],
        "dvar": [8.70730275437e-07, 9.93118828774e-06, 4.41672955276e-06, 3.12590827889e-07, 1.63817546195e-07, 4.00359212449e-08, 4.88247273722e-08, 6.86809329409e-08, 8.99611833916e-08, 5.45098011173e-08, 6.01199445782e-08, 3.47121229538e-08, 1.32831310395e-08, 1.39956712886e-08, 1.38694442597e-08, 1.56117199168e-08, 1.84922885893e-08, 1.22377237233e-08, 5.36629318759e-09, 3.87970455762e-09, 1.05454844856e-09, 5.75859082641e-10, 5.11205022757e-10, 1.40790323844e-10, 1.64359151289e-10, 2.50205949709e-11, 2.57484051441e-11, 2.46782663749e-11, 4.05159031325e-11, 1.23761625948e-10, 2.90570706385e-10, 2.81175527306e-10, 6.28146590298e-10, 7.12323811047e-10, 1.18087498113e-10, 2.3192505208e-11, 6.54452273624e-12, 2.29928532811e-12, 1.92060798689e-12, 1.50745876285e-12],
        "dvar2": [1.84223563338e-06, 2.71787357633e-05, 1.11799172373e-05, 8.82944846126e-07, 3.10315044771e-07, 8.93455194273e-08, 1.15473966389e-07, 1.66504150911e-07, 2.32371277775e-07, 1.36996959554e-07, 1.52523540464e-07, 8.20134715696e-08, 2.94824875624e-08, 3.40083730066e-08, 3.38195995653e-08, 3.89526064737e-08, 4.28162074684e-08, 3.04681613272e-08, 1.29082424749e-08, 8.42974667847e-09, 2.50299936333e-09, 1.51614865107e-09, 1.34260180751e-09, 3.5658218045e-10, 4.66106264696e-10, 6.04446492858e-11, 6.25623580719e-11, 5.03767513815e-11, 6.65483015916e-11, 2.53220694413e-10, 5.83494363937e-10, 4.83315387712e-10, 1.69521952031e-09, 2.0866512962e-09, 2.32616509388e-10, 4.50380704953e-11, 1.41950479149e-11, 4.62445533256e-12, 3.49841228035e-12, 2.58860684624e-12],
        "max": [0.00647742114961, 0.0251676533371, 0.0163686294109, 0.00616693450138, 0.00549581553787, 0.00402883486822, 0.00307703297585, 0.00419503077865, 0.00720168463886, 0.00537016382441, 0.00592981791124, 0.00575739424676, 0.00545588042587, 0.00350134214386, 0.00312752416357, 0.00222937180661, 0.00316707510501, 0.00213566306047, 0.00188349327073, 0.00303151761182, 0.000763214484323, 0.000819178298116, 0.000301172549371, 0.000183563432074, 0.000186211924301, 9.31835966185e-05, 9.72582856775e-05, 7.96563181211e-05, 0.000130828891997, 0.000204809053685, 0.000301062158542, 0.000423089077231, 0.000575189944357, 0.00039708497934, 0.000196146822418, 0.000109505708679, 6.2983330281e-05, 5.1865583373e-05, 4.3919950258e-05, 4.76452587463e-05],
        "mean": [0.000511573103722, 0.00133776734583, 0.0006757293595, 0.000206362747122, 0.00019181559037, 0.000115661801829, 0.000148534440086, 0.000179990733159, 0.000213234874536, 0.000166670128237, 0.00015501085727, 0.000123974590679, 7.92135397205e-05, 7.01004246366e-05, 7.98586552264e-05, 8.13254155219e-05, 9.09288137336e-05, 7.30435276637e-05, 5.44907125004e-05, 3.76700154447e-05, 2.32335078181e-05, 1.71735209733e-05, 1.66566951521e-05, 9.63371803664e-06, 8.13818041934e-06, 4.99909492646e-06, 4.69758151667e-06, 4.92179469802e-06, 5.19120339959e-06, 7.03151317794e-06, 8.64982121129e-06, 1.08122549136e-05, 1.07022233351e-05, 9.81955508905e-06, 6.49621824778e-06, 3.01384829982e-06, 1.70827809143e-06, 1.00550187199e-06, 6.64847107146e-07, 6.58881504023e-07],
        "median": [4.2230301915e-05, 0.00015919803991, 9.93737776298e-05, 5.1815808547e-05, 3.11736803269e-05, 3.00111041724e-05, 4.41253432655e-05, 5.31038203917e-05, 5.42915804544e-05, 4.82733776153e-05, 2.95982354146e-05, 2.39102573687e-05, 1.80194729182e-05, 1.47908504005e-05, 1.95314205484e-05, 2.0845895051e-05, 1.93753767235e-05, 1.51461417772e-05, 1.27470202642e-05, 9.96723883873e-06, 6.85834629621e-06, 5.66167500438e-06, 5.34697028343e-06, 3.4997176499e-06, 3.18067418448e-06, 2.09556537811e-06, 1.94968606593e-06, 1.54282861331e-06, 1.30040382373e-06, 1.16416617857e-06, 1.25942847262e-06, 1.39037717872e-06, 1.27737837374e-06, 9.64889181887e-07, 6.55867381738e-07, 3.79090977276e-07, 2.56440216617e-07, 1.73334356646e-07, 1.00369973666e-07, 8.85906956682e-08],
        "min": [3.5385357757e-24, 2.2411132054e-24, 1.34622890148e-24, 2.42487677555e-24, 1.90416093328e-24, 2.14965030546e-24, 2.13935192356e-24, 4.39963622389e-24, 2.9949522363e-24, 2.5635173047e-24, 3.98383158505e-24, 1.77597675542e-24, 2.29102265993e-24, 2.45592673521e-24, 3.13298179268e-24, 2.31695192624e-24, 4.11602968441e-24, 5.34619555166e-24, 2.82873825749e-24, 4.95781566219e-24, 4.59854947329e-24, 4.86795848863e-24, 4.68159877724e-24, 4.91459831193e-24, 5.47446867358e-24, 4.81200261247e-24, 5.10917124863e-24, 6.23322664666e-24, 6.37040324719e-24, 6.23512937917e-24, 4.72091954906e-24, 6.7380522665e-24, 7.74969459111e-24, 6.27786789086e-24, 5.76948884707e-24, 6.49941395406e-24, 7.07133337718e-24, 5.33719346544e-24, 6.1484726143e-24, 6.48219193721e-24],
        "var": [1.10704934286e-06, 8.55138205225e-06, 3.71064402316e-06, 2.40255985773e-07, 2.53161630326e-07, 5.64012516691e-08, 7.31914795438e-08, 1.08043913372e-07, 1.89482221913e-07, 1.07476921585e-07, 1.19902452411e-07, 1.02493210363e-07, 4.0816168223e-08, 2.99106766022e-08, 2.47791689389e-08, 2.79777960799e-08, 3.77412057162e-08, 2.3275077865e-08, 1.20412488869e-08, 8.57621706984e-09, 1.98148986108e-09, 8.21050005761e-10, 7.15182635336e-10, 2.39361641619e-10, 1.67713939958e-10, 5.03176354749e-11, 4.62209992502e-11, 6.49813258757e-11, 1.08094401485e-10, 2.51480863911e-10, 5.07891673163e-10, 6.81946443759e-10, 8.81363926286e-10, 7.91063936578e-10, 2.53576742937e-10, 4.95956921365e-11, 1.39277088126e-11, 5.75271991501e-12, 5.27421986293e-12, 4.47057538558e-12]
    },
    "mfcc": {
        "mean": [-677.746398926, 102.336601257, -17.3123435974, 11.9943971634, -5.41299390793, 14.7511463165, -9.76420879364, 5.96428585052, 1.95987582207, 5.64028787613, 5.10816144943, -1.28074502945, -3.00609731674],
        "cov": [[12280.3574219, -410.811889648, 372.030334473, -305.596313477, -234.70463562, 332.982513428, -388.333129883, 54.2446670532, -149.846481323, -80.9887542725, -84.7167739868, -50.4004478455, -199.356933594], [-410.811889648, 1453.6496582, -412.230010986, 57.8556251526, 23.3308639526, -18.5229949951, 131.808197021, 90.9600143433, 83.9297180176, 57.9528846741, 112.311546326, 110.189117432, 99.2602996826], [372.030334473, -412.230010986, 666.557739258, 154.000656128, 140.500335693, 94.7940216064, 6.23118782043, 26.8074417114, -40.9861030579, -19.9313468933, -45.2660484314, 11.2447223663, -6.6981139183], [-305.596313477, 57.8556251526, 154.000656128, 665.102416992, 286.684112549, 95.9297027588, 64.571434021, 58.2849807739, 59.8275299072, 22.2966575623, -8.49592399597, 18.1603679657, 49.3646965027], [-234.70463562, 23.3308639526, 140.500335693, 286.684112549, 360.317626953, 56.0416412354, 60.5874252319, 45.7758255005, 57.6539878845, 45.7293663025, 18.1294212341, 17.9789714813, 24.4948005676], [332.982513428, -18.5229949951, 94.7940216064, 95.9297027588, 56.0416412354, 199.12020874, 49.1107444763, 45.7513885498, 2.60438585281, -2.19696640968, -2.95019102097, -0.0123852072284, -26.3812541962], [-388.333129883, 131.808197021, 6.23118782043, 64.571434021, 60.5874252319, 49.1107444763, 247.263946533, 74.9537734985, 53.2903366089, 38.8265457153, 61.4283027649, 16.8099555969, 11.4257564545], [54.2446670532, 90.9600143433, 26.8074417114, 58.2849807739, 45.7758255005, 45.7513885498, 74.9537734985, 132.309402466, 59.9047279358, 42.8921966553, 30.6961269379, 21.8789825439, 14.7731704712], [-149.846481323, 83.9297180176, -40.9861030579, 59.8275299072, 57.6539878845, 2.60438585281, 53.2903366089, 59.9047279358, 119.110954285, 67.4544296265, 38.453792572, 7.38612174988, 14.0348310471], [-80.9887542725, 57.9528846741, -19.9313468933, 22.2966575623, 45.7293663025, -2.19696640968, 38.8265457153, 42.8921966553, 67.4544296265, 119.209075928, 73.345664978, 23.0390319824, 10.9609251022], [-84.7167739868, 112.311546326, -45.2660484314, -8.49592399597, 18.1294212341, -2.95019102097, 61.4283027649, 30.6961269379, 38.453792572, 73.345664978, 132.254943848, 64.1816711426, 15.8961801529], [-50.4004478455, 110.189117432, 11.2447223663, 18.1603679657, 17.9789714813, -0.0123852072284, 16.8099555969, 21.8789825439, 7.38612174988, 23.0390319824, 64.1816711426, 110.284317017, 44.9793128967], [-199.356933594, 99.2602996826, -6.6981139183, 49.3646965027, 24.4948005676, -26.3812541962, 11.4257564545, 14.7731704712, 14.0348310471, 10.9609251022, 15.8961801529, 44.9793128967, 98.6581420898]],
