{
"lowlevel": {
    "average_loudness": 0.894454240799,
    "barkbands_crest": {
        "dmean": 2.40378284454,
        "dmean2": 3.94354343414,
        "dvar": 5.41703891754,
        "dvar2": 13.7810058594,
        "max": 23.0194301605,
        "mean": 8.83243179321,
        "median": 8.07531356812,
        "min": 2.59086465836,
        "var": 13.4826040268
    },
    "barkbands_flatness_db": {
        "dmean": 0.0179411228746,
        "dmean2": 0.0286017395556,
        "dvar": 0.000306630128762,
        "dvar2": 0.000809409772046,
        "max": 0.300536125898,
        "mean": 0.122875347733,
        "median": 0.11892183125,
        "min": 0.0326917916536,
        "var": 0.00126898544841
    },
    "barkbands_kurtosis": {
        "dmean": 1.9556748867,
        "dmean2": 3.26303362846,
        "dvar": 13.8535995483,
        "dvar2": 36.7606277466,
        "max": 109.636032104,
        "mean": 1.77981841564,
        "median": 0.400098085403,
        "min": -1.90853369236,
        "var": 23.734331131
    },
    "barkbands_skewness": {
        "dmean": 0.508013248444,
        "dmean2": 0.799125850201,
        "dvar": 0.310361355543,
        "dvar2": 0.771816015244,
        "max": 8.55585956573,
        "mean": 1.18530571461,
        "median": 1.03106045723,
        "min": -2.35601472855,
        "var": 0.901979327202
    },
    "barkbands_spread": {
        "dmean": 5.15821218491,
        "dmean2": 8.18849754333,
        "dvar": 28.7025470734,
        "dvar2": 69.8382644653,
        "max": 94.4153671265,
        "mean": 26.0675010681,
        "median": 25.1745357513,
        "min": 1.99031043053,
        "var": 117.424499512
    },
    "dissonance": {
        "dmean": 0.0132852401584,
        "dmean2": 0.0224073119462,
        "dvar": 0.00020112322818,
        "dvar2": 0.000559143547434,
        "max": 0.500000059605,
        "mean": 0.47304469347,
        "median": 0.478893369436,
        "min": 0.278783738613,
        "var": 0.000447364262072
    },
    "dynamic_complexity": 2.52689504623,
    "erbbands_crest": {
        "dmean": 2.54733943939,
        "dmean2": 4.08119487762,
        "dvar": 6.00389623642,
        "dvar2": 14.383559227,
        "max": 30.6860294342,
        "mean": 8.70439624786,
        "median": 7.47012376785,
        "min": 2.43426775932,
        "var": 19.6604328156
    },
    "erbbands_flatness_db": {
        "dmean": 0.014752750285,
        "dmean2": 0.0215858910233,
        "dvar": 0.000178293441422,
        "dvar2": 0.000371416012058,
        "max": 0.329117894173,
        "mean": 0.155773445964,
        "median": 0.154544979334,
        "min": 0.0308510288596,
        "var": 0.000951707770582
    },
    "erbbands_kurtosis": {
        "dmean": 0.750134885311,
        "dmean2": 1.18623781204,
        "dvar": 0.89726382494,
        "dvar2": 2.14997172356,
        "max": 24.1614627838,
        "mean": 0.230182752013,
        "median": -0.146797657013,
        "min": -1.83240461349,
        "var": 2.06785583496
    },
    "erbbands_skewness": {
        "dmean": 0.316201359034,
        "dmean2": 0.481609255075,
        "dvar": 0.0810749977827,
        "dvar2": 0.184904918075,
        "max": 3.19789218903,
        "mean": -0.130874782801,
        "median": -0.201790690422,
        "min": -3.20187616348,
        "var": 0.524931371212
    },
    "erbbands_spread": {
        "dmean": 7.93205070496,
        "dmean2": 12.1328668594,
        "dvar": 64.2470397949,
        "dvar2": 145.975997925,
        "max": 131.157791138,
        "mean": 37.2853851318,
        "median": 34.7947540283,
        "min": 1.89568555355,
        "var": 236.007476807
    },
    "hfc": {
        "dmean": 4.84533786774,
        "dmean2": 6.91354656219,
        "dvar": 32.6645126343,
        "dvar2": 64.2178726196,
        "max": 151.172134399,
        "mean": 21.5530586243,
        "median": 18.3839550018,
        "min": 1.04242280176e-16,
        "var": 229.051177979
    },
    "melbands_crest": {
        "dmean": 3.22542142868,
        "dmean2": 5.26849651337,
        "dvar": 10.1200780869,
        "dvar2": 25.5196647644,
        "max": 29.3593959808,
        "mean": 12.9992485046,
        "median": 12.28120327,
        "min": 1.00113487244,
        "var": 20.2320270538
    },
    "melbands_flatness_db": {
        "dmean": 0.0232359953225,
        "dmean2": 0.0368829555809,
        "dvar": 0.000579807441682,
        "dvar2": 0.00147155451123,
        "max": 0.408932834864,
        "mean": 0.17949026823,
        "median": 0.174955323339,
        "min": 1.72573138002e-08,
        "var": 0.00259874179028
    },
    "melbands_kurtosis": {
        "dmean": 6.09919214249,
        "dmean2": 10.121679306,
        "dvar": 131.324279785,
        "dvar2": 351.222503662,
        "max": 264.582092285,
        "mean": 9.62805557251,
        "median": 4.71161460876,
        "min": -1.68070232868,
        "var": 233.754867554
    },
    "melbands_skewness": {
        "dmean": 0.745874226093,
        "dmean2": 1.17096662521,
        "dvar": 0.74892860651,
        "dvar2": 1.85487604141,
        "max": 12.529094696,
        "mean": 2.40689873695,
        "median": 2.09073352814,
        "min": -2.66503000259,
        "var": 2.21817827225
    },
    "melbands_spread": {
        "dmean": 7.65046691895,
        "dmean2": 11.9691972733,
        "dvar": 68.4816055298,
        "dvar2": 159.293838501,
        "max": 170.354995728,
        "mean": 28.2140293121,
        "median": 25.2979393005,
        "min": 1.15270233154,
        "var": 261.476470947
    },
    "pitch_salience": {
        "dmean": 0.0667332261801,
        "dmean2": 0.109391130507,
        "dvar": 0.0040778699331,
        "dvar2": 0.0110117513686,
        "max": 0.996093451977,
        "mean": 0.548426806927,
        "median": 0.556279540062,
        "min": 0.107748262584,
        "var": 0.0106537276879
    },
    "silence_rate_20dB": {
        "dmean": 0,
        "dmean2": 0,
        "dvar": 0,
        "dvar2": 0,
        "max": 1,
        "mean": 1,
        "median": 1,
        "min": 1,
        "var": 0
    },
    "silence_rate_30dB": {
        "dmean": 0.000857338833157,
        "dmean2": 0.00171482469887,
        "dvar": 0.000856634578668,
        "dvar2": 0.00256939651445,
        "max": 1,
        "mean": 0.999571382999,
        "median": 1,
        "min": 0,
        "var": 0.000428444327554
    },
    "silence_rate_60dB": {
        "dmean": 0.000342935527442,
        "dmean2": 0.000685929844622,
        "dvar": 0.000342721061315,
        "dvar2": 0.000685465638526,
        "max": 1,
        "mean": 0.0253750532866,
        "median": 0,
        "min": 0,
        "var": 0.0247318595648
    },
    "spectral_centroid": {
        "dmean": 236.86151123,
        "dmean2": 373.901000977,
        "dvar": 62261.5195312,
        "dvar2": 141594.90625,
        "max": 11632.9111328,
        "mean": 1510.21447754,
        "median": 1451.49658203,
        "min": 224.185302734,
        "var": 533750.1875
    },
    "spectral_complexity": {
        "dmean": 2.96364879608,
        "dmean2": 4.73600292206,
        "dvar": 7.33530330658,
        "dvar2": 17.1711082458,
        "max": 55,
        "mean": 23.4220314026,
        "median": 23,
        "min": 0,
        "var": 72.8759307861
    },
    "spectral_decrease": {
        "dmean": 2.4275412791e-09,
        "dmean2": 3.8024703386e-09,
        "dvar": 1.21869925854e-17,
        "dvar2": 3.00744639664e-17,
        "max": 1.87138125279e-27,
        "mean": -6.82722456347e-09,
        "median": -5.70028735325e-09,
        "min": -4.05898141764e-08,
        "var": 1.94650255774e-17
    },
    "spectral_energy": {
        "dmean": 0.00944958999753,
        "dmean2": 0.0147169101983,
        "dvar": 0.000177590176463,
        "dvar2": 0.000435393856606,
        "max": 0.159727871418,
        "mean": 0.02772244066,
        "median": 0.0233011208475,
        "min": 9.74823708503e-21,
        "var": 0.000306166417431
    },
    "spectral_energyband_high": {
        "dmean": 0.000246190436883,
        "dmean2": 0.000355139520252,
        "dvar": 1.87467932733e-07,
        "dvar2": 3.55363653171e-07,
        "max": 0.0139700258151,
        "mean": 0.000713567249477,
        "median": 0.000438076152932,
        "min": 7.03733114976e-21,
        "var": 7.81085418566e-07
    },
    "spectral_energyband_low": {
        "dmean": 0.00641211494803,
        "dmean2": 0.0106597105041,
        "dvar": 0.000149649873492,
        "dvar2": 0.000386009749491,
        "max": 0.117886886001,
        "mean": 0.0098688416183,
        "median": 0.00668030511588,
        "min": 1.11711428981e-23,
        "var": 0.000135660360684
    },
    "spectral_energyband_middle_high": {
        "dmean": 0.00188691611402,
        "dmean2": 0.0028366970364,
        "dvar": 6.06313369644e-06,
        "dvar2": 1.36282078529e-05,
        "max": 0.0494769066572,
        "mean": 0.00645220233127,
        "median": 0.00527815986425,
        "min": 1.27304994587e-21,
        "var": 2.66949500656e-05
    },
    "spectral_energyband_middle_low": {
        "dmean": 0.00510350987315,
        "dmean2": 0.00817180983722,
        "dvar": 5.63889079785e-05,
        "dvar2": 0.00013822382607,
        "max": 0.0983725711703,
        "mean": 0.012206312269,
        "median": 0.00923837348819,
        "min": 1.87512338145e-22,
        "var": 0.000103307509562
    },
    "spectral_entropy": {
        "dmean": 0.113031335175,
        "dmean2": 0.175144731998,
        "dvar": 0.0113378744572,
        "dvar2": 0.0258005410433,
        "max": 9.81651496887,
        "mean": 7.62985897064,
        "median": 7.64513111115,
        "min": 6.26352071762,
        "var": 0.0890072882175
    },
    "spectral_flux": {
        "dmean": 0.0263221431524,
        "dmean2": 0.0395109988749,
        "dvar": 0.000905676162802,
        "dvar2": 0.00162759504747,
        "max": 0.306856244802,
        "mean": 0.0866314992309,
        "median": 0.0754705443978,
        "min": 6.39823125037e-11,
        "var": 0.00222246837802
    },
    "spectral_kurtosis": {
        "dmean": 1.34315538406,
        "dmean2": 2.2825922966,
        "dvar": 1.69011104107,
        "dvar2": 4.85058450699,
        "max": 21.6630496979,
        "mean": 3.8814895153,
        "median": 3.52277755737,
        "min": -1.27448487282,
        "var": 4.29053592682
    },
    "spectral_rms": {
        "dmean": 0.000798947992735,
        "dmean2": 0.00120736320969,
        "dvar": 9.02861245322e-07,
        "dvar2": 2.10501866604e-06,
        "max": 0.0124832717702,
        "mean": 0.00495246285573,
        "median": 0.00476789241657,
        "min": 3.08390596046e-12,
        "var": 2.51937831308e-06
    },
    "spectral_rolloff": {
        "dmean": 448.954040527,
        "dmean2": 749.449768066,
        "dvar": 405584.15625,
        "dvar2": 979439,
        "max": 19379.8828125,
        "mean": 1610.50952148,
        "median": 1485.79101562,
        "min": 107.666015625,
        "var": 1839096.25
    },
    "spectral_skewness": {
        "dmean": 0.170839637518,
        "dmean2": 0.28168335557,
        "dvar": 0.0226720888168,
        "dvar2": 0.057890471071,
        "max": 3.81831336021,
        "mean": 1.37710809708,
        "median": 1.33668398857,
        "min": -0.0821343660355,
        "var": 0.114029034972
    },
    "spectral_spread": {
        "dmean": 397446.5,
        "dmean2": 579961.375,
        "dvar": 333499629568,
        "dvar2": 575878135808,
        "max": 43150400,
        "mean": 4104322.25,
        "median": 3802258.75,
        "min": 1952822.25,
        "var": 4.98071188275e+12
    },
    "spectral_strongpeak": {
        "dmean": 0.566678762436,
        "dmean2": 0.986152946949,
        "dvar": 1.07270920277,
        "dvar2": 2.71496605873,
        "max": 12.3697385788,
        "mean": 0.911849081516,
        "median": 0.382289946079,
        "min": 0,
        "var": 1.60237205029
    },
    "zerocrossingrate": {
        "dmean": 0.00784444063902,
        "dmean2": 0.00984604936093,
        "dvar": 7.77805762482e-05,
        "dvar2": 0.000122991157696,
        "max": 0.5205078125,
        "mean": 0.0600425191224,
        "median": 0.05615234375,
        "min": 0.00537109375,
        "var": 0.001126203686
    },
    "barkbands": {
        "dmean": [8.17800610093e-05, 0.0032897349447, 0.00308079621755, 0.0024653961882, 0.00189395179041, 0.000647454871796, 0.000621499319095, 0.000538678141311, 0.00109420914669, 0.000412291497923, 0.00037780078128, 0.000414503418142, 0.000437087001046, 0.00036069448106, 0.000408717256505, 0.000420700671384, 0.000358259305358, 0.000269721727818, 0.000171257459442, 0.000114058340841, 7.46897421777e-05, 7.14115667506e-05, 7.51340703573e-05, 3.76676580345e-05, 1.10049095383e-05, 3.3322114632e-06, 4.90827687827e-07],
        "dmean2": [0.000121412027511, 0.00551589345559, 0.00559309776872, 0.00424570031464, 0.00312650040723, 0.00102288182825, 0.000968586711679, 0.000816067855339, 0.00159842439461, 0.000615671742707, 0.000580514024477, 0.000637580757029, 0.000684812199324, 0.000561060500331, 0.000665933999699, 0.000685790204443, 0.000583474466112, 0.00043109775288, 0.000270579184871, 0.000182484945981, 0.000118494339404, 0.000108588115836, 0.000111804278276, 5.56670238439e-05, 1.61319840117e-05, 4.76912555314e-06, 8.53308847582e-07],
        "dvar": [3.00386169272e-08, 4.46171543445e-05, 5.07246659254e-05, 2.94388555631e-05, 8.63433888298e-06, 1.09357847577e-06, 1.7793695406e-06, 2.39325913753e-06, 6.96835331837e-06, 1.5291376485e-06, 7.78377739152e-07, 1.37165113756e-06, 8.42696636028e-07, 5.6158330608e-07, 6.67435188006e-07, 4.48377079465e-07, 3.75077178205e-07, 3.42929553199e-07, 1.32836333933e-07, 4.90559628474e-08, 1.65383422512e-08, 2.42886262214e-08, 2.85210202122e-08, 1.15611245022e-08, 1.43360068261e-09, 1.07483133505e-10, 4.52685458563e-12],
        "dvar2": [6.34947667777e-08, 0.000113038477139, 0.000144449484651, 7.60533293942e-05, 2.26554511755e-05, 2.57801707448e-06, 4.06591288993e-06, 5.46535784451e-06, 1.45999147207e-05, 3.10716450258e-06, 1.78765571945e-06, 3.12095153276e-06, 2.01281500267e-06, 1.21453331303e-06, 1.71988676811e-06, 1.12509439987e-06, 9.64708533502e-07, 7.86226394212e-07, 3.08481475031e-07, 1.1907933839e-07, 3.79465916467e-08, 5.08876958349e-08, 6.12462258687e-08, 2.30718963934e-08, 2.6852164936e-09, 2.09461920031e-10, 1.25999974343e-11],
        "max": [0.00267465482466, 0.0655357539654, 0.0746683180332, 0.0709797739983, 0.0392011217773, 0.0232646074146, 0.0299389194697, 0.039317317307, 0.0470673292875, 0.0381429679692, 0.0258321780711, 0.0325322523713, 0.0295623783022, 0.0179385133088, 0.0383609943092, 0.0150984153152, 0.0145058538765, 0.0157257113606, 0.010731395334, 0.0084389615804, 0.00336751062423, 0.00457472307608, 0.00630428269506, 0.00724328076467, 0.00311456643976, 0.000423957273597, 7.28335799067e-05],
        "mean": [8.8666267402e-05, 0.00471034878865, 0.00366216595285, 0.00290270638652, 0.0033765162807, 0.00127247860655, 0.00111332745291, 0.000929015048314, 0.00234917434864, 0.000704786390997, 0.000601022853516, 0.000655578682199, 0.000715083733667, 0.000604633765761, 0.000712664739694, 0.000831561163068, 0.000706702645402, 0.000548997602891, 0.000384277809644, 0.000259154912783, 0.000190188919078, 0.000151126107085, 0.000143388169818, 7.85617594374e-05, 2.35129009525e-05, 6.40849611955e-06, 4.41840001031e-07],
        "median": [1.29448071675e-05, 0.00264016934671, 0.00201439415105, 0.00141989300027, 0.00231382786296, 0.000725503137801, 0.000499352579936, 0.000287524162559, 0.000577533035539, 0.000269411597401, 0.000254170823609, 0.000251925783232, 0.000302590429783, 0.000322733714711, 0.000440926814917, 0.000547069590539, 0.00038661796134, 0.000251564808423, 0.000177565787453, 0.000146190766827, 0.00011590187205, 7.65448130551e-05, 6.02459731454e-05, 3.13081873173e-05, 1.12196730697e-05, 2.33416449191e-06, 7.79147768526e-08],
        "min": [5.02310977793e-25, 4.4560693609e-24, 2.38295039616e-24, 1.09014147885e-24, 8.98542784419e-24, 1.4031464188e-23, 4.80274848519e-24, 1.29153206704e-23, 1.32799258699e-23, 2.03748477659e-23, 2.12814098736e-23, 3.47423051684e-23, 2.87166700299e-23, 4.63620527529e-23, 5.90283852558e-23, 4.87822496111e-23, 9.1456071554e-23, 1.11057226632e-22, 1.45566218299e-22, 2.41627060284e-22, 2.89272088014e-22, 3.52100454115e-22, 4.08601777104e-22, 6.88139296304e-22, 9.78274259308e-22, 1.26712053914e-21, 2.15163329036e-21],
        "var": [3.7458836033e-08, 4.25331709266e-05, 3.40060068993e-05, 2.64354730461e-05, 1.26240183818e-05, 2.94265487355e-06, 4.12359986512e-06, 5.89478440816e-06, 2.74889935099e-05, 4.30251338912e-06, 1.333788191e-06, 2.29844363275e-06, 1.53476082687e-06, 1.11790745905e-06, 9.99744770525e-07, 8.91860906904e-07, 8.77357024365e-07, 9.01691123545e-07, 4.19651115635e-07, 1.26380612642e-07, 5.07760269386e-08, 6.0319706563e-08, 6.90437715889e-08, 2.86684560535e-08, 3.32879324105e-09, 2.86847379183e-10, 3.20432417579e-12]
    },
    "erbbands": {
        "dmean": [0.0691969618201, 0.88381934166, 3.24830770493, 6.01545476913, 7.25580501556, 7.0313706398, 4.97579145432, 5.49424266815, 6.86769199371, 12.1003913879, 12.4996356964, 25.6750679016, 16.4357509613, 10.4654254913, 15.4547739029, 15.2366952896, 20.398393631, 15.896654129, 15.8392953873, 27.6026744843, 20.2455482483, 18.3730392456, 15.5252685547, 9.76738834381, 7.44391870499, 5.62123727798, 3.40186715126, 2.78637742996, 2.36300826073, 2.47676587105, 2.10076498985, 1.1214594841, 0.461230963469, 0.175816938281, 0.062652155757, 0.0203859768808, 0.00459798611701, 0.00113846804015, 7.11014145054e-05, 1.15016791824e-05],
        "dmean2": [0.1120371297, 1.52121722698, 5.86841201782, 10.4699544907, 12.2655115128, 11.6388607025, 7.95199966431, 8.56266117096, 10.9050207138, 18.4180355072, 18.793176651, 36.8288459778, 23.9637737274, 15.9587087631, 23.4559421539, 23.2441234589, 31.8494415283, 24.6591300964, 24.9920654297, 45.2888526917, 32.9460411072, 29.7604675293, 24.7963218689, 15.5252723694, 11.7306118011, 8.97709941864, 5.43864297867, 4.38809204102, 3.63917350769, 3.69465994835, 3.14557719231, 1.67060816288, 0.675888478756, 0.255737453699, 0.0913328677416, 0.0294538326561, 0.00673713395372, 0.00175857800059, 0.000122209530673, 1.75617369678e-05],
        "dvar": [0.0197329316288, 3.46498441696, 56.5738372803, 138.790054321, 190.791854858, 126.759635925, 61.2130661011, 95.1710205078, 227.853164673, 988.512451172, 1199.22485352, 3930.38061523, 3099.2121582, 516.029785156, 1343.56384277, 1977.31860352, 1918.48010254, 1284.81079102, 1010.9777832, 2502.89916992, 1097.44628906, 1078.80578613, 1114.06054688, 452.190856934, 293.133087158, 122.813499451, 32.2755393982, 23.3970623016, 24.0793819427, 38.0340232849, 22.1928043365, 12.5606489182, 1.42051517963, 0.315055966377, 0.0498683750629, 0.00467054126784, 0.000176790767, 1.2975019672e-05, 1.25854967337e-07, 2.55547250028e-10],
        "dvar2": [0.0459982939065, 9.19023036957, 160.539276123, 364.886444092, 501.738433838, 337.59085083, 145.195419312, 214.022445679, 542.052490234, 2270.36425781, 2757.86328125, 7947.05712891, 5918.89355469, 1112.7052002, 3116.17260742, 4489.76611328, 4635.76074219, 2867.84179688, 2327.25537109, 6461.30419922, 2737.32617188, 2764.18579102, 2611.24584961, 1050.69433594, 703.160095215, 313.817596436, 76.5191421509, 53.7688217163, 51.9985198975, 80.4305725098, 46.4391326904, 25.5676612854, 2.97702074051, 0.597699999809, 0.0927722007036, 0.00879915244877, 0.000385477876989, 3.17168087349e-05, 3.55287141929e-07, 6.0898303067e-10],
        "max": [1.79858338833, 16.5871315002, 78.2138061523, 133.028594971, 181.374404907, 196.472473145, 156.146591187, 270.262054443, 441.696289062, 776.185241699, 911.184753418, 1411.64135742, 1681.76794434, 830.965270996, 1214.87023926, 1537.78198242, 1571.25622559, 1055.00817871, 920.497070312, 2689.37792969, 739.617736816, 831.933105469, 901.562744141, 544.553527832, 537.236999512, 295.359039307, 154.838867188, 136.372283936, 135.258483887, 297.182647705, 149.619506836, 267.914367676, 46.9793891907, 41.6393623352, 17.5699901581, 3.26136040688, 0.475375443697, 0.0844966173172, 0.014426571317, 0.000270343647571],
        "mean": [0.090201549232, 1.22824633121, 4.11594867706, 7.27527570724, 10.4096002579, 11.9481639862, 9.81192779541, 11.057765007, 12.2482814789, 22.4479732513, 25.177532196, 53.6070709229, 33.274974823, 19.7511997223, 26.9304428101, 26.7723312378, 35.1698913574, 28.3714351654, 30.4511470795, 49.7039909363, 42.0585365295, 38.8327865601, 34.3466033936, 22.6686325073, 17.156879425, 12.824016571, 8.811419487, 6.75230503082, 5.18332147598, 4.82746315002, 3.98232197762, 2.28591799736, 0.938938677311, 0.360591799021, 0.132072150707, 0.041107788682, 0.00850049126893, 0.00152055849321, 7.91272250353e-05, 3.52614879375e-05],
        "median": [0.041842520237, 0.691424489021, 2.4751636982, 3.97365689278, 6.5676445961, 7.48783493042, 6.10527563095, 5.99405527115, 6.37770223618, 8.2949256897, 8.67472553253, 13.7896633148, 10.8908481598, 10.7224836349, 13.606962204, 12.0255880356, 16.205827713, 15.4940538406, 19.1698570251, 30.7325572968, 27.5644226074, 21.3054943085, 17.5165176392, 10.8645792007, 8.30204486847, 7.16499328613, 5.49052286148, 3.95150589943, 2.75161600113, 2.17683696747, 1.59019327164, 0.947821438313, 0.377890944481, 0.156946271658, 0.063869304955, 0.0165355224162, 0.00320381997153, 0.000443219614681, 2.76600494544e-05, 2.95362442557e-05],
        "min": [1.16669473413e-22, 1.04973046655e-21, 2.05927502068e-21, 9.68462414942e-21, 1.07637725392e-20, 2.70507657377e-20, 4.96398549606e-20, 8.97299549856e-20, 1.18059133207e-19, 2.4807978921e-19, 3.72106991762e-19, 3.67314307293e-19, 5.2183707409e-19, 6.6213326493e-19, 7.73672780269e-19, 1.34229193278e-18, 1.77742605471e-18, 1.85819321049e-18, 2.92948722952e-18, 3.47680596427e-18, 3.83295395368e-18, 5.49723969178e-18, 7.0121556364e-18, 9.16174493116e-18, 8.68019429293e-18, 1.15963376516e-17, 1.06096865431e-17, 1.1326672636e-17, 1.0581157911e-17, 9.67786592872e-18, 1.09956498441e-17, 1.00582209452e-17, 1.14115637007e-17, 9.07621197428e-18, 7.05433192147e-18, 4.60775583549e-18, 2.44212171839e-18, 9.30615515647e-19, 2.90115453578e-19, 2.90260811184e-20],
        "var": [0.0211224593222, 2.93749809265, 37.8724403381, 117.346252441, 189.689605713, 199.312896729, 141.221176147, 266.016387939, 469.808563232, 2319.89672852, 3227.93286133, 15476.0390625, 11049.1757812, 1134.0357666, 2165.52636719, 3216.63647461, 3419.42260742, 2484.06152344, 1905.46948242, 4203.31494141, 2270.82543945, 2600.11914062, 2876.85107422, 1341.29260254, 841.015197754, 316.433258057, 99.9504394531, 71.0429229736, 61.9590072632, 80.5546646118, 56.4432601929, 28.0455207825, 3.62072110176, 0.728697121143, 0.117982439697, 0.0126386936754, 0.000395952811232, 1.65850033227e-05, 8.38833216221e-08, 5.13565689975e-10]
    },
    "gfcc": {
        "mean": [7.04919958115, 103.6407547, -131.501708984, 47.1012649536, -52.4444236755, 17.50822258, -38.6187438965, 6.26917266846, -17.9034080505, -4.86269140244, -17.8309230804, -4.91194295883, -10.3378915787],
        "cov": [[11034.9150391, 581.120727539, -1254.9552002, 182.137969971, -755.554870605, 173.889282227, -325.958892822, 9.46173095703, -190.077545166, -199.744857788, -177.262451172, -52.4197006226, -118.966178894], [581.120727539, 689.14050293, -134.857223511, -67.9190216064, 54.0813827515, -41.9636421204, 28.4784240723, -33.8382110596, 70.6813964844, -34.5439376831, 71.4342651367, -47.1028747559, 34.3900642395], [-1254.9552002, -134.857223511, 501.637817383, 40.0315818787, 57.6733703613, 44.6054954529, 19.4862270355, -9.40013790131, 33.0608940125, 20.4658088684, -13.5917806625, 24.7254829407, -20.8444328308], [182.137969971, -67.9190216064, 40.0315818787, 207.770111084, 28.9358596802, -1.4565756321, -38.3093261719, -13.5931272507, 3.94269800186, -11.1585149765, -8.84133720398, 3.30738782883, 24.4311256409], [-755.554870605, 54.0813827515, 57.6733703613, 28.9358596802, 228.846389771, -5.50184440613, 17.6370372772, 17.8371639252, 33.0404090881, 37.9933738708, 29.0943241119, 6.29829311371, 27.9626102448], [173.889282227, -41.9636421204, 44.6054954529, -1.4565756321, -5.50184440613, 126.811462402, 35.2895698547, 6.61796760559, 5.21989345551, 8.74505138397, -14.6911582947, 0.351788669825, -6.09971141815], [-325.958892822, 28.4784240723, 19.4862270355, -38.3093261719, 17.6370372772, 35.2895698547, 147.423294067, 43.5958442688, 9.01994514465, 13.9020690918, 6.62973594666, -9.37539482117, 4.56516933441], [9.46173095703, -33.8382110596, -9.40013790131, -13.5931272507, 17.8371639252, 6.61796760559, 43.5958442688, 101.772903442, 21.1076431274, 16.2559280396, 2.86330294609, 2.32063055038, 0.143806159496], [-190.077545166, 70.6813964844, 33.0608940125, 3.94269800186, 33.0404090881, 5.21989345551, 9.01994514465, 21.1076431274, 95.8706893921, 23.6490325928, 13.8581295013, -7.40737438202, 3.71743392944], [-199.744857788, -34.5439376831, 20.4658088684, -11.1585149765, 37.9933738708, 8.74505138397, 13.9020690918, 16.2559280396, 23.6490325928, 89.5913314819, 14.8649272919, 4.53428983688, -3.21279191971], [-177.262451172, 71.4342651367, -13.5917806625, -8.84133720398, 29.0943241119, -14.6911582947, 6.62973594666, 2.86330294609, 13.8581295013, 14.8649272919, 89.9618453979, 21.747089386, 1.92897367477], [-52.4197006226, -47.1028747559, 24.7254829407, 3.30738782883, 6.29829311371, 0.351788669825, -9.37539482117, 2.32063055038, -7.40737438202, 4.53428983688, 21.747089386, 71.1065826416, 16.1255874634], [-118.966178894, 34.3900642395, -20.8444328308, 24.4311256409, 27.9626102448, -6.09971141815, 4.56516933441, 0.143806159496, 3.71743392944, -3.21279191971, 1.92897367477, 16.1255874634, 79.3918838501]],
        "icov": [[0.000400716264267, -0.000829553930089, 0.000846525887027, -0.000932280614506, 0.00111209216993, -0.00114195421338, 0.000985470949672, -0.0010197549127, 0.000796543958131, -0.000362810242223, 0.00102531909943, -0.000877149228472, 0.00103596644476], [-0.000829553930089, 0.00423200987279, -0.00119259417988, 0.00287127960473, -0.00286094797775, 0.00274899927899, -0.00261821481399, 0.00362837780267, -0.0037965408992, 0.00248113949783, -0.00408814521506, 0.003690083744, -0.00328208715655], [0.000846525887027, -0.00119259417988, 0.00433664117008, -0.00227780244313, 0.00156276754569, -0.00285897799768, 0.00135755015071, -0.00103220611345, 0.000245221599471, -0.0004978220677, 0.00270491675474, -0.00299550849013, 0.00328943016939], [-0.000932280614506, 0.00287127960473, -0.00227780244313, 0.00809440109879, -0.00345157599077, 0.00245009083301, -0.000822162430268, 0.00293402676471, -0.00274423044175, 0.00223762681708, -0.00280348397791, 0.00320244790055, -0.00464707287028], [0.00111209216993, -0.00286094797775, 0.00156276754569, -0.00345157599077, 0.00873868074268, -0.00280241109431, 0.00256884703413, -0.00371662992984, 0.00197405135259, -0.00322685041465, 0.00172437971924, -0.00212629232556, 0.00111098622438], [-0.00114195421338, 0.00274899927899, -0.00285897799768, 0.00245009083301, -0.00280241109431, 0.0123837832361, -0.00534702744335, 0.00362321455032, -0.00309504987672, 0.000499285524711, -0.00141522311606, 0.00183223490603, -0.00233980291523], [0.000985470949672, -0.00261821481399, 0.00135755015071, -0.000822162430268, 0.00256884703413, -0.00534702744335, 0.0118327280506, -0.0066021005623, 0.00329940905795, -0.00151278742123, 0.00152913725469, -0.000123352787341, 0.0010084140813], [-0.0010197549127, 0.00362837780267, -0.00103220611345, 0.00293402676471, -0.00371662992984, 0.00362321455032, -0.0066021005623, 0.0157845281065, -0.00590307731181, 0.000933731847908, -0.0025164806284, 0.00140416482463, -0.00224508298561], [0.000796543958131, -0.0037965408992, 0.000245221599471, -0.00274423044175, 0.00197405135259, -0.00309504987672, 0.00329940905795, -0.00590307731181, 0.0161231905222, -0.00448062038049, 0.00144051446114, -0.000282754481304, 0.0017210560618], [-0.000362810242223, 0.00248113949783, -0.0004978220677, 0.00223762681708, -0.00322685041465, 0.000499285524711, -0.00151278742123, 0.000933731847908, -0.00448062038049, 0.0147462897003, -0.00336913880892, 0.00124476745259, -0.000541934452485], [0.00102531909943, -0.00408814521506, 0.00270491675474, -0.00280348397791, 0.00172437971924, -0.00141522311606, 0.00152913725469, -0.0025164806284, 0.00144051446114, -0.00336913880892, 0.0180880296975, -0.00898489821702, 0.00526239164174], [-0.000877149228472, 0.003690083744, -0.00299550849013, 0.00320244790055, -0.00212629232556, 0.00183223490603, -0.000123352787341, 0.00140416482463, -0.000282754481304, 0.00124476745259, -0.00898489821702, 0.0212862826884, -0.00783216394484], [0.00103596644476, -0.00328208715655, 0.00328943016939, -0.00464707287028, 0.00111098622438, -0.00233980291523, 0.0010084140813, -0.00224508298561, 0.0017210560618, -0.000541934452485, 0.00526239164174, -0.00783216394484, 0.0185989402235]]
    },
    "melbands": {
        "dmean": [0.000754482694902, 0.00149644352496, 0.00107461912557, 0.000495899934322, 0.000196881766897, 0.000122757570352, 0.000108410211396, 0.000131248205435, 0.000116334660561, 0.000160426119692, 8.16999454401e-05, 4.3853866373e-05, 5.64014626434e-05, 4.76168461319e-05, 4.88878322358e-05, 3.76590796805e-05, 3.09553834086e-05, 2.81848060695e-05, 3.14009303111e-05, 3.34502947226e-05, 2.52822337643e-05, 1.99046153284e-05, 2.11258447962e-05, 1.42227454489e-05, 8.34449929243e-06, 6.60532623442e-06, 4.84422935187e-06, 3.79718312615e-06, 2.37374501921e-06, 2.14037049773e-06, 1.67011046415e-06, 1.47189609834e-06, 1.49206073274e-06, 1.48059700678e-06, 1.33244316203e-06, 9.95994014374e-07, 6.23572987024e-07, 3.56165799076e-07, 2.43021645474e-07, 1.32052079493e-07],
        "dmean2": [0.00123852060642, 0.00264294049703, 0.00186106329784, 0.000824421062134, 0.000316170684528, 0.000191851213458, 0.000170945553691, 0.00019924393564, 0.000174564062036, 0.000229370532907, 0.000119919335702, 6.74445764162e-05, 8.61082662595e-05, 7.25737336325e-05, 7.63519783504e-05, 5.84881490795e-05, 4.81760325783e-05, 4.43208191427e-05, 5.11213183927e-05, 5.48107454961e-05, 4.13857378589e-05, 3.24289030686e-05, 3.42348175764e-05, 2.29259640037e-05, 1.34037409225e-05, 1.06148954728e-05, 7.635961083e-06, 6.16786564933e-06, 3.86707870348e-06, 3.40832662005e-06, 2.65783342002e-06, 2.32611137108e-06, 2.27907253247e-06, 2.25529674935e-06, 2.01372199626e-06, 1.51706046836e-06, 9.53965923145e-07, 5.39468544503e-07, 3.51519929609e-07, 2.00008116735e-07],
        "dvar": [2.25096368922e-06, 1.11671015475e-05, 4.39708355771e-06, 6.7679525273e-07, 8.56928750181e-08, 4.40215401909e-08, 5.1911776211e-08, 1.09944387816e-07, 8.89828442041e-08, 1.52640751594e-07, 7.78176811878e-08, 1.0006579565e-08, 1.61858970671e-08, 2.15160369521e-08, 1.36366118397e-08, 6.23395290944e-09, 4.9556043713e-09, 3.39737993293e-09, 3.92418630923e-09, 3.10455150476e-09, 1.81904480367e-09, 1.42354816823e-09, 1.5345938964e-09, 1.19295828771e-09, 3.44019757126e-10, 2.28478402864e-10, 1.25065235945e-10, 5.62186235065e-11, 1.3462342352e-11, 1.97359975584e-11, 1.02140058564e-11, 9.96616764809e-12, 1.46536654339e-11, 1.43328231228e-11, 8.4657489352e-12, 1.01574261155e-11, 3.80776833675e-12, 7.78335566571e-13, 7.72531398661e-13, 2.51423610664e-13],
        "dvar2": [5.44290605831e-06, 3.09360366373e-05, 1.14879430839e-05, 1.75484638021e-06, 2.09417791552e-07, 1.01156942378e-07, 1.21595888913e-07, 2.53332729017e-07, 2.05407658882e-07, 3.08542468019e-07, 1.50066881588e-07, 2.18426929877e-08, 3.71127200083e-08, 4.78032511353e-08, 3.38364856134e-08, 1.44943488323e-08, 1.08452065106e-08, 7.36170147064e-09, 9.67852553657e-09, 7.90084175861e-09, 4.54691706508e-09, 3.69020214386e-09, 3.92079746447e-09, 2.79791723123e-09, 8.37283964383e-10, 5.85242632134e-10, 2.79264944503e-10, 1.46710116278e-10, 3.35714789301e-11, 4.54055543164e-11, 2.3520706216e-11, 2.31251320176e-11, 2.99699327855e-11, 3.2142385975e-11, 1.77802165352e-11, 2.64098656139e-11, 6.99469301924e-12, 1.7471501676e-12, 1.56363203635e-12, 5.15201108772e-13],
        "max": [0.0173221509904, 0.0332196317613, 0.0247110892087, 0.0106051461771, 0.00580168142915, 0.00528520252556, 0.00632690452039, 0.00763537501916, 0.00843946728855, 0.00874651502818, 0.00810321141034, 0.00382071617059, 0.00387887563556, 0.00473458506167, 0.00361878075637, 0.00222916458733, 0.00188545172568, 0.00146336946636, 0.00277854525484, 0.00215229555033, 0.000867856142577, 0.0009633693262, 0.000912776042242, 0.00110990286339, 0.000483558163978, 0.000409058615332, 0.000538769352715, 0.000213347535464, 8.64225075929e-05, 0.000143280703924, 9.28778827074e-05, 9.17146826396e-05, 0.00012397574028, 0.000194288993953, 8.80503794178e-05, 0.000200784314075, 0.000138828152558, 3.48591274815e-05, 4.48037062597e-05, 4.00435455958e-05],
        "mean": [0.00107086752541, 0.00203660433181, 0.00139294285327, 0.000820296467282, 0.000394731760025, 0.000246539188083, 0.000194418840692, 0.000242144305957, 0.000239753208007, 0.000329861184582, 0.000158106791787, 7.72838757257e-05, 9.37878503464e-05, 7.51204424887e-05, 8.17812397145e-05, 6.32172814221e-05, 5.12896986038e-05, 4.81619172206e-05, 5.59003747185e-05, 6.13805823377e-05, 4.714750321e-05, 3.71003552573e-05, 4.09604617744e-05, 2.66895913228e-05, 1.72770214704e-05, 1.37557126436e-05, 1.03125330497e-05, 7.901862773e-06, 5.5369509937e-06, 4.76400782645e-06, 3.64606603398e-06, 2.99365296996e-06, 2.74701255876e-06, 2.66281426775e-06, 2.39682344727e-06, 1.83016140909e-06, 1.22551341519e-06, 6.81434471517e-07, 4.62230161702e-07, 2.50827071113e-07],
        "median": [0.000591984717175, 0.00132007780485, 0.000815568258986, 0.000546228140593, 0.00025314904633, 0.000136237329571, 9.81576013146e-05, 8.51133881952e-05, 6.94004265824e-05, 8.26333707664e-05, 4.6383105655e-05, 3.92697947973e-05, 4.34273097198e-05, 2.78277784673e-05, 3.24712927977e-05, 2.99898147205e-05, 2.53404177784e-05, 2.72763754765e-05, 3.34023752657e-05, 3.84459672205e-05, 2.84252018901e-05, 1.85158914974e-05, 2.12455033761e-05, 1.09725942821e-05, 7.87984026829e-06, 6.27451299806e-06, 5.00798114444e-06, 4.23460824095e-06, 3.41232157552e-06, 2.67019413513e-06, 2.01654597731e-06, 1.54036467848e-06, 1.22019264381e-06, 1.14977558496e-06, 9.203036484e-07, 7.4263937222e-07, 4.69219145316e-07, 2.66061732646e-07, 1.67042372823e-07, 1.10028082645e-07],
        "min": [1.49319013824e-24, 1.35614843293e-24, 2.09586379679e-24, 2.58937833454e-24, 2.07478681391e-24, 2.00047197512e-24, 1.71974260858e-24, 1.67765470992e-24, 3.25433561839e-24, 2.47816216033e-24, 2.15599235271e-24, 1.73652503269e-24, 2.8100702586e-24, 2.98495579091e-24, 3.30503551156e-24, 2.8918457494e-24, 3.59819535381e-24, 3.81052988823e-24, 4.38636955562e-24, 3.24490991387e-24, 3.315597373e-24, 4.51376073105e-24, 5.59174270791e-24, 5.91050956679e-24, 6.77978379725e-24, 6.08618179064e-24, 4.72183265556e-24, 6.4479356524e-24, 5.56098423235e-24, 5.75112377077e-24, 5.73020160184e-24, 4.91197968816e-24, 6.00666973899e-24, 4.86348091413e-24, 5.02746853025e-24, 6.20948548329e-24, 5.80238710783e-24, 7.72207972626e-24, 7.51084091964e-24, 7.03818307536e-24],
        "var": [2.32494085139e-06, 8.01165060693e-06, 3.87338332075e-06, 8.38829009808e-07, 2.00488088353e-07, 1.23967453192e-07, 1.13250969491e-07, 2.63718050064e-07, 2.8665263585e-07, 5.66075016195e-07, 2.744889116e-07, 2.12425330659e-08, 2.75345168887e-08, 3.63135193027e-08, 2.47698963562e-08, 1.11214477627e-08, 9.54628998073e-09, 6.52837028881e-09, 6.72471056617e-09, 5.63282132049e-09, 3.51085849282e-09, 2.89815305088e-09, 3.47731243799e-09, 2.79476486398e-09, 8.51333503693e-10, 5.69866098754e-10, 3.15856035771e-10, 1.32225105864e-10, 3.99613779567e-11, 4.55703981495e-11, 2.55574606617e-11, 2.19469806911e-11, 3.19075738053e-11, 2.6813634646e-11, 2.10539988221e-11, 1.6801454325e-11, 9.17051590915e-12, 1.93379058426e-12, 1.60368387406e-12, 4.94541961635e-13]
    },
    "mfcc": {
        "mean": [-622.154602051, 120.566459656, -10.4476451874, 29.1405296326, 9.52111721039, 11.4371461868, -4.89935684204, 8.70160198212, 0.666418373585, 4.34052610397, -4.64404726028, 0.570356965065, -3.45155858994],
        "cov": [[5961.68603516, 224.181213379, -275.462036133, 26.1704559326, -156.656997681, -71.6842269897, -126.134819031, 59.326587677, -117.145027161, -44.8129920959, -98.3232040405, -65.3641662598, -108.314956665], [224.181213379, 752.485656738, -105.483551025, 2.71319174767, 32.694355011, 2.02461862564, -4.13053131104, -0.256438553333, -5.30690813065, 14.893321991, 30.3528671265, 30.2555561066, 27.9378509521], [-275.462036133, -105.483551025, 368.140258789, 1.54325056076, 1.54959857464, 55.7516174316, -26.8142662048, 31.2509975433, -10.20125103, 13.8901357651, -6.45004415512, -20.4212493896, 4.70616865158], [26.1704559326, 2.71319174767, 1.54325056076, 172.602523804, 64.4751434326, -4.90288686752, -6.16069746017, -10.0466747284, 14.0562562943, -10.4822006226, -16.7873592377, -2.89095449448, -3.94790863991], [-156.656997681, 32.694355011, 1.54959857464, 64.4751434326, 175.980255127, 22.7692317963, -19.6183109283, -10.2180490494, 8.80175209045, 2.78224849701, -2.76984643936, 5.14147615433, 11.1162567139], [-71.6842269897, 2.02461862564, 55.7516174316, -4.90288686752, 22.7692317963, 122.575370789, 10.3104009628, -3.35591554642, 13.8927993774, 14.7798423767, -2.20770597458, -3.81269192696, 6.13501358032], [-126.134819031, -4.13053131104, -26.8142662048, -6.16069746017, -19.6183109283, 10.3104009628, 115.640510559, 17.715429306, 18.6752624512, 4.54402780533, 13.5537729263, 10.8304853439, 1.62213003635], [59.326587677, -0.256438553333, 31.2509975433, -10.0466747284, -10.2180490494, -3.35591554642, 17.715429306, 89.0472412109, 9.87912940979, 6.62476301193, 2.5239071846, -5.54849147797, 0.34437930584], [-117.145027161, -5.30690813065, -10.20125103, 14.0562562943, 8.80175209045, 13.8927993774, 18.6752624512, 9.87912940979, 102.866767883, 32.628692627, 1.25071394444, -0.519629657269, -0.571669578552], [-44.8129920959, 14.893321991, 13.8901357651, -10.4822006226, 2.78224849701, 14.7798423767, 4.54402780533, 6.62476301193, 32.628692627, 80.6897277832, 30.5968894958, -1.10652112961, -2.03064537048], [-98.3232040405, 30.3528671265, -6.45004415512, -16.7873592377, -2.76984643936, -2.20770597458, 13.5537729263, 2.5239071846, 1.25071394444, 30.5968894958, 83.0000839233, 31.3358383179, 5.34651374817], [-65.3641662598, 30.2555561066, -20.4212493896, -2.89095449448, 5.14147615433, -3.81269192696, 10.8304853439, -5.54849147797, -0.519629657269, -1.10652112961, 31.3358383179, 78.0731201172, 25.5379047394], [-108.314956665, 27.9378509521, 4.70616865158, -3.94790863991, 11.1162567139, 6.13501358032, 1.62213003635, 0.34437930584, -0.571669578552, -2.03064537048, 5.34651374817, 25.5379047394, 67.55809021]],
