{
"lowlevel": {
    "average_loudness": 0.701706528664,
    "barkbands_crest": {
        "dmean": 2.21939921379,
        "dmean2": 3.62512278557,
        "dvar": 4.30600881577,
        "dvar2": 10.9247131348,
        "max": 25.7219848633,
        "mean": 10.7308549881,
        "median": 10.1342773438,
        "min": 2.92677664757,
        "var": 14.5927448273
    },
    "barkbands_flatness_db": {
        "dmean": 0.0220049675554,
        "dmean2": 0.0315421335399,
        "dvar": 0.000522583024576,
        "dvar2": 0.00101394113153,
        "max": 0.382842808962,
        "mean": 0.197816923261,
        "median": 0.198232978582,
        "min": 0.0396340414882,
        "var": 0.00340297515504
    },
    "barkbands_kurtosis": {
        "dmean": 4.66964673996,
        "dmean2": 7.11134433746,
        "dvar": 46.3811607361,
        "dvar2": 99.9542999268,
        "max": 126.316726685,
        "mean": 10.4777097702,
        "median": 6.47552680969,
        "min": -1.92543327808,
        "var": 158.183242798
    },
    "barkbands_skewness": {
        "dmean": 0.596224308014,
        "dmean2": 0.893042862415,
        "dvar": 0.423938661814,
        "dvar2": 0.891503572464,
        "max": 9.52712535858,
        "mean": 2.23959994316,
        "median": 2.05386900902,
        "min": -2.44019770622,
        "var": 2.03436994553
    },
    "barkbands_spread": {
        "dmean": 3.62044334412,
        "dmean2": 5.56057262421,
        "dvar": 39.4900588989,
        "dvar2": 100.834724426,
        "max": 128.060379028,
        "mean": 11.8599414825,
        "median": 8.24813842773,
        "min": 0.973096132278,
        "var": 168.051391602
    },
    "dissonance": {
        "dmean": 0.0258105807006,
        "dmean2": 0.0420930981636,
        "dvar": 0.0006980348262,
        "dvar2": 0.00175825203769,
        "max": 0.500000059605,
        "mean": 0.436268508434,
        "median": 0.446219712496,
        "min": 0.116875775158,
        "var": 0.00223612529226
    },
    "dynamic_complexity": 5.07194900513,
    "erbbands_crest": {
        "dmean": 2.62386083603,
        "dmean2": 4.09510660172,
        "dvar": 6.92229127884,
        "dvar2": 14.9969205856,
        "max": 34.5016860962,
        "mean": 10.9055624008,
        "median": 9.69678497314,
        "min": 1.96796739101,
        "var": 29.082736969
    },
    "erbbands_flatness_db": {
        "dmean": 0.0192818157375,
        "dmean2": 0.0266602374613,
        "dvar": 0.000431123015005,
        "dvar2": 0.000772076658905,
        "max": 0.384239464998,
        "mean": 0.182071194053,
        "median": 0.181367367506,
        "min": 0.0341455191374,
        "var": 0.00267860735767
    },
    "erbbands_kurtosis": {
        "dmean": 1.36657726765,
        "dmean2": 2.08397531509,
        "dvar": 4.19475412369,
        "dvar2": 8.82994651794,
        "max": 52.3824119568,
        "mean": 1.70641255379,
        "median": 0.602088689804,
        "min": -1.88933038712,
        "var": 13.9284744263
    },
    "erbbands_skewness": {
        "dmean": 0.391600430012,
        "dmean2": 0.580830156803,
        "dvar": 0.158601626754,
        "dvar2": 0.332123994827,
        "max": 4.44007062912,
        "mean": 0.751768410206,
        "median": 0.78777217865,
        "min": -6.95418357849,
        "var": 0.938126087189
    },
    "erbbands_spread": {
        "dmean": 8.23390293121,
        "dmean2": 12.2170820236,
        "dvar": 110.5782547,
        "dvar2": 247.568054199,
        "max": 139.980941772,
        "mean": 33.3192367554,
        "median": 28.9676513672,
        "min": 1.44748806953,
        "var": 404.260620117
    },
    "hfc": {
        "dmean": 3.23878598213,
        "dmean2": 4.46360254288,
        "dvar": 39.4134941101,
        "dvar2": 69.0856933594,
        "max": 146.309249878,
        "mean": 10.1053438187,
        "median": 5.26548528671,
        "min": 1.17887610379e-16,
        "var": 195.762863159
    },
    "melbands_crest": {
        "dmean": 2.6645720005,
        "dmean2": 4.3077878952,
        "dvar": 6.40333652496,
        "dvar2": 16.0109710693,
        "max": 39.4884185791,
        "mean": 15.2334737778,
        "median": 14.4134683609,
        "min": 1.74336457253,
        "var": 29.6241664886
    },
    "melbands_flatness_db": {
        "dmean": 0.0270824730396,
        "dmean2": 0.038149882108,
        "dvar": 0.000857359089423,
        "dvar2": 0.00161095429212,
        "max": 0.531601130962,
        "mean": 0.290308773518,
        "median": 0.289492279291,
        "min": 0.00331254093908,
        "var": 0.00595353636891
    },
    "melbands_kurtosis": {
        "dmean": 10.3569583893,
        "dmean2": 16.0242290497,
        "dvar": 296.240905762,
        "dvar2": 682.448486328,
        "max": 334.718597412,
        "mean": 23.1074542999,
        "median": 12.3905420303,
        "min": -1.95094573498,
        "var": 909.317932129
    },
    "melbands_skewness": {
        "dmean": 0.813165903091,
        "dmean2": 1.22920918465,
        "dvar": 0.912998855114,
        "dvar2": 2.07548618317,
        "max": 14.3284473419,
        "mean": 3.14771032333,
        "median": 2.78102254868,
        "min": -2.00241732597,
        "var": 4.35521602631
    },
    "melbands_spread": {
        "dmean": 3.63587808609,
        "dmean2": 5.55021190643,
        "dvar": 49.3430557251,
        "dvar2": 120.307426453,
        "max": 152.315795898,
        "mean": 11.4695644379,
        "median": 8.3724899292,
        "min": 0.706628084183,
        "var": 138.135360718
    },
    "pitch_salience": {
        "dmean": 0.0617089122534,
        "dmean2": 0.0995955988765,
        "dvar": 0.00323206512257,
        "dvar2": 0.00791944563389,
        "max": 0.878406226635,
        "mean": 0.53465205431,
        "median": 0.542286098003,
        "min": 0.050226084888,
        "var": 0.0133301718161
    },
    "silence_rate_20dB": {
        "dmean": 0,
        "dmean2": 0,
        "dvar": 0,
        "dvar2": 0,
        "max": 1,
        "mean": 1,
        "median": 1,
        "min": 1,
        "var": 0
    },
    "silence_rate_30dB": {
        "dmean": 0.00918748229742,
        "dmean2": 0.0183776021004,
        "dvar": 0.0091027803719,
        "dvar2": 0.0217717066407,
        "max": 1,
        "mean": 0.984067738056,
        "median": 1,
        "min": 0,
        "var": 0.0156774558127
    },
    "silence_rate_60dB": {
        "dmean": 0.0344530567527,
        "dmean2": 0.0689160078764,
        "dvar": 0.0332687646151,
        "dvar2": 0.0724993050098,
        "max": 1,
        "mean": 0.129323959351,
        "median": 0,
        "min": 0,
        "var": 0.112597644329
    },
    "spectral_centroid": {
        "dmean": 165.138336182,
        "dmean2": 249.057693481,
        "dvar": 78719.1171875,
        "dvar2": 170297.671875,
        "max": 11525.1435547,
        "mean": 787.771484375,
        "median": 606.083496094,
        "min": 165.72517395,
        "var": 484342.46875
    },
    "spectral_complexity": {
        "dmean": 2.07378697395,
        "dmean2": 3.04149317741,
        "dvar": 8.39496612549,
        "dvar2": 13.5937995911,
        "max": 47,
        "mean": 10.3744792938,
        "median": 9,
        "min": 0,
        "var": 46.7729034424
    },
    "spectral_decrease": {
        "dmean": 2.15441242624e-09,
        "dmean2": 3.1561255831e-09,
        "dvar": 1.24314815319e-17,
        "dvar2": 2.75389965702e-17,
        "max": 1.06089826912e-28,
        "mean": -6.38166941513e-09,
        "median": -4.14857570519e-09,
        "min": -5.67183633393e-08,
        "var": 4.56971727327e-17
    },
    "spectral_energy": {
        "dmean": 0.0083911633119,
        "dmean2": 0.0122571252286,
        "dvar": 0.0001878766343,
        "dvar2": 0.000413234956795,
        "max": 0.226730033755,
        "mean": 0.0250025261194,
        "median": 0.0161327701062,
        "min": 1.02923490603e-20,
        "var": 0.000705762242433
    },
    "spectral_energyband_high": {
        "dmean": 8.38771957206e-05,
        "dmean2": 0.000113797505037,
        "dvar": 3.99982873489e-08,
        "dvar2": 7.22459034819e-08,
        "max": 0.00450583454221,
        "mean": 0.000134555739351,
        "median": 2.93575121759e-05,
        "min": 7.73522359413e-21,
        "var": 8.11008078472e-08
    },
    "spectral_energyband_low": {
        "dmean": 0.00463574985042,
        "dmean2": 0.00698496634141,
        "dvar": 8.26945397421e-05,
        "dvar2": 0.000192981766304,
        "max": 0.126123324037,
        "mean": 0.0106436396018,
        "median": 0.00539833679795,
        "min": 3.52903615491e-23,
        "var": 0.000189753816812
    },
    "spectral_energyband_middle_high": {
        "dmean": 0.00109896413051,
        "dmean2": 0.00147497665603,
        "dvar": 1.75789791683e-05,
        "dvar2": 3.02572771034e-05,
        "max": 0.154671519995,
        "mean": 0.0026750729885,
        "median": 0.000655731069855,
        "min": 1.25975033161e-21,
        "var": 6.07682486589e-05
    },
    "spectral_energyband_middle_low": {
        "dmean": 0.00523441424593,
        "dmean2": 0.00810477416962,
        "dvar": 8.00858906587e-05,
        "dvar2": 0.000186545381439,
        "max": 0.199662655592,
        "mean": 0.013846940361,
        "median": 0.00834060274065,
        "min": 1.62485088527e-22,
        "var": 0.000290778465569
    },
    "spectral_entropy": {
        "dmean": 0.217488363385,
        "dmean2": 0.309271067381,
        "dvar": 0.0639172196388,
        "dvar2": 0.124646104872,
        "max": 9.81394386292,
        "mean": 6.97369003296,
        "median": 6.9355969429,
        "min": 5.23742866516,
        "var": 0.394927322865
    },
    "spectral_flux": {
        "dmean": 0.0243665184826,
        "dmean2": 0.0389065146446,
        "dvar": 0.00109456898645,
        "dvar2": 0.00244136014953,
        "max": 0.373789548874,
        "mean": 0.0629240870476,
        "median": 0.0466977134347,
        "min": 6.77023645479e-11,
        "var": 0.00267831981182
    },
    "spectral_kurtosis": {
        "dmean": 3.80344700813,
        "dmean2": 6.00832176208,
        "dvar": 22.1078968048,
        "dvar2": 47.3971481323,
        "max": 61.9180145264,
        "mean": 9.78701305389,
        "median": 6.91067790985,
        "min": -1.24583768845,
        "var": 74.1614990234
    },
    "spectral_rms": {
        "dmean": 0.000752941821702,
        "dmean2": 0.0010722837178,
        "dvar": 1.05557376173e-06,
        "dvar2": 2.12706163438e-06,
        "max": 0.0148727949709,
        "mean": 0.00428239861503,
        "median": 0.00396727724001,
        "min": 3.16880354422e-12,
        "var": 6.05378727414e-06
    },
    "spectral_rolloff": {
        "dmean": 254.728759766,
        "dmean2": 443.634460449,
        "dvar": 738503.375,
        "dvar2": 2031866.375,
        "max": 18949.21875,
        "mean": 709.574523926,
        "median": 452.197265625,
        "min": 21.533203125,
        "var": 1479559.5
    },
    "spectral_skewness": {
        "dmean": 0.410743564367,
        "dmean2": 0.613647758961,
        "dvar": 0.223264291883,
        "dvar2": 0.449922978878,
        "max": 6.2600312233,
        "mean": 2.2294023037,
        "median": 2.0003361702,
        "min": -0.0521943829954,
        "var": 1.02103018761
    },
    "spectral_spread": {
        "dmean": 556197.0625,
        "dmean2": 818813.625,
        "dvar": 795511422976,
        "dvar2": 1.51764559462e+12,
        "max": 42475868,
        "mean": 3775843,
        "median": 3388180,
        "min": 1288146.875,
        "var": 3.82972198912e+12
    },
    "spectral_strongpeak": {
        "dmean": 0.369930952787,
        "dmean2": 0.606119155884,
        "dvar": 0.532284200191,
        "dvar2": 1.15227019787,
        "max": 12.5835733414,
        "mean": 0.808305442333,
        "median": 0.40832555294,
        "min": 0,
        "var": 1.54124343395
    },
    "zerocrossingrate": {
        "dmean": 0.00650242576376,
        "dmean2": 0.00791366118938,
        "dvar": 0.000117744748422,
        "dvar2": 0.000180215385626,
        "max": 0.521484375,
        "mean": 0.0334390290082,
        "median": 0.0263671875,
        "min": 0,
        "var": 0.00101454299875
    },
    "barkbands": {
        "dmean": [2.5746969186e-05, 0.00216217176057, 0.00233510765247, 0.00217194785364, 0.00161728297826, 0.000767396704759, 0.00112184486352, 0.000854820362292, 0.000825805589557, 0.000620873062871, 0.000364051375072, 0.000215364445467, 0.000159107468789, 8.35286118672e-05, 9.64827486314e-05, 7.11245447746e-05, 0.000101210476714, 5.09968267579e-05, 3.20065300912e-05, 3.61616512237e-05, 3.24700740748e-05, 1.67403140949e-05, 1.23394374896e-05, 6.96209644957e-06, 2.36595406022e-06, 1.72396312337e-06, 1.13192577089e-07],
        "dmean2": [4.29129540862e-05, 0.00329750077799, 0.00362277962267, 0.00357308378443, 0.002703479724, 0.00116531224921, 0.00170227314811, 0.00131288322154, 0.00122058589477, 0.000921274011489, 0.000526555930264, 0.000319460872561, 0.000236256848439, 0.00012814324873, 0.000149939209223, 0.000108813124825, 0.000153599467012, 7.68576210248e-05, 4.71879393444e-05, 5.21793663211e-05, 4.58672075183e-05, 2.44020775426e-05, 1.85760909517e-05, 1.04327546069e-05, 3.68209020962e-06, 2.62609728452e-06, 1.88251760846e-07],
        "dvar": [1.85107895678e-09, 1.94596032088e-05, 2.75080456049e-05, 1.9860233806e-05, 1.18499401651e-05, 3.38498489327e-06, 1.02744425021e-05, 6.86797329763e-06, 1.4575930436e-05, 1.36094922709e-05, 4.28839166489e-06, 1.17713261716e-06, 9.10635833407e-07, 2.15567879991e-07, 9.82782779602e-08, 3.55898812643e-08, 8.88396485266e-08, 4.14451797326e-08, 5.89977977583e-09, 9.09255781778e-09, 7.02627733773e-09, 1.86634641075e-09, 9.89838988552e-10, 5.08045217007e-10, 6.42730660361e-11, 1.90463374239e-11, 1.12735287685e-13],
        "dvar2": [4.97032193181e-09, 4.5895925723e-05, 6.8929461122e-05, 5.43240566913e-05, 3.19019054587e-05, 7.04024114384e-06, 2.1609099349e-05, 1.39993699122e-05, 3.23300955642e-05, 2.74476733466e-05, 8.23223308544e-06, 2.14674059862e-06, 1.90283412849e-06, 4.87691806939e-07, 2.39407285108e-07, 7.90967149555e-08, 1.83445237667e-07, 7.76350290721e-08, 1.18705241192e-08, 1.89517717075e-08, 1.38614426604e-08, 3.78104081378e-09, 2.08193995377e-09, 1.19680443333e-09, 1.42056255648e-10, 4.32381491722e-11, 2.9051552288e-13],
        "max": [0.000734406814445, 0.0583920404315, 0.0857034623623, 0.059265691787, 0.0499327033758, 0.0493104346097, 0.139228731394, 0.133577257395, 0.157401040196, 0.13864518702, 0.0774419084191, 0.0414640530944, 0.0350646413863, 0.0235151406378, 0.00765739148483, 0.00462173251435, 0.014098896645, 0.0105968955904, 0.00159100908786, 0.00174231955316, 0.00142600608524, 0.00135843630414, 0.00100388214923, 0.000999002368189, 0.000289754912956, 0.000117101895739, 9.72339421423e-06],
        "mean": [4.3931111577e-05, 0.00396242458373, 0.00448568258435, 0.00381210306659, 0.00275834696367, 0.00172246084549, 0.00221691513434, 0.00157990248408, 0.00141876307316, 0.000940148427617, 0.000595833873376, 0.000326802430209, 0.000240139052039, 0.00012570299441, 0.000163193399203, 0.000124389713164, 0.000186354562175, 8.20095665404e-05, 5.54257676413e-05, 5.7950594055e-05, 5.17387488799e-05, 2.26576921705e-05, 1.52556740431e-05, 8.61378339323e-06, 3.32715762852e-06, 2.31353760682e-06, 1.21209311033e-07],
        "median": [2.51783312706e-05, 0.00188758503646, 0.00159208569676, 0.00152519484982, 0.00124136509839, 0.000603658729233, 0.000427989085438, 0.000200070251594, 0.000130346103106, 8.02033318905e-05, 4.55206391052e-05, 5.80243831791e-05, 2.94327037409e-05, 2.32861748373e-05, 3.00051906379e-05, 1.99597434403e-05, 2.86163849523e-05, 1.69829781953e-05, 1.24276566567e-05, 9.174893421e-06, 9.57133761403e-06, 4.87094712298e-06, 2.30498312703e-06, 1.29149952954e-06, 8.54002223605e-07, 8.01872431566e-07, 4.96714314124e-08],
        "min": [1.29726669139e-23, 1.98496399524e-23, 2.41206192736e-24, 7.99109687494e-25, 1.46352535917e-23, 1.98849793433e-23, 2.10643500624e-23, 8.57638216559e-24, 2.08726994609e-23, 1.98958577351e-23, 2.47850724753e-23, 4.55073030294e-23, 6.37895457829e-23, 5.58756363838e-23, 7.12378947194e-23, 1.21613561317e-22, 8.7057635582e-23, 6.61599528962e-23, 1.81323793764e-22, 2.46383323562e-22, 3.57335360326e-22, 4.66821882854e-22, 4.29330163928e-22, 7.8951678311e-22, 1.12500531593e-21, 1.40468849041e-21, 2.17740877139e-21],
        "var": [2.79519118962e-09, 3.45755652233e-05, 5.42693705938e-05, 3.38068093697e-05, 1.71823576238e-05, 1.29677982841e-05, 4.28277853644e-05, 2.72521083389e-05, 3.4772696381e-05, 2.71109511232e-05, 1.10073124233e-05, 2.46496870204e-06, 1.39422809298e-06, 3.16746820772e-07, 2.16838060396e-07, 1.02338759689e-07, 2.20259124717e-07, 9.25299303844e-08, 1.26620589569e-08, 1.70812004541e-08, 1.3282371647e-08, 3.03860914208e-09, 1.47830259145e-09, 5.84828074857e-10, 9.1045893047e-11, 2.4872531118e-11, 9.00317621562e-14]
    },
    "erbbands": {
        "dmean": [0.0427687838674, 0.573474526405, 2.23272800446, 5.41679620743, 6.28794622421, 5.45324373245, 3.81032013893, 7.1770567894, 14.3873100281, 17.0499668121, 19.4940338135, 19.4755706787, 19.3460083008, 16.8189754486, 11.1280822754, 9.19787311554, 7.74489164352, 4.10480642319, 3.9018406868, 5.17265510559, 4.04948186874, 4.44068050385, 3.19777107239, 1.81396615505, 1.51112782955, 1.78856039047, 1.45947492123, 1.18132328987, 0.629274189472, 0.43691316247, 0.345085471869, 0.191557124257, 0.0920076519251, 0.0327536799014, 0.0152766564861, 0.00841156765819, 0.00312161701731, 0.000474914588267, 1.28354258777e-05, 9.51542460825e-06],
        "dmean2": [0.0663976222277, 0.873802542686, 3.46448397636, 8.75174713135, 10.3228330612, 9.29266548157, 6.06772375107, 10.7814836502, 21.7689208984, 26.2453804016, 29.682723999, 28.6770534515, 28.9540596008, 24.4272117615, 16.054271698, 13.1726064682, 11.4303560257, 6.11528635025, 5.90396642685, 7.78556966782, 6.06874704361, 6.6009221077, 4.7500910759, 2.68460965157, 2.19937252998, 2.58889245987, 2.03263425827, 1.72936344147, 0.926425933838, 0.635942339897, 0.520895957947, 0.282080858946, 0.143050014973, 0.0513328239322, 0.0236542113125, 0.0128298327327, 0.00486735068262, 0.000745541707147, 1.95876418729e-05, 1.38362302096e-05],
        "dvar": [0.0092640761286, 1.28267216682, 23.4339866638, 128.571960449, 141.766159058, 167.098403931, 63.1160697937, 315.872619629, 1703.27905273, 3019.53125, 3529.53125, 8642.0703125, 10310.0566406, 13215.1572266, 3840.63623047, 1859.7175293, 2403.5690918, 310.043640137, 455.994110107, 278.292541504, 89.4021759033, 153.5209198, 117.899635315, 38.583316803, 11.4365606308, 23.691532135, 15.3308057785, 9.12383937836, 2.79534268379, 1.22082018852, 0.811762094498, 0.411787539721, 0.0763772279024, 0.0111926086247, 0.00293216016144, 0.000481009745272, 7.07621729816e-05, 1.55741895469e-06, 8.79860018177e-10, 2.40542141761e-10],
        "dvar2": [0.0228542741388, 2.99890828133, 57.6778068542, 343.640045166, 374.111450195, 460.337768555, 157.024673462, 635.492675781, 3493.53857422, 5961.01367188, 8047.97607422, 18653.4296875, 22372.2363281, 27302.6152344, 6633.23974609, 2922.37817383, 4952.75976562, 620.442016602, 1089.15539551, 587.776428223, 186.152175903, 305.938110352, 222.039901733, 74.3580474854, 23.2958984375, 49.8579673767, 29.9472465515, 19.3342590332, 5.9494395256, 2.44344186783, 1.74642217159, 0.965088963509, 0.179386809468, 0.0248218923807, 0.00667396327481, 0.00106133660302, 0.000169840030139, 3.71278110833e-06, 2.089886042e-09, 5.24150722825e-10],
        "max": [1.34371757507, 15.3622503281, 75.1700973511, 161.015945435, 162.111740112, 209.015563965, 166.619354248, 509.262969971, 1733.02001953, 2732.68945312, 1988.40368652, 3848.61523438, 3755.70141602, 4520.18798828, 2811.61254883, 2080.89013672, 1951.07275391, 782.16394043, 1210.5604248, 540.812255859, 248.990768433, 573.753051758, 566.817871094, 336.138183594, 52.38438797, 90.8752441406, 65.1277236938, 60.3281517029, 54.8768386841, 32.2420921326, 27.7316646576, 29.005487442, 10.929186821, 3.47534584999, 2.0395283699, 0.704289734364, 0.208646938205, 0.0260970611125, 0.000590600713622, 0.000260220404016],
        "mean": [0.0723717212677, 1.08185482025, 4.60517263412, 10.1276741028, 11.8164300919, 7.96307373047, 6.89864683151, 16.8701477051, 29.9651908875, 33.2718429565, 35.7034492493, 33.7445449829, 30.7086811066, 29.1918373108, 20.5781745911, 15.1823558807, 12.1793355942, 7.46215295792, 6.63417196274, 9.30115509033, 8.19627285004, 8.62749195099, 5.63557338715, 3.15913391113, 2.68628716469, 2.80664849281, 2.3853905201, 1.76260912418, 0.86157733202, 0.575137972832, 0.418398588896, 0.231845095754, 0.115559183061, 0.0438604168594, 0.021977558732, 0.0115997930989, 0.00392521126196, 0.00061097467551, 2.52649588219e-05, 2.85745245492e-05],
        "median": [0.0331198014319, 0.518657624722, 1.83355844021, 4.29124832153, 5.22860002518, 3.31429195404, 2.92603206635, 5.29139757156, 6.97063159943, 6.63907384872, 5.38525724411, 3.85730671883, 3.24681782722, 2.44282341003, 2.36595821381, 2.98253107071, 1.8132827282, 1.46021854877, 1.3108959198, 1.70783412457, 1.49291157722, 1.55841732025, 1.16750848293, 0.699151456356, 0.657246410847, 0.449480205774, 0.404789060354, 0.338956862688, 0.18986402452, 0.104906432331, 0.0600914061069, 0.0317171663046, 0.0188756175339, 0.0099872937426, 0.0060025206767, 0.00352097162977, 0.00142379943281, 0.000284994079266, 1.49629513544e-05, 1.84608779819e-05],
        "min": [7.95114338145e-22, 2.09875613321e-21, 2.08276747514e-21, 3.86847250111e-21, 1.99201942077e-20, 5.62014942502e-20, 1.48002412222e-19, 1.49211776127e-19, 2.01317847465e-19, 3.06603722276e-19, 3.54536900069e-19, 4.63451150939e-19, 8.51040275431e-19, 1.46751694456e-18, 1.5349187228e-18, 1.90723281991e-18, 3.25214495067e-18, 4.74237120837e-18, 3.69486566299e-18, 5.56221596966e-18, 8.34420510864e-18, 5.66177418742e-18, 3.8858161715e-18, 9.5481755892e-18, 7.78564560975e-18, 1.1337100902e-17, 1.26966772907e-17, 1.57563464118e-17, 1.55934083747e-17, 1.40452075094e-17, 1.3365201353e-17, 1.58755034334e-17, 1.40948184939e-17, 1.10249824958e-17, 9.00612496098e-18, 4.88091155327e-18, 3.04165105943e-18, 1.2114396113e-18, 3.32402813498e-19, 3.08728846205e-20],
        "var": [0.0141612980515, 2.41993618011, 50.9578590393, 218.526397705, 285.882141113, 178.271392822, 127.94683075, 1431.21044922, 7716.53515625, 12845.2197266, 8445.75878906, 19978.6542969, 17777.1191406, 28152.4941406, 12565.3662109, 4546.29199219, 3710.7043457, 787.826660156, 637.599731445, 755.115539551, 330.478607178, 391.238922119, 302.547332764, 71.8565063477, 25.2269992828, 42.0179824829, 29.5774364471, 15.5675773621, 4.29454469681, 2.04101467133, 1.15790712833, 0.463819146156, 0.0938482433558, 0.0158464871347, 0.00391414295882, 0.000720596697647, 7.74546570028e-05, 1.56126134243e-06, 1.0894470881e-09, 9.11808406556e-10]
    },
    "gfcc": {
        "mean": [-93.8670425415, 129.934936523, -95.0646057129, 27.5072917938, -47.0605430603, 3.87480688095, -31.0528411865, 5.49370622635, -20.6062660217, 1.31634795666, -20.333486557, -0.968108773232, -14.4749937057],
        "cov": [[24851.0019531, 4262.28662109, -2136.93188477, 199.171401978, -1316.77587891, -615.573059082, -288.028930664, -229.104187012, 22.3924598694, -268.792053223, -227.562683105, -363.697845459, -155.028823853], [4262.28662109, 1774.74780273, -82.7343063354, -347.008422852, 85.6591262817, -175.042373657, 10.7158594131, -53.5596733093, 65.0398864746, -67.1746444702, -33.6341972351, -82.3419189453, -39.6219520569], [-2136.93188477, -82.7343063354, 900.872619629, 84.2462387085, 201.056762695, 160.040313721, 0.912932991982, -10.2046813965, -2.35468935966, 24.3373641968, 29.4901638031, 62.0081634521, -46.5034484863], [199.171401978, -347.008422852, 84.2462387085, 599.286315918, 37.583732605, 11.8011627197, -9.63874340057, -29.8774986267, -24.5211696625, 7.38390111923, 27.7226009369, -1.68692660332, 9.93610191345], [-1316.77587891, 85.6591262817, 201.056762695, 37.583732605, 407.606109619, 44.6895675659, 56.8360977173, 20.872461319, 9.47874259949, 10.35227108, 12.6613111496, -3.48798537254, 22.1084346771], [-615.573059082, -175.042373657, 160.040313721, 11.8011627197, 44.6895675659, 228.276855469, 69.3133010864, -0.467178225517, -0.412445694208, 7.83797264099, -7.06288099289, 9.34266471863, -5.36738824844], [-288.028930664, 10.7158594131, 0.912932991982, -9.63874340057, 56.8360977173, 69.3133010864, 164.479614258, 38.8067932129, 1.30686366558, -10.3783054352, 10.8378448486, -8.1086101532, 13.0786418915], [-229.104187012, -53.5596733093, -10.2046813965, -29.8774986267, 20.872461319, -0.467178225517, 38.8067932129, 112.224853516, 41.558795929, 3.86710143089, 2.13078737259, -0.507982850075, -1.87119007111], [22.3924598694, 65.0398864746, -2.35468935966, -24.5211696625, 9.47874259949, -0.412445694208, 1.30686366558, 41.558795929, 139.103042603, 15.4803791046, -5.7082901001, -7.1119685173, -3.5370452404], [-268.792053223, -67.1746444702, 24.3373641968, 7.38390111923, 10.35227108, 7.83797264099, -10.3783054352, 3.86710143089, 15.4803791046, 88.4738922119, 28.350894928, 5.46358919144, 3.83311510086], [-227.562683105, -33.6341972351, 29.4901638031, 27.7226009369, 12.6613111496, -7.06288099289, 10.8378448486, 2.13078737259, -5.7082901001, 28.350894928, 88.3838577271, 22.9387741089, 4.29874134064], [-363.697845459, -82.3419189453, 62.0081634521, -1.68692660332, -3.48798537254, 9.34266471863, -8.1086101532, -0.507982850075, -7.1119685173, 5.46358919144, 22.9387741089, 88.8284606934, 15.892829895], [-155.028823853, -39.6219520569, -46.5034484863, 9.93610191345, 22.1084346771, -5.36738824844, 13.0786418915, -1.87119007111, -3.5370452404, 3.83311510086, 4.29874134064, 15.892829895, 72.5022583008]],
        "icov": [[0.000363201164873, -0.00120872922707, 0.000730877916794, -0.000997639144771, 0.00115628831554, -0.000839021406136, 0.000725242018234, -0.000682430923916, 0.000480469432659, -6.04705055594e-05, 0.000288824347081, -3.02057396766e-05, 0.000174558910658], [-0.00120872922707, 0.0048978542909, -0.00251312903129, 0.00384572357871, -0.00413597421721, 0.00366391986609, -0.00290348101407, 0.00326622161083, -0.0022116524633, 0.000768695550505, -0.00101432588417, 0.000688073341735, -0.00014564236335], [0.000730877916794, -0.00251312903129, 0.00316156377085, -0.00221836077981, 0.00149605004117, -0.00285706156865, 0.00204817927442, -0.00135794572998, 0.00101538794115, -0.000269156851573, 0.000321374594932, -0.0013532564044, 0.00179039419163], [-0.000997639144771, 0.00384572357871, -0.00221836077981, 0.00481655728072, -0.00342818605714, 0.00276759080589, -0.00211502797902, 0.0028171944432, -0.00150255800691, 0.000582382490393, -0.00144521624316, 0.000844410969876, -0.000613520795014], [0.00115628831554, -0.00413597421721, 0.00149605004117, -0.00342818605714, 0.00688169850037, -0.00275276158936, 0.00155059690587, -0.00283013889566, 0.00162134936545, -0.0005472691264, 0.000823466398288, 0.000621940242127, -0.00109057244845], [-0.000839021406136, 0.00366391986609, -0.00285706156865, 0.00276759080589, -0.00275276158936, 0.00900879316032, -0.00533907255158, 0.00359460059553, -0.00183894857764, -0.000494827516377, 0.00101269339211, 3.07025875372e-05, 0.000428329425631], [0.000725242018234, -0.00290348101407, 0.00204817927442, -0.00211502797902, 0.00155059690587, -0.00533907255158, 0.0106810601428, -0.00505635561422, 0.00196755537763, 0.00157046678942, -0.00169475749135, 0.00114257249516, -0.00149475049693], [-0.000682430923916, 0.00326622161083, -0.00135794572998, 0.0028171944432, -0.00283013889566, 0.00359460059553, -0.00505635561422, 0.013803220354, -0.00484076421708, 0.000287737726467, -0.000387535023037, -0.000170129831531, 0.00127504451666], [0.000480469432659, -0.0022116524633, 0.00101538794115, -0.00150255800691, 0.00162134936545, -0.00183894857764, 0.00196755537763, -0.00484076421708, 0.00949517544359, -0.00202981452458, 0.00124918925576, 0.000145849611727, 3.00117444567e-05], [-6.04705055594e-05, 0.000768695550505, -0.000269156851573, 0.000582382490393, -0.0005472691264, -0.000494827516377, 0.00157046678942, 0.000287737726467, -0.00202981452458, 0.0139267696068, -0.00500163342804, 0.00127767398953, -0.000926125620026], [0.000288824347081, -0.00101432588417, 0.000321374594932, -0.00144521624316, 0.000823466398288, 0.00101269339211, -0.00169475749135, -0.000387535023037, 0.00124918925576, -0.00500163342804, 0.0148319611326, -0.00381876225583, 0.00087009370327], [-3.02057396766e-05, 0.000688073341735, -0.0013532564044, 0.000844410969876, 0.000621940242127, 3.07025875372e-05, 0.00114257249516, -0.000170129831531, 0.000145849611727, 0.00127767398953, -0.00381876225583, 0.0145069817081, -0.00408416101709], [0.000174558910658, -0.00014564236335, 0.00179039419163, -0.000613520795014, -0.00109057244845, 0.000428329425631, -0.00149475049693, 0.00127504451666, 3.00117444567e-05, -0.000926125620026, 0.00087009370327, -0.00408416101709, 0.0168796982616]]
    },
    "melbands": {
        "dmean": [0.000497521308716, 0.000995880924165, 0.000929839909077, 0.000421770469984, 0.000145740719745, 0.000162802651175, 0.000221463516937, 0.000179112757905, 0.000161307063536, 0.000121880890219, 9.73499336396e-05, 7.02032484696e-05, 4.44421166321e-05, 2.69899337582e-05, 2.07848552236e-05, 1.35905866046e-05, 7.74200816522e-06, 6.54478617435e-06, 6.72052647133e-06, 5.89947421759e-06, 5.33465845365e-06, 5.00902342537e-06, 4.85962482344e-06, 2.13383714254e-06, 1.50891150952e-06, 1.19642641039e-06, 1.15664010991e-06, 1.24786140532e-06, 9.84774146673e-07, 8.07819048987e-07, 6.83431096604e-07, 3.92183096665e-07, 2.673914139e-07, 2.44304601438e-07, 2.21126043698e-07, 1.44317908735e-07, 1.11627016963e-07, 7.47633706055e-08, 3.82995892778e-08, 2.51334135726e-08],
        "dmean2": [0.000753272383008, 0.00153079838492, 0.00149236281868, 0.000708160048816, 0.00023458947544, 0.000242973110289, 0.000333828036673, 0.000275155791314, 0.000246028968832, 0.000176965084393, 0.000145923608216, 0.000102208978205, 6.39751087874e-05, 4.01166216761e-05, 3.05757930619e-05, 2.00104532269e-05, 1.18478428703e-05, 1.00764664239e-05, 1.03531701825e-05, 8.92176922207e-06, 8.09772791399e-06, 7.48420870877e-06, 7.42986640034e-06, 3.26555914398e-06, 2.28125463764e-06, 1.77663127943e-06, 1.71474323452e-06, 1.82892574685e-06, 1.40571785323e-06, 1.15617194751e-06, 1.04821810964e-06, 5.98819895004e-07, 3.8949934833e-07, 3.73651687369e-07, 3.42423788879e-07, 2.10985362514e-07, 1.68090664943e-07, 1.19012028676e-07, 5.94298228407e-08, 4.03295317142e-08],
        "dvar": [1.13376904665e-06, 3.98053725803e-06, 3.53633231498e-06, 8.3808134832e-07, 8.75007017953e-08, 1.62552993288e-07, 3.91592976712e-07, 3.31778096552e-07, 2.94321637284e-07, 3.1366590747e-07, 2.64761467861e-07, 2.46627251954e-07, 5.80968304575e-08, 2.03906296292e-08, 1.04911821452e-08, 6.47515152608e-09, 1.2583640796e-09, 1.94878069237e-09, 4.87007267846e-10, 3.39792360915e-10, 1.88079746222e-10, 1.78272729912e-10, 4.13883566308e-10, 4.12541112382e-11, 3.00083950744e-11, 8.07843462264e-12, 7.70879193812e-12, 1.18974084057e-11, 7.03182043843e-12, 4.57591733602e-12, 2.98434671073e-12, 1.12947043211e-12, 5.59106634688e-13, 3.88246184334e-13, 3.35649558278e-13, 1.87337653528e-13, 1.4930664669e-13, 5.21917138143e-14, 1.32244696015e-14, 7.10091394254e-15],
        "dvar2": [2.65770495389e-06, 9.55711493589e-06, 9.46448290051e-06, 2.28681233239e-06, 2.22323436105e-07, 3.23853896589e-07, 8.06894206562e-07, 6.31002080809e-07, 6.72268754442e-07, 6.62030174681e-07, 5.66590642848e-07, 4.99750342442e-07, 1.00700553674e-07, 3.81786016135e-08, 2.1416600049e-08, 1.26145422996e-08, 2.51740983614e-09, 4.64344651618e-09, 1.12607134728e-09, 7.41851635677e-10, 3.91486343343e-10, 3.66808083907e-10, 8.0507306377e-10, 8.69635405354e-11, 5.83798634435e-11, 1.68924041422e-11, 1.70664524179e-11, 2.56077468258e-11, 1.44964136181e-11, 9.20631539753e-12, 6.81173433631e-12, 2.53519904722e-12, 1.17346692259e-12, 8.25659094046e-13, 7.49107861246e-13, 4.19308142895e-13, 3.61042467624e-13, 1.2806395484e-13, 2.97575379865e-14, 1.60684911422e-14],
        "max": [0.0144288558513, 0.0291882995516, 0.0236243400723, 0.0139961419627, 0.00487829558551, 0.0122397020459, 0.0256423652172, 0.032771974802, 0.0217347592115, 0.0209941845387, 0.0186712387949, 0.0202609356493, 0.0112170018256, 0.00514560053125, 0.00367938610725, 0.00338479247876, 0.00177291745786, 0.0026750524994, 0.000642064958811, 0.000505692034494, 0.000407873099903, 0.000402906705858, 0.000926343433093, 0.000224266288569, 0.000291079079034, 5.48578973394e-05, 4.83326584799e-05, 6.22266816208e-05, 3.92646288674e-05, 4.15357681049e-05, 3.32016315951e-05, 3.51011403836e-05, 2.00337472052e-05, 1.76361209014e-05, 1.6219657482e-05, 1.6436295482e-05, 1.79796315933e-05, 8.67190556164e-06, 3.52318625119e-06, 2.58709974332e-06],
        "mean": [0.000895557750482, 0.00211407779716, 0.0018375928048, 0.000712023698725, 0.00025359870051, 0.000375906616682, 0.000465052260552, 0.000349078909494, 0.000283117231447, 0.000206834898563, 0.000149649582454, 0.000117543822853, 7.88610632299e-05, 4.10202410421e-05, 3.14365934173e-05, 2.14171650441e-05, 1.29392647068e-05, 9.8759037428e-06, 1.16076962513e-05, 1.05378921944e-05, 1.00847628346e-05, 9.36450032896e-06, 7.98375822342e-06, 3.36561311087e-06, 2.41962061409e-06, 2.01532270694e-06, 1.83808333531e-06, 1.8486693989e-06, 1.57400870648e-06, 1.22798940083e-06, 9.48973308823e-07, 5.06082301399e-07, 3.52987086671e-07, 3.0367692716e-07, 2.57822534877e-07, 1.73430393602e-07, 1.29504002189e-07, 8.8958451272e-08, 4.99805423715e-08, 3.24141069541e-08],
        "median": [0.000425860285759, 0.000982765224762, 0.000848345865961, 0.000331497460138, 0.000104450751678, 0.000119061631267, 0.000111582696263, 6.44046522211e-05, 3.96174400521e-05, 1.92352708837e-05, 1.4533356989e-05, 8.71018255566e-06, 7.32921125746e-06, 6.69987002766e-06, 6.0658539951e-06, 2.94323763228e-06, 2.33956143347e-06, 1.71581189079e-06, 2.11645897252e-06, 1.7531846197e-06, 1.34322715439e-06, 1.51628307776e-06, 1.10834639599e-06, 7.82685503964e-07, 4.77218407013e-07, 4.77820833567e-07, 3.61494727485e-07, 2.56815127386e-07, 2.39637842014e-07, 2.27072987968e-07, 1.7131348784e-07, 1.04868156825e-07, 7.13214589609e-08, 4.72342982505e-08, 3.53281137677e-08, 2.26150476124e-08, 1.67675189289e-08, 1.33514497236e-08, 9.51771639279e-09, 7.43819095206e-09],
        "min": [9.20919297313e-24, 1.54500557934e-24, 6.75175744283e-25, 2.79784607001e-24, 4.56862561258e-24, 3.34900799892e-24, 3.69839764929e-24, 2.74229211849e-24, 3.4144775376e-24, 2.56264403568e-24, 3.56078204766e-24, 5.47210130201e-24, 4.74048684939e-24, 5.00178716348e-24, 5.11111224089e-24, 8.84350624532e-24, 7.38051320949e-24, 5.51327550253e-24, 6.29456768179e-24, 7.88395713945e-24, 7.47462116004e-24, 5.97252941673e-24, 3.35162820042e-24, 3.62341602581e-24, 7.86409914388e-24, 6.50383512501e-24, 4.89409897245e-24, 6.71625840627e-24, 7.05225398733e-24, 8.29178323909e-24, 9.03037634971e-24, 8.11049511447e-24, 7.86228239722e-24, 7.34573627648e-24, 7.40554613259e-24, 7.93974222723e-24, 8.60651901875e-24, 1.00031530752e-23, 7.8043492412e-24, 9.31425899051e-24],
        "var": [1.93556957129e-06, 8.93530614121e-06, 6.22394918537e-06, 1.10801261144e-06, 1.570953998e-07, 6.98671499322e-07, 1.79501569164e-06, 1.5761161194e-06, 6.38529456864e-07, 7.75505213824e-07, 4.60319796503e-07, 5.32038768597e-07, 2.01014074719e-07, 4.04638988982e-08, 1.73488192701e-08, 1.08355520112e-08, 2.95669422279e-09, 2.26844498741e-09, 1.16601373001e-09, 9.2472401958e-10, 6.35370811519e-10, 4.48654613461e-10, 1.04664632516e-09, 8.50583770085e-11, 5.10124997799e-11, 1.56647073785e-11, 1.43423406831e-11, 1.99628993891e-11, 1.32615906104e-11, 8.02901235081e-12, 4.6311713145e-12, 1.56741796192e-12, 8.61667996069e-13, 5.86248822924e-13, 4.49996675122e-13, 2.39244306874e-13, 1.55956546505e-13, 5.82060441512e-14, 1.87902553353e-14, 9.56715582407e-15]
    },
    "mfcc": {
        "mean": [-735.774841309, 163.58543396, 9.22730541229, 32.1818580627, 3.30119132996, 6.38814783096, -2.60980892181, 3.18436336517, 2.57966208458, -1.0732820034, -1.49707007408, 3.7427418232, -0.798363506794],
        "cov": [[11961.7695312, 1428.0345459, -701.716552734, 398.316619873, -641.610473633, -246.131027222, -287.371276855, 22.0507659912, 33.1593666077, 47.2706222534, -128.299758911, 248.684951782, -82.6594467163], [1428.0345459, 2087.13989258, -41.0886230469, -108.736701965, 99.6188430786, -46.343963623, -6.34259986877, 42.6381759644, 82.3031845093, -38.2856636047, 82.4260940552, 25.5495433807, 49.6283950806], [-701.716552734, -41.0886230469, 620.788330078, 51.2054023743, 107.924041748, 125.908836365, 9.69798755646, 55.1891593933, -51.9632110596, 6.52728223801, 23.1849079132, -27.5224933624, 25.1829891205], [398.316619873, -108.736701965, 51.2054023743, 448.978668213, 121.847930908, 40.8794898987, 43.5236434937, -11.1814012527, -21.0780391693, 14.4018745422, -31.658367157, 12.0574541092, -0.859816849232], [-641.610473633, 99.6188430786, 107.924041748, 121.847930908, 257.824005127, 78.8598632812, 36.910030365, 8.08983421326, 6.16644334793, 15.8233985901, 14.1965656281, -12.0261640549, 25.2379188538], [-246.131027222, -46.343963623, 125.908836365, 40.8794898987, 78.8598632812, 194.467330933, 66.7404098511, 29.8372650146, 7.53267621994, 10.7961816788, 10.2149944305, -27.5130710602, -3.0847837925], [-287.371276855, -6.34259986877, 9.69798755646, 43.5236434937, 36.910030365, 66.7404098511, 190.984024048, 22.0958404541, 2.45283293724, 4.63933992386, -8.14168071747, 3.39812850952, -30.2508964539], [22.0507659912, 42.6381759644, 55.1891593933, -11.1814012527, 8.08983421326, 29.8372650146, 22.0958404541, 122.020584106, 36.8961715698, 0.147766113281, 18.3280887604, -4.81764364243, 7.35832643509], [33.1593666077, 82.3031845093, -51.9632110596, -21.0780391693, 6.16644334793, 7.53267621994, 2.45283293724, 36.8961715698, 112.245506287, 25.6338157654, 9.8175983429, 2.98335194588, 4.76023769379], [47.2706222534, -38.2856636047, 6.52728223801, 14.4018745422, 15.8233985901, 10.7961816788, 4.63933992386, 0.147766113281, 25.6338157654, 96.9682922363, 17.3866348267, -4.97923469543, 2.38501882553], [-128.299758911, 82.4260940552, 23.1849079132, -31.658367157, 14.1965656281, 10.2149944305, -8.14168071747, 18.3280887604, 9.8175983429, 17.3866348267, 85.9779434204, 21.2124538422, 9.5876750946], [248.684951782, 25.5495433807, -27.5224933624, 12.0574541092, -12.0261640549, -27.5130710602, 3.39812850952, -4.81764364243, 2.98335194588, -4.97923469543, 21.2124538422, 102.498321533, 25.9175243378], [-82.6594467163, 49.6283950806, 25.1829891205, -0.859816849232, 25.2379188538, -3.0847837925, -30.2508964539, 7.35832643509, 4.76023769379, 2.38501882553, 9.5876750946, 25.9175243378, 85.7018661499]],
