{
"lowlevel": {
    "average_loudness": 0.0368399210274,
    "barkbands_crest": {
        "dmean": 2.00035476685,
        "dmean2": 3.14003252983,
        "dvar": 3.72741889954,
        "dvar2": 9.1606836319,
        "max": 26.224905014,
        "mean": 11.5249967575,
        "median": 10.7532329559,
        "min": 3.27906537056,
        "var": 17.7056465149
    },
    "barkbands_flatness_db": {
        "dmean": 0.0140016078949,
        "dmean2": 0.0206254199147,
        "dvar": 0.000177401147084,
        "dvar2": 0.000373208924429,
        "max": 0.447312682867,
        "mean": 0.219862222672,
        "median": 0.222002267838,
        "min": 0.0376598127186,
        "var": 0.00332643184811
    },
    "barkbands_kurtosis": {
        "dmean": 2.37312102318,
        "dmean2": 3.63610696793,
        "dvar": 27.6339588165,
        "dvar2": 61.9869918823,
        "max": 237.574996948,
        "mean": 5.62528896332,
        "median": 2.70273923874,
        "min": -1.8830395937,
        "var": 127.701271057
    },
    "barkbands_skewness": {
        "dmean": 0.373709022999,
        "dmean2": 0.563476502895,
        "dvar": 0.157103314996,
        "dvar2": 0.332135528326,
        "max": 12.2933559418,
        "mean": 1.13867771626,
        "median": 1.03691792488,
        "min": -2.68694424629,
        "var": 1.6534576416
    },
    "barkbands_spread": {
        "dmean": 1.77558732033,
        "dmean2": 2.60230207443,
        "dvar": 8.05294322968,
        "dvar2": 14.765537262,
        "max": 107.592437744,
        "mean": 9.60709857941,
        "median": 7.11101818085,
        "min": 0.199714958668,
        "var": 67.4838256836
    },
    "dissonance": {
        "dmean": 0.0384369976819,
        "dmean2": 0.0647424012423,
        "dvar": 0.00122877536342,
        "dvar2": 0.0033978947904,
        "max": 0.500000119209,
        "mean": 0.403690695763,
        "median": 0.412209063768,
        "min": 0.0901219919324,
        "var": 0.00342249264941
    },
    "dynamic_complexity": 6.91590070724,
    "erbbands_crest": {
        "dmean": 2.66948485374,
        "dmean2": 4.19883584976,
        "dvar": 6.21128702164,
        "dvar2": 14.6441459656,
        "max": 32.4013252258,
        "mean": 12.6981163025,
        "median": 11.843957901,
        "min": 2.34418678284,
        "var": 27.4725646973
    },
    "erbbands_flatness_db": {
        "dmean": 0.0135838091373,
        "dmean2": 0.0199310444295,
        "dvar": 0.00016836458235,
        "dvar2": 0.000344763626345,
        "max": 0.457142144442,
        "mean": 0.24451200664,
        "median": 0.246026650071,
        "min": 0.021696029231,
        "var": 0.00317730777897
    },
    "erbbands_kurtosis": {
        "dmean": 1.58119177818,
        "dmean2": 2.47320365906,
        "dvar": 12.1728725433,
        "dvar2": 27.2850036621,
        "max": 220.555892944,
        "mean": 2.86317300797,
        "median": 1.37406778336,
        "min": -1.8700606823,
        "var": 44.0254516602
    },
    "erbbands_skewness": {
        "dmean": 0.353695333004,
        "dmean2": 0.534200787544,
        "dvar": 0.124863147736,
        "dvar2": 0.27579241991,
        "max": 10.8765773773,
        "mean": 0.744227051735,
        "median": 0.692889511585,
        "min": -2.75880789757,
        "var": 0.942800223827
    },
    "erbbands_spread": {
        "dmean": 3.44794130325,
        "dmean2": 5.08915996552,
        "dvar": 25.9869766235,
        "dvar2": 44.7841148376,
        "max": 174.621261597,
        "mean": 18.7202148438,
        "median": 14.5681037903,
        "min": 0.534982740879,
        "var": 247.70249939
    },
    "hfc": {
        "dmean": 2.04705309868,
        "dmean2": 3.02055716515,
        "dvar": 34.9054336548,
        "dvar2": 81.1546554565,
        "max": 236.28453064,
        "mean": 10.0356216431,
        "median": 1.76985418797,
        "min": 1.05695669599e-16,
        "var": 414.926177979
    },
    "melbands_crest": {
        "dmean": 2.36767315865,
        "dmean2": 3.66001701355,
        "dvar": 5.51362133026,
        "dvar2": 13.1410608292,
        "max": 39.5389480591,
        "mean": 15.0276346207,
        "median": 14.0473060608,
        "min": 1.55799043179,
        "var": 32.6576042175
    },
    "melbands_flatness_db": {
        "dmean": 0.0152110531926,
        "dmean2": 0.0216780006886,
        "dvar": 0.000246687413892,
        "dvar2": 0.000466121477075,
        "max": 0.563118338585,
        "mean": 0.305007725954,
        "median": 0.313732266426,
        "min": 0.00407324032858,
        "var": 0.00741801084951
    },
    "melbands_kurtosis": {
        "dmean": 3.89085221291,
        "dmean2": 5.86261940002,
        "dvar": 343.152435303,
        "dvar2": 620.830505371,
        "max": 1791.62756348,
        "mean": 10.9884986877,
        "median": 3.79985618591,
        "min": -1.77217710018,
        "var": 4003.39428711
    },
    "melbands_skewness": {
        "dmean": 0.426989525557,
        "dmean2": 0.638526320457,
        "dvar": 0.299743652344,
        "dvar2": 0.535544335842,
        "max": 38.7210273743,
        "mean": 1.61705863476,
        "median": 1.37428593636,
        "min": -2.29767632484,
        "var": 4.59052467346
    },
    "melbands_spread": {
        "dmean": 2.55348348618,
        "dmean2": 3.78845977783,
        "dvar": 19.4190940857,
        "dvar2": 37.721031189,
        "max": 174.25088501,
        "mean": 14.1650152206,
        "median": 9.31969356537,
        "min": 0.484958201647,
        "var": 242.279220581
    },
    "pitch_salience": {
        "dmean": 0.0508313216269,
        "dmean2": 0.0794104784727,
        "dvar": 0.00212939223275,
        "dvar2": 0.00518503412604,
        "max": 0.958865344524,
        "mean": 0.52110004425,
        "median": 0.525675654411,
        "min": 0.0498434528708,
        "var": 0.013442014344
    },
    "silence_rate_20dB": {
        "dmean": 0,
        "dmean2": 0,
        "dvar": 0,
        "dvar2": 0,
        "max": 1,
        "mean": 1,
        "median": 1,
        "min": 1,
        "var": 0
    },
    "silence_rate_30dB": {
        "dmean": 0.00175323255826,
        "dmean2": 0.00350684928708,
        "dvar": 0.00175005721394,
        "dvar2": 0.00393251376227,
        "max": 1,
        "mean": 0.997479975224,
        "median": 1,
        "min": 0,
        "var": 0.00251335906796
    },
    "silence_rate_60dB": {
        "dmean": 0.0495288185775,
        "dmean2": 0.099068492651,
        "dvar": 0.0470701903105,
        "dvar2": 0.108112730086,
        "max": 1,
        "mean": 0.417881011963,
        "median": 0,
        "min": 0,
        "var": 0.243267044425
    },
    "spectral_centroid": {
        "dmean": 89.0516967773,
        "dmean2": 129.762084961,
        "dvar": 37144.4375,
        "dvar2": 63341.765625,
        "max": 11731.5019531,
        "mean": 854.652160645,
        "median": 562.901184082,
        "min": 204.014175415,
        "var": 1001262.875
    },
    "spectral_complexity": {
        "dmean": 1.1803637743,
        "dmean2": 1.95353424549,
        "dvar": 1.72444498539,
        "dvar2": 3.9714410305,
        "max": 40,
        "mean": 8.23282527924,
        "median": 6,
        "min": 0,
        "var": 41.3520393372
    },
    "spectral_decrease": {
        "dmean": 5.08767916685e-10,
        "dmean2": 7.26340987356e-10,
        "dvar": 1.29475779209e-18,
        "dvar2": 2.85596534873e-18,
        "max": 1.66323574813e-28,
        "mean": -2.74612843576e-09,
        "median": -1.05449904364e-09,
        "min": -3.90230638914e-08,
        "var": 1.68520133076e-17
    },
    "spectral_energy": {
        "dmean": 0.00208735698834,
        "dmean2": 0.00298832077533,
        "dvar": 2.2847121727e-05,
        "dvar2": 5.09050332766e-05,
        "max": 0.168713644147,
        "mean": 0.011274792254,
        "median": 0.00414631469175,
        "min": 1.00713561274e-20,
        "var": 0.000297224964015
    },
    "spectral_energyband_high": {
        "dmean": 3.04483619402e-05,
        "dmean2": 4.43921126134e-05,
        "dvar": 1.85021278298e-08,
        "dvar2": 3.96352604071e-08,
        "max": 0.00576573936269,
        "mean": 0.000131261578645,
        "median": 1.95748475562e-06,
        "min": 7.10040771044e-21,
        "var": 2.58869903291e-07
    },
    "spectral_energyband_low": {
        "dmean": 0.000286478258204,
        "dmean2": 0.000349873793311,
        "dvar": 1.66312406691e-06,
        "dvar2": 2.33169316743e-06,
        "max": 0.0918950811028,
        "mean": 0.0015810461482,
        "median": 0.000376420153771,
        "min": 1.74085761455e-23,
        "var": 1.63728545886e-05
    },
    "spectral_energyband_middle_high": {
        "dmean": 0.00137004489079,
        "dmean2": 0.00204937160015,
        "dvar": 1.96495548153e-05,
        "dvar2": 4.51296837127e-05,
        "max": 0.166703045368,
        "mean": 0.00507249264047,
        "median": 0.000302510539768,
        "min": 1.09989979869e-21,
        "var": 0.00016229065659
    },
    "spectral_energyband_middle_low": {
        "dmean": 0.0011994735105,
        "dmean2": 0.00167386839166,
        "dvar": 5.33525644641e-06,
        "dvar2": 1.0635810213e-05,
        "max": 0.0630777552724,
        "mean": 0.00484897615388,
        "median": 0.00245955749415,
        "min": 1.85542684994e-22,
        "var": 4.10177090089e-05
    },
    "spectral_entropy": {
        "dmean": 0.135126531124,
        "dmean2": 0.200010940433,
        "dvar": 0.0186304990202,
        "dvar2": 0.0366085022688,
        "max": 9.82704639435,
        "mean": 6.49087429047,
        "median": 6.42111158371,
        "min": 4.2111530304,
        "var": 0.424559503794
    },
    "spectral_flux": {
        "dmean": 0.0121514238417,
        "dmean2": 0.0201805830002,
        "dvar": 0.000412442022935,
        "dvar2": 0.00115606130566,
        "max": 0.346832096577,
        "mean": 0.0380406491458,
        "median": 0.0225611757487,
        "min": 6.40958605636e-11,
        "var": 0.0017469432205
    },
    "spectral_kurtosis": {
        "dmean": 5.5674290657,
        "dmean2": 9.59153461456,
        "dvar": 37.8296813965,
        "dvar2": 114.568710327,
        "max": 106.983024597,
        "mean": 20.0194721222,
        "median": 15.5718955994,
        "min": -1.2607190609,
        "var": 274.110076904
    },
    "spectral_rms": {
        "dmean": 0.000254270766163,
        "dmean2": 0.00035973553895,
        "dvar": 1.20168323292e-07,
        "dvar2": 2.46609374699e-07,
        "max": 0.0128296017647,
        "mean": 0.00267021614127,
        "median": 0.00201126444153,
        "min": 3.13459935092e-12,
        "var": 3.86972851629e-06
    },
    "spectral_rolloff": {
        "dmean": 142.434341431,
        "dmean2": 237.531311035,
        "dvar": 162283.71875,
        "dvar2": 295213.09375,
        "max": 19745.9472656,
        "mean": 1021.25769043,
        "median": 645.99609375,
        "min": 43.06640625,
        "var": 2842209.25
    },
    "spectral_skewness": {
        "dmean": 0.419869303703,
        "dmean2": 0.70130699873,
        "dvar": 0.158459767699,
        "dvar2": 0.454763442278,
        "max": 8.49521255493,
        "mean": 3.20351052284,
        "median": 3.09391450882,
        "min": -0.0722218826413,
        "var": 2.1528236866
    },
    "spectral_spread": {
        "dmean": 287257.90625,
        "dmean2": 450525.375,
        "dvar": 398651719680,
        "dvar2": 675378495488,
        "max": 42961156,
        "mean": 2961720,
        "median": 2478724.5,
        "min": 957222.6875,
        "var": 1.12638054892e+13
    },
    "spectral_strongpeak": {
        "dmean": 0.393013179302,
        "dmean2": 0.638348639011,
        "dvar": 0.723366081715,
        "dvar2": 1.83221578598,
        "max": 18.4035549164,
        "mean": 1.09916913509,
        "median": 0.418579548597,
        "min": 0,
        "var": 3.16761231422
    },
    "zerocrossingrate": {
        "dmean": 0.00380924646743,
        "dmean2": 0.00469830911607,
        "dvar": 5.10555473738e-05,
        "dvar2": 5.31381374458e-05,
        "max": 0.52392578125,
        "mean": 0.0366335064173,
        "median": 0.02685546875,
        "min": 0.00439453125,
        "var": 0.0020249565132
    },
    "barkbands": {
        "dmean": [5.88295142734e-06, 9.50363319134e-05, 0.000181620009243, 0.000126482525957, 0.000233598140767, 0.000364653009456, 0.000360880716471, 0.000216255648411, 0.000359569297871, 0.00055051461095, 0.000159053772222, 0.000563060108107, 0.000652178772725, 0.000296944839647, 0.000146130478242, 6.63073078613e-05, 6.28860652796e-05, 0.000104610902781, 7.09671367076e-05, 2.50258763117e-05, 1.2007281839e-05, 9.18241585168e-06, 6.58469662085e-06, 4.24882318839e-06, 1.10820917598e-06, 1.73244245616e-07, 3.57816318797e-08],
        "dmean2": [1.01133455246e-05, 0.000124541096739, 0.000213540217374, 0.000205423741136, 0.000364298874047, 0.000504763913341, 0.000456506386399, 0.000327360146912, 0.000499809917528, 0.000794875551946, 0.00023121353297, 0.000878776540048, 0.000989340129308, 0.000443236669526, 0.000220870191697, 0.000109079213871, 0.000102393176348, 0.00016255940136, 0.000108021689812, 4.08257437812e-05, 1.88447229448e-05, 1.40431138789e-05, 9.81761331786e-06, 6.52630342302e-06, 1.51586846187e-06, 2.40756833136e-07, 5.99592269168e-08],
        "dvar": [5.13164753746e-11, 1.81031097668e-07, 8.66754248818e-07, 1.84344244758e-07, 2.15445879803e-07, 6.27297936262e-07, 9.97903384814e-07, 6.88246132086e-07, 2.21264326683e-06, 3.89039951187e-06, 4.0638548171e-07, 5.14691555509e-06, 1.2594704458e-05, 2.68814483206e-06, 5.70716110815e-07, 8.2101998089e-08, 8.98887151379e-08, 1.55625883735e-07, 7.46138013596e-08, 1.27144916817e-08, 2.83376277999e-09, 1.23542742703e-09, 7.74774133738e-10, 9.15742648377e-10, 5.12365427863e-11, 1.53201767678e-12, 7.01716855738e-14],
        "dvar2": [1.54279700126e-10, 2.93293936693e-07, 1.25763017422e-06, 5.68788948385e-07, 5.39994630344e-07, 1.1948491192e-06, 1.65515825756e-06, 1.47413572904e-06, 3.96797304347e-06, 7.68273366702e-06, 7.99407189334e-07, 1.18662719615e-05, 3.03026808979e-05, 5.49029300601e-06, 1.17360809782e-06, 2.208555685e-07, 2.20303107312e-07, 3.58279237389e-07, 1.78966345743e-07, 3.46549171582e-08, 6.82171386046e-09, 2.88125856507e-09, 1.48023882041e-09, 1.95904026334e-09, 8.89387383185e-11, 2.77879737449e-12, 2.01753300481e-13],
        "max": [0.000180641087354, 0.0261458605528, 0.0672312602401, 0.0107163181528, 0.0192432887852, 0.0513511411846, 0.0526052825153, 0.0325945168734, 0.0554617606103, 0.0653969869018, 0.0244025997818, 0.0653101354837, 0.130192518234, 0.0788233950734, 0.0271788928658, 0.00673243403435, 0.0150037910789, 0.0110938129947, 0.00904125068337, 0.00352600892074, 0.00193101062905, 0.000886984053068, 0.00196534604765, 0.00243693147786, 0.000562205095775, 9.39653036767e-05, 1.06313755168e-05],
        "mean": [1.35686559588e-05, 0.000469816615805, 0.000981499208137, 0.000287745933747, 0.000551476725377, 0.0012673009187, 0.00129214115441, 0.000381536607165, 0.000656838761643, 0.00132764794398, 0.000287582806777, 0.00105367740616, 0.00121684302576, 0.00050420028856, 0.000227676893701, 0.00010705513705, 0.000121678924188, 0.000195825108676, 0.000176839326741, 5.82228567509e-05, 3.61544080079e-05, 2.41182151512e-05, 1.8461718355e-05, 1.22313904285e-05, 3.99834516429e-06, 5.69693725083e-07, 6.39204671415e-08],
        "median": [1.19784008348e-05, 0.000123999358038, 0.000100922814454, 6.38304045424e-05, 0.000256852799794, 0.00046574609587, 0.000177037902176, 7.33764463803e-05, 7.54688880988e-05, 5.85127163504e-05, 2.36766045418e-05, 2.69261363428e-05, 1.91706840269e-05, 7.04532385498e-06, 4.70329314339e-06, 2.32949105339e-06, 2.12793452192e-06, 2.28808085012e-06, 1.36596952416e-06, 8.86446628101e-07, 2.09548346675e-07, 2.4422732281e-07, 3.15732876288e-07, 2.01373921982e-07, 8.65444818032e-08, 8.62336619889e-08, 1.55173545124e-08],
        "min": [1.01775116485e-24, 5.92024174378e-24, 1.61086215289e-24, 1.55292840523e-24, 8.13423272796e-24, 7.47163689923e-24, 7.20588149318e-24, 9.77378624502e-24, 1.2758826444e-23, 1.5134668809e-23, 2.25962737641e-23, 2.2068137699e-23, 2.86934175659e-23, 4.79207977254e-23, 4.52892240099e-23, 5.67584474673e-23, 9.2875655152e-23, 6.24551970281e-23, 1.16344210284e-22, 1.71772430006e-22, 2.91358845989e-22, 2.83313121088e-22, 4.05203995413e-22, 6.21822170761e-22, 8.23619606074e-22, 1.28854756642e-21, 1.9916721907e-21],
        "var": [9.5726315763e-11, 1.52591007918e-06, 7.75885109761e-06, 4.95687515922e-07, 8.17591228497e-07, 6.59687248117e-06, 1.23028257804e-05, 1.39455539738e-06, 4.82243922306e-06, 1.62292999448e-05, 1.01575540157e-06, 1.53519940795e-05, 4.44007928309e-05, 6.89684156896e-06, 1.23416430142e-06, 1.46616670804e-07, 2.55023309137e-07, 3.79801178951e-07, 3.23112999467e-07, 6.44224513735e-08, 2.24349250288e-08, 6.86132217709e-09, 4.58909665824e-09, 3.92644805558e-09, 4.29843827199e-10, 8.0027798624e-12, 1.55984966155e-13]
    },
    "erbbands": {
        "dmean": [0.00170186941978, 0.0282961390913, 0.192834213376, 0.272978723049, 0.648999035358, 0.792712330818, 1.78886020184, 3.43391656876, 5.69122505188, 3.29323935509, 5.29042768478, 6.92092895508, 16.0680770874, 10.7517690659, 7.50562286377, 20.9272193909, 29.2292385101, 12.6410961151, 10.5955791473, 5.23876857758, 2.16923713684, 3.67895245552, 4.08818435669, 4.9313583374, 2.16045475006, 1.06099879742, 0.454273641109, 0.559940159321, 0.309291809797, 0.270954608917, 0.17802837491, 0.108099035919, 0.0621474720538, 0.0202986653894, 0.00514092901722, 0.00136211176869, 0.00020107968885, 3.4521202906e-05, 8.79876552062e-06, 2.56218913819e-06],
        "dmean2": [0.00259544979781, 0.0357211455703, 0.218977123499, 0.413790404797, 1.0337086916, 1.24468541145, 2.42738294601, 4.74203157425, 7.36922359467, 4.50775194168, 7.81529092789, 9.35836410522, 23.553768158, 14.495434761, 11.089717865, 31.1179218292, 42.5880393982, 19.3863391876, 16.1954669952, 8.16005992889, 3.50729775429, 6.03514719009, 6.5152630806, 7.62136650085, 3.37950468063, 1.70301353931, 0.71972566843, 0.861296951771, 0.467975378036, 0.410912364721, 0.261041671038, 0.163013756275, 0.0960708335042, 0.0292995944619, 0.00695666857064, 0.00193381949794, 0.000280013686279, 5.36115185241e-05, 1.47899945659e-05, 3.72574140783e-06],
        "dvar": [2.44207440119e-05, 0.0185704287142, 1.06075465679, 0.749115109444, 2.67726373672, 2.94811987877, 18.3675422668, 57.6619758606, 251.412399292, 110.302894592, 511.174346924, 754.597290039, 3541.84057617, 1272.58508301, 636.39050293, 7519.20654297, 26323.4902344, 4663.13476562, 4087.74804688, 779.843444824, 75.5928268433, 330.339050293, 253.053527832, 382.449279785, 71.2988815308, 31.5060977936, 4.71538686752, 7.08586549759, 1.72952067852, 1.03240716457, 0.695407927036, 0.447169810534, 0.241969838738, 0.0195502471179, 0.00106151006185, 9.3809387181e-05, 1.98354268832e-06, 2.87109980235e-08, 5.10079578575e-09, 3.5585898811e-11],
        "dvar2": [5.83243090659e-05, 0.0271116103977, 1.41060340405, 1.94960701466, 7.55645370483, 7.08231735229, 28.7675209045, 118.945243835, 441.233154297, 179.984115601, 1127.37451172, 1428.43469238, 7427.39013672, 2205.70678711, 1300.62402344, 17543.7480469, 64276.703125, 10003.9638672, 8560.20898438, 1912.10913086, 192.897155762, 838.21472168, 656.536254883, 914.867675781, 175.477752686, 86.1228179932, 12.1045656204, 16.9870548248, 4.23031330109, 2.37962794304, 1.22204649448, 0.870524704456, 0.52535200119, 0.0352825298905, 0.00167423160747, 0.000165506280609, 3.65954997505e-06, 6.18989659529e-08, 1.5484243221e-08, 8.13748166073e-11],
        "max": [0.3393432796, 8.56548976898, 77.323387146, 31.0427112579, 68.5400695801, 54.705291748, 395.649261475, 278.863861084, 920.924926758, 567.930847168, 871.349731445, 1044.70825195, 2326.02319336, 915.36151123, 924.691589355, 3249.42163086, 6828.71679688, 2810.42895508, 3011.20043945, 990.83795166, 222.15586853, 879.463562012, 419.246002197, 588.263061523, 251.935928345, 171.960998535, 76.4658737183, 108.609817505, 39.7056388855, 32.5287704468, 71.3762969971, 51.0853652954, 35.0005187988, 10.3566846848, 2.5839381218, 0.732587516308, 0.116443537176, 0.0091078011319, 0.00247895158827, 0.000214054365642],
        "mean": [0.00581294391304, 0.149524241686, 1.11556267738, 0.863715469837, 1.44881820679, 1.79749262333, 5.84707927704, 11.8190078735, 20.4235553741, 9.58881759644, 10.3229951859, 14.1241531372, 38.9641532898, 22.7647819519, 15.4546918869, 47.1878509521, 59.698841095, 26.5672416687, 19.0853233337, 10.9165821075, 4.92965078354, 7.56243658066, 9.21471786499, 12.5670461655, 5.66798305511, 2.64593362808, 1.35429787636, 1.72072172165, 0.922277510166, 0.730577528477, 0.50515884161, 0.292356044054, 0.178730607033, 0.0709254071116, 0.0212567262352, 0.00456209247932, 0.000761856383178, 0.00013340060832, 1.71554420376e-05, 1.38377163239e-05],
        "median": [0.00218791957013, 0.0318100452423, 0.10505733639, 0.346666544676, 0.476067781448, 0.770236611366, 2.23448252678, 3.91990184784, 3.31346535683, 2.17538714409, 2.08350229263, 2.35281443596, 2.64504265785, 1.63100767136, 1.36828374863, 1.17737185955, 1.31126046181, 0.690113186836, 0.391230493784, 0.244083717465, 0.140410289168, 0.140721127391, 0.144947305322, 0.0960133820772, 0.0691822618246, 0.0381608679891, 0.0125953052193, 0.00958156213164, 0.00790625810623, 0.0109174652025, 0.00852090492845, 0.00569218629971, 0.00248625176027, 0.0010503642261, 0.000551232427824, 0.000312781106913, 0.000165913399542, 5.14066050528e-05, 3.95959523303e-06, 4.73910131404e-06],
        "min": [9.36661695097e-23, 9.23348739621e-22, 1.47663876439e-21, 5.50343294812e-21, 1.32537679365e-20, 1.97175478823e-20, 5.55244533812e-20, 9.43817990308e-20, 1.0597978241e-19, 2.68398162638e-19, 2.52185422632e-19, 2.66861364457e-19, 5.43889088836e-19, 1.00205941535e-18, 9.80177903205e-19, 1.09626639492e-18, 1.14156476982e-18, 2.20125416864e-18, 3.28666629956e-18, 2.93772739599e-18, 3.05280228127e-18, 5.47669583408e-18, 4.03229041924e-18, 5.66949715921e-18, 4.26465786101e-18, 9.27845018942e-18, 9.10647934007e-18, 1.2022115637e-17, 8.47332138482e-18, 1.10486183546e-17, 1.23874813136e-17, 1.02120252539e-17, 1.02823802737e-17, 7.49606952963e-18, 6.16827135215e-18, 4.17654244626e-18, 2.4981969125e-18, 8.9587351633e-19, 2.42395507438e-19, 2.82506736111e-20],
        "var": [0.000283696048427, 0.168367281556, 10.6220273972, 3.07398819923, 9.1676197052, 10.1441307068, 212.735443115, 469.381561279, 3171.75195312, 701.61126709, 1095.32983398, 1828.84899902, 15648.6044922, 3935.03881836, 1971.62329102, 28928.9726562, 92571.09375, 14715.3125, 8124.25537109, 2565.1484375, 254.336914062, 875.613769531, 793.674621582, 1585.0098877, 297.580505371, 132.769805908, 30.7982940674, 58.2006263733, 11.2326545715, 6.09107017517, 4.05368089676, 2.25267076492, 0.805166423321, 0.131111398339, 0.0128031494096, 0.000625103362836, 1.05854614958e-05, 2.20410797169e-07, 7.79971376375e-09, 4.82464790341e-10]
    },
    "gfcc": {
        "mean": [-157.324035645, 143.800704956, -108.119819641, -2.83473300934, -57.5937004089, 2.99271202087, -34.2733421326, 0.805766761303, -20.1632785797, -5.96273851395, -2.88335180283, 0.738397836685, -13.9470186234],
        "cov": [[16570.6113281, 46.9784965515, -4048.71801758, 691.491149902, -837.846862793, 440.787872314, -138.185424805, -92.9158706665, -98.2175292969, -555.940856934, 418.967315674, -210.134307861, -156.804412842], [46.9784965515, 1379.51501465, 567.681152344, -529.029052734, 161.139892578, -162.723556519, -13.9698266983, -124.678031921, -54.4701957703, 4.98642301559, -69.5364761353, 19.6312026978, -44.3933372498], [-4048.71801758, 567.681152344, 1880.56787109, -158.510696411, 187.209442139, -83.1729431152, 43.0980453491, -8.16533184052, -45.0367927551, 253.336624146, -228.856903076, 54.9881057739, 24.9419136047], [691.491149902, -529.029052734, -158.510696411, 613.163024902, -0.189872682095, 91.1769180298, 2.01706027985, 77.0874710083, 17.5945453644, -28.4982566833, 8.55172920227, -47.1074409485, -14.7433538437], [-837.846862793, 161.139892578, 187.209442139, -0.189872682095, 370.679412842, 37.3049201965, 23.4048748016, 17.0907459259, 14.8452768326, 17.8993358612, -40.6059150696, -2.31225943565, 3.70301246643], [440.787872314, -162.723556519, -83.1729431152, 91.1769180298, 37.3049201965, 314.175964355, 115.337265015, -12.1545591354, -35.9111099243, -16.7082748413, 32.3723068237, -17.9170322418, -26.9363594055], [-138.185424805, -13.9698266983, 43.0980453491, 2.01706027985, 23.4048748016, 115.337265015, 213.392807007, -9.75343036652, -61.7332954407, 16.2872867584, 34.5622177124, 24.5798397064, -26.5270843506], [-92.9158706665, -124.678031921, -8.16533184052, 77.0874710083, 17.0907459259, -12.1545591354, -9.75343036652, 149.174835205, 60.2128868103, -9.0468454361, -1.30003261566, -16.6116199493, 0.0224274899811], [-98.2175292969, -54.4701957703, -45.0367927551, 17.5945453644, 14.8452768326, -35.9111099243, -61.7332954407, 60.2128868103, 178.602249146, 33.2194328308, -13.132142067, -8.58624649048, 16.0340480804], [-555.940856934, 4.98642301559, 253.336624146, -28.4982566833, 17.8993358612, -16.7082748413, 16.2872867584, -9.0468454361, 33.2194328308, 208.159347534, -43.985244751, 22.699054718, 31.7272396088], [418.967315674, -69.5364761353, -228.856903076, 8.55172920227, -40.6059150696, 32.3723068237, 34.5622177124, -1.30003261566, -13.132142067, -43.985244751, 174.315673828, 18.1351852417, -57.3233909607], [-210.134307861, 19.6312026978, 54.9881057739, -47.1074409485, -2.31225943565, -17.9170322418, 24.5798397064, -16.6116199493, -8.58624649048, 22.699054718, 18.1351852417, 99.3667144775, 22.4472198486], [-156.804412842, -44.3933372498, 24.9419136047, -14.7433538437, 3.70301246643, -26.9363594055, -26.5270843506, 0.0224274899811, 16.0340480804, 31.7272396088, -57.3233909607, 22.4472198486, 118.559967041]],
        "icov": [[0.00047104904661, -0.00120171695016, 0.00125561235473, -0.00109652872197, 0.00108319427818, -0.00100462231785, 0.00054642604664, -0.000513990351465, 0.000521734007634, -0.000615274533629, 0.000292212644126, -0.000204828364076, -9.30413152673e-05], [-0.00120171695016, 0.0046173161827, -0.0035521783866, 0.00390896620229, -0.00336280441843, 0.00318221841007, -0.00148960086517, 0.00221511046402, -0.00136985222343, 0.00215757265687, -0.000474649888929, 0.000829138676636, 0.00108863436617], [0.00125561235473, -0.0035521783866, 0.00427739694715, -0.0030348720029, 0.00272871786729, -0.0026617187541, 0.00141172145959, -0.00185536418576, 0.00188701425213, -0.00264615658671, 0.00183801166713, -0.00114629382733, 0.000238206586801], [-0.00109652872197, 0.00390896620229, -0.0030348720029, 0.00526526244357, -0.0029117341619, 0.00217285426334, -0.0011110851774, 0.00079262413783, -0.00104647246189, 0.0017609060742, -0.000360169971827, 0.00118223589379, 0.000914814940188], [0.00108319427818, -0.00336280441843, 0.00272871786729, -0.0029117341619, 0.00569740263745, -0.00298788887449, 0.00103350402787, -0.00176429876592, 0.000776379310992, -0.00139594753273, 0.00104588537943, -0.000583391287364, -0.000503199873492], [-0.00100462231785, 0.00318221841007, -0.0026617187541, 0.00217285426334, -0.00298788887449, 0.00688610738143, -0.0037045578938, 0.00220224517398, -0.00119889201596, 0.00172604597174, -0.000813458696939, 0.00174454937223, 0.000498177134432], [0.00054642604664, -0.00148960086517, 0.00141172145959, -0.0011110851774, 0.00103350402787, -0.0037045578938, 0.0079040331766, -0.00169993157033, 0.00291906460188, -0.00190405454487, -0.000357102428097, -0.00221167807467, 0.000985475024208], [-0.000513990351465, 0.00221511046402, -0.00185536418576, 0.00079262413783, -0.00176429876592, 0.00220224517398, -0.00169993157033, 0.00984464678913, -0.0038497983478, 0.00211591157131, -0.000629113521427, 0.00156146055087, 0.000166359488503], [0.000521734007634, -0.00136985222343, 0.00188701425213, -0.00104647246189, 0.000776379310992, -0.00119889201596, 0.00291906460188, -0.0038497983478, 0.00858970545232, -0.00278086657636, 0.000480835267808, -0.000418153533246, -9.86296508927e-05], [-0.000615274533629, 0.00215757265687, -0.00264615658671, 0.0017609060742, -0.00139594753273, 0.00172604597174, -0.00190405454487, 0.00211591157131, -0.00278086657636, 0.00765412813053, -3.26576810039e-05, -0.000106858256913, -0.000888639711775], [0.000292212644126, -0.000474649888929, 0.00183801166713, -0.000360169971827, 0.00104588537943, -0.000813458696939, -0.000357102428097, -0.000629113521427, 0.000480835267808, -3.26576810039e-05, 0.0096807256341, -0.00340598332696, 0.00474920216948], [-0.000204828364076, 0.000829138676636, -0.00114629382733, 0.00118223589379, -0.000583391287364, 0.00174454937223, -0.00221167807467, 0.00156146055087, -0.000418153533246, -0.000106858256913, -0.00340598332696, 0.0132203921676, -0.0037175253965], [-9.30413152673e-05, 0.00108863436617, 0.000238206586801, 0.000914814940188, -0.000503199873492, 0.000498177134432, 0.000985475024208, 0.000166359488503, -9.86296508927e-05, -0.000888639711775, 0.00474920216948, -0.0037175253965, 0.0123833483085]]
    },
    "melbands": {
        "dmean": [1.89738930203e-05, 7.65547956689e-05, 5.65680747968e-05, 5.1343911764e-05, 5.47805720998e-05, 7.83144932939e-05, 7.93989529484e-05, 3.71879978047e-05, 4.69222686661e-05, 4.80210728711e-05, 8.39421045384e-05, 5.19765053468e-05, 2.13784514926e-05, 4.43308163085e-05, 8.19760098238e-05, 5.47909985471e-05, 2.53302696365e-05, 2.25082203542e-05, 1.03986785689e-05, 6.75019100527e-06, 2.19618527808e-06, 4.36809750681e-06, 4.18692434323e-06, 4.57665692011e-06, 4.78664787806e-06, 2.88722549158e-06, 9.18068451483e-07, 8.62741956098e-07, 3.7128742747e-07, 2.83259794287e-07, 3.6811161408e-07, 1.97466562213e-07, 1.80232163416e-07, 1.54061297053e-07, 1.09420042804e-07, 9.47312557287e-08, 7.51439088731e-08, 4.98682766192e-08, 3.53288278632e-08, 1.43602179037e-08],
        "dmean2": [2.62695521087e-05, 8.79637227627e-05, 8.73052485986e-05, 8.15220337245e-05, 7.59157992434e-05, 0.000107851476059, 0.000102070531284, 5.22518712387e-05, 6.89127555233e-05, 6.41896258458e-05, 0.000123792633531, 7.05699349055e-05, 3.0828970921e-05, 6.54211107758e-05, 0.000122836310766, 8.46324619488e-05, 3.77673131879e-05, 3.37302080879e-05, 1.55097714014e-05, 1.09001703095e-05, 3.55693418896e-06, 7.11236270945e-06, 6.85742315909e-06, 7.08081688572e-06, 7.47402555135e-06, 4.64112099507e-06, 1.47283310525e-06, 1.41669590903e-06, 6.02323382282e-07, 4.62528532807e-07, 5.5822459899e-07, 3.11890772764e-07, 2.77566925888e-07, 2.3843767849e-07, 1.62951238281e-07, 1.40120093306e-07, 1.18167903906e-07, 7.82836337976e-08, 5.48144711843e-08, 2.05893382343e-08],
        "dvar": [5.40539879523e-09, 1.63266193454e-07, 2.75897225066e-08, 1.25261125916e-08, 1.45606104951e-08, 2.72067879337e-08, 4.65465639365e-08, 1.27850841025e-08, 3.84954361721e-08, 3.73857567126e-08, 9.41537550148e-08, 3.17862252075e-08, 6.1256417716e-09, 3.16794874777e-08, 1.23339788161e-07, 1.18513504788e-07, 1.9624510017e-08, 2.14363247153e-08, 3.52840023865e-09, 9.48959688607e-10, 9.48315870275e-11, 5.50684331468e-10, 4.63168586817e-10, 3.46958628494e-10, 3.79016512619e-10, 1.41123154829e-10, 1.26638690853e-11, 2.80915429807e-11, 3.50671445007e-12, 1.84779275214e-12, 3.13100977437e-12, 8.63548924208e-13, 5.4723012146e-13, 3.39179585026e-13, 2.3322335274e-13, 2.41463668721e-13, 2.13008592969e-13, 1.4829699697e-13, 7.34585799849e-14, 7.59479386661e-15],
        "dvar2": [1.05791597704e-08, 2.15143273863e-07, 7.55648699169e-08, 3.26131690542e-08, 2.40843913701e-08, 5.53890373567e-08, 8.11758340546e-08, 2.24312959318e-08, 8.62440572291e-08, 6.73625066838e-08, 1.96694088572e-07, 5.61275328437e-08, 1.13565423732e-08, 7.02622529047e-08, 2.84868804101e-07, 3.13642061656e-07, 4.07526705715e-08, 4.29593107754e-08, 7.1047483452e-09, 2.5435855644e-09, 2.32281402446e-10, 1.35574629301e-09, 1.22915688738e-09, 7.3078021412e-10, 9.17305675863e-10, 3.43361117316e-10, 3.2754618462e-11, 7.78235462184e-11, 9.21602811427e-12, 4.91548078282e-12, 7.03771112567e-12, 2.20341973833e-12, 1.3109605632e-12, 8.20126030889e-13, 4.33658154959e-13, 3.78924024319e-13, 5.18837739698e-13, 3.53306766438e-13, 1.32338625193e-13, 1.44416508645e-14],
        "max": [0.00391466636211, 0.0298764053732, 0.00571004487574, 0.00542643945664, 0.0103133637458, 0.00613204948604, 0.012091293931, 0.00494600180537, 0.00614909594879, 0.00687691383064, 0.0117751415819, 0.00490291323513, 0.00215454213321, 0.00637209555134, 0.0110148582608, 0.0154087822884, 0.00634452654049, 0.0070592854172, 0.00293657742441, 0.00102835171856, 0.000336903030984, 0.00127993908245, 0.000855319784023, 0.000520080386195, 0.000547163013835, 0.000371221482055, 8.43602028908e-05, 0.000159511022503, 6.58229182591e-05, 3.53373943653e-05, 7.52747291699e-05, 3.21849875036e-05, 2.24140785576e-05, 1.70458897628e-05, 3.67716202163e-05, 4.32414817624e-05, 3.28321330016e-05, 2.63763085968e-05, 2.06107597478e-05, 5.03368028149e-06],
        "mean": [8.66236005095e-05, 0.000443886907306, 0.000179602589924, 0.0001151118704, 0.000177733949386, 0.000279994914308, 0.000285591610009, 9.13204639801e-05, 8.86908528628e-05, 9.08898146008e-05, 0.000203884526854, 0.000105176848592, 4.09706226492e-05, 7.95431333245e-05, 0.000175807974301, 0.000100995290268, 4.46824524261e-05, 3.57479802915e-05, 1.71684096131e-05, 1.08002232082e-05, 4.28274142905e-06, 7.74125237513e-06, 7.58963869885e-06, 9.0542680482e-06, 1.06586940092e-05, 5.91106027059e-06, 1.95347820409e-06, 1.8575572085e-06, 9.59188582783e-07, 6.94020116043e-07, 1.08189374259e-06, 4.96384586768e-07, 4.36632944911e-07, 3.88208945878e-07, 2.89738608217e-07, 2.31158281849e-07, 1.72887197891e-07, 1.26032958292e-07, 9.75424967464e-08, 4.92177960609e-08],
        "median": [3.05483845295e-05, 5.3667507018e-05, 7.16390859452e-05, 4.77246903756e-05, 7.28539962438e-05, 9.49971727096e-05, 4.64588374598e-05, 1.83757965715e-05, 1.32837967612e-05, 1.13498390419e-05, 1.18546959129e-05, 5.87521117268e-06, 3.36121343025e-06, 3.13845612254e-06, 2.74098556474e-06, 1.67962537034e-06, 8.04256444553e-07, 5.32774720341e-07, 3.529343644e-07, 2.14454331626e-07, 1.20365896805e-07, 1.29232034851e-07, 1.28747032591e-07, 1.04463317996e-07, 7.01724260921e-08, 4.22298356284e-08, 4.27781152723e-08, 1.63412714471e-08, 7.58482165963e-09, 3.96608701436e-09, 4.75209072093e-09, 4.08871603241e-09, 3.75741349146e-09, 5.58291857189e-09, 4.07598887975e-09, 4.35692237843e-09, 2.8283109188e-09, 1.74924841279e-09, 1.05498865199e-09, 7.39612759926e-10],
        "min": [1.17415713741e-24, 1.10953996294e-24, 1.08935567478e-24, 1.87329753922e-24, 1.83408543299e-24, 2.26463348772e-24, 1.60284209989e-24, 2.48337081167e-24, 1.60358343193e-24, 1.73177727333e-24, 2.35011484984e-24, 3.27228417614e-24, 3.24709762237e-24, 1.90811647907e-24, 2.79510852546e-24, 2.43667024608e-24, 3.44890224421e-24, 4.02205505135e-24, 2.8545418977e-24, 3.26470835044e-24, 2.97337472117e-24, 4.72074876068e-24, 3.80275842502e-24, 2.91959373453e-24, 4.65612409203e-24, 2.48212145321e-24, 3.5545875174e-24, 5.08535948221e-24, 5.16863124493e-24, 5.84586202118e-24, 6.09953720576e-24, 4.83451473055e-24, 4.68670191844e-24, 5.75963400221e-24, 5.90830233398e-24, 5.32265712554e-24, 6.24104149722e-24, 5.9373079606e-24, 5.26138906004e-24, 5.84820848794e-24],
        "var": [4.50872832403e-08, 1.62943786108e-06, 1.19451897262e-07, 4.55119320009e-08, 1.57380426913e-07, 2.56282902455e-07, 5.79042364279e-07, 6.29452969747e-08, 8.83851001277e-08, 8.80804904568e-08, 4.23888451451e-07, 9.34707173883e-08, 1.83830586309e-08, 7.85852094509e-08, 4.84173312998e-07, 4.77117112041e-07, 5.08539024224e-08, 3.77583724287e-08, 8.25332691079e-09, 1.84377668688e-09, 2.50193532558e-10, 1.16700804575e-09, 9.99399007995e-10, 9.26139442914e-10, 1.27164057062e-09, 4.05576155993e-10, 4.28725561996e-11, 9.73673017213e-11, 1.79533835715e-11, 8.32432039966e-12, 2.56165939155e-11, 3.42093280786e-12, 2.6979221808e-12, 1.70933623159e-12, 1.26639855286e-12, 1.35387751357e-12, 7.70724033639e-13, 3.95699749009e-13, 2.87844346882e-13, 6.34711467412e-14]
    },
    "mfcc": {
        "mean": [-803.167785645, 180.649398804, 6.25201702118, 2.31001830101, -1.08601212502, -4.40823507309, -3.11768651009, 5.42047739029, -15.7155294418, -0.540547966957, 0.0186894647777, -2.40708708763, -2.13647890091],
        "cov": [[11730.7763672, -1706.72106934, -2529.06176758, -54.517414093, -342.037628174, 82.2097473145, -17.9348125458, 572.465148926, -555.588623047, 69.4195632935, 160.667633057, -159.344726562, -252.863693237], [-1706.72106934, 2136.77954102, 521.47265625, -233.827331543, 54.8635406494, -44.3668518066, 0.835314691067, -154.858398438, 33.6801872253, -139.53868103, -76.7498016357, 30.2020835876, 59.0429611206], [-2529.06176758, 521.47265625, 1171.37414551, 98.1446075439, 7.6930103302, 98.1662139893, 72.5509109497, -168.244628906, 182.584152222, -37.2145881653, -37.2625427246, 63.1654205322, 61.8926506042], [-54.517414093, -233.827331543, 98.1446075439, 362.966430664, 99.1416320801, -3.80766630173, 5.76463603973, 3.15894007683, 42.995464325, 41.7680854797, -6.53643655777, -21.6311340332, 30.6745910645], [-342.037628174, 54.8635406494, 7.6930103302, 99.1416320801, 326.046966553, 4.48352575302, -36.2801132202, 35.6374473572, 30.7648963928, 94.63722229, -35.8143692017, -28.1237983704, -11.6153450012], [82.2097473145, -44.3668518066, 98.1662139893, -3.80766630173, 4.48352575302, 280.402160645, 127.830360413, -9.62095832825, 58.6540718079, -39.6303901672, 35.861946106, 26.6868572235, -25.8524971008], [-17.9348125458, 0.835314691067, 72.5509109497, 5.76463603973, -36.2801132202, 127.830360413, 271.46081543, 54.6609420776, -28.7453422546, -34.0209236145, 35.6711883545, 17.5522994995, -35.2488174438], [572.465148926, -154.858398438, -168.244628906, 3.15894007683, 35.6374473572, -9.62095832825, 54.6609420776, 232.780853271, -98.2804107666, 29.066242218, 29.3140544891, -32.4364051819, -32.7198181152], [-555.588623047, 33.6801872253, 182.584152222, 42.995464325, 30.7648963928, 58.6540718079, -28.7453422546, -98.2804107666, 263.290649414, 10.4518299103, -42.3986701965, 13.7404222488, 37.502658844], [69.4195632935, -139.53868103, -37.2145881653, 41.7680854797, 94.63722229, -39.6303901672, -34.0209236145, 29.066242218, 10.4518299103, 157.693145752, 7.12685251236, -23.5081386566, -7.44413518906], [160.667633057, -76.7498016357, -37.2625427246, -6.53643655777, -35.8143692017, 35.861946106, 35.6711883545, 29.3140544891, -42.3986701965, 7.12685251236, 150.567886353, 32.7509346008, -13.1445121765], [-159.344726562, 30.2020835876, 63.1654205322, -21.6311340332, -28.1237983704, 26.6868572235, 17.5522994995, -32.4364051819, 13.7404222488, -23.5081386566, 32.7509346008, 117.144515991, 36.9975738525], [-252.863693237, 59.0429611206, 61.8926506042, 30.6745910645, -11.6153450012, -25.8524971008, -35.2488174438, -32.7198181152, 37.502658844, -7.44413518906, -13.1445121765, 36.9975738525, 140.00668335]],
