{
"lowlevel": {
    "average_loudness": 0.166687771678,
    "barkbands_crest": {
        "dmean": 2.13296055794,
        "dmean2": 3.40176677704,
        "dvar": 4.68085241318,
        "dvar2": 11.7070541382,
        "max": 26.86378479,
        "mean": 10.3939189911,
        "median": 9.51796150208,
        "min": 2.55884981155,
        "var": 18.9606552124
    },
    "barkbands_flatness_db": {
        "dmean": 0.0172639898956,
        "dmean2": 0.0257945749909,
        "dvar": 0.000332831463311,
        "dvar2": 0.000698958407156,
        "max": 0.455523490906,
        "mean": 0.166550710797,
        "median": 0.158306524158,
        "min": 0.0194330774248,
        "var": 0.00442600529641
    },
    "barkbands_kurtosis": {
        "dmean": 2.90477085114,
        "dmean2": 4.46689414978,
        "dvar": 108.513504028,
        "dvar2": 240.314056396,
        "max": 671.466003418,
        "mean": 5.73619222641,
        "median": 1.57600474358,
        "min": -1.95843946934,
        "var": 255.509292603
    },
    "barkbands_skewness": {
        "dmean": 0.489047080278,
        "dmean2": 0.721974611282,
        "dvar": 0.422594666481,
        "dvar2": 0.864763081074,
        "max": 24.0155220032,
        "mean": 1.48477447033,
        "median": 1.29626727104,
        "min": -11.1785831451,
        "var": 2.56270360947
    },
    "barkbands_spread": {
        "dmean": 4.2862329483,
        "dmean2": 6.49373197556,
        "dvar": 35.7608947754,
        "dvar2": 74.9874572754,
        "max": 109.450393677,
        "mean": 19.9380493164,
        "median": 17.6968822479,
        "min": 0.339806079865,
        "var": 184.792236328
    },
    "dissonance": {
        "dmean": 0.0184682644904,
        "dmean2": 0.030933028087,
        "dvar": 0.000402431760449,
        "dvar2": 0.0011036460055,
        "max": 0.500000059605,
        "mean": 0.457232803106,
        "median": 0.467744112015,
        "min": 0.168197646737,
        "var": 0.00132514617871
    },
    "dynamic_complexity": 7.04500150681,
    "erbbands_crest": {
        "dmean": 2.55151176453,
        "dmean2": 4.05399131775,
        "dvar": 6.93959474564,
        "dvar2": 16.1599464417,
        "max": 32.9997558594,
        "mean": 10.571313858,
        "median": 9.22620582581,
        "min": 2.41988134384,
        "var": 28.9486503601
    },
    "erbbands_flatness_db": {
        "dmean": 0.0153258545324,
        "dmean2": 0.0218152068555,
        "dvar": 0.000271956436336,
        "dvar2": 0.000510829559062,
        "max": 0.424771398306,
        "mean": 0.195094317198,
        "median": 0.187678784132,
        "min": 0.0326680019498,
        "var": 0.00368632213213
    },
    "erbbands_kurtosis": {
        "dmean": 1.08966207504,
        "dmean2": 1.65405499935,
        "dvar": 5.18811273575,
        "dvar2": 11.8153505325,
        "max": 84.7568130493,
        "mean": 1.04647982121,
        "median": -0.0366109609604,
        "min": -1.86847054958,
        "var": 13.8471307755
    },
    "erbbands_skewness": {
        "dmean": 0.345428854227,
        "dmean2": 0.515958666801,
        "dvar": 0.145857721567,
        "dvar2": 0.307890087366,
        "max": 7.87097549438,
        "mean": 0.283455461264,
        "median": 0.250729203224,
        "min": -6.49927854538,
        "var": 1.00355732441
    },
    "erbbands_spread": {
        "dmean": 6.50846004486,
        "dmean2": 9.71663475037,
        "dvar": 62.5044898987,
        "dvar2": 134.280151367,
        "max": 158.794342041,
        "mean": 34.0907554626,
        "median": 31.664691925,
        "min": 1.47999989986,
        "var": 337.868988037
    },
    "hfc": {
        "dmean": 3.00745368004,
        "dmean2": 4.15310430527,
        "dvar": 26.9010162354,
        "dvar2": 49.9349517822,
        "max": 138.740097046,
        "mean": 13.5916433334,
        "median": 6.68352794647,
        "min": 1.1466945428e-16,
        "var": 282.08807373
    },
    "melbands_crest": {
        "dmean": 2.78060340881,
        "dmean2": 4.44871854782,
        "dvar": 8.22870254517,
        "dvar2": 20.6492424011,
        "max": 34.1221199036,
        "mean": 14.3533420563,
        "median": 13.6924123764,
        "min": 2.21782374382,
        "var": 29.6135921478
    },
    "melbands_flatness_db": {
        "dmean": 0.0205242279917,
        "dmean2": 0.0300632640719,
        "dvar": 0.0005187165807,
        "dvar2": 0.0010242058197,
        "max": 0.615365684032,
        "mean": 0.22202436626,
        "median": 0.208000078797,
        "min": 0.00520156091079,
        "var": 0.00750004407018
    },
    "melbands_kurtosis": {
        "dmean": 5.59982299805,
        "dmean2": 8.59671211243,
        "dvar": 173.185913086,
        "dvar2": 381.746032715,
        "max": 653.407348633,
        "mean": 12.7005777359,
        "median": 6.0762181282,
        "min": -1.90101408958,
        "var": 435.794036865
    },
    "melbands_skewness": {
        "dmean": 0.626923024654,
        "dmean2": 0.933855652809,
        "dvar": 0.560246288776,
        "dvar2": 1.1875166893,
        "max": 17.1930675507,
        "mean": 2.46107077599,
        "median": 2.14688038826,
        "min": -5.2597951889,
        "var": 3.06814074516
    },
    "melbands_spread": {
        "dmean": 6.34484767914,
        "dmean2": 9.52068996429,
        "dvar": 127.743438721,
        "dvar2": 266.712982178,
        "max": 251.281936646,
        "mean": 24.5544109344,
        "median": 18.9515686035,
        "min": 0.330929517746,
        "var": 490.721038818
    },
    "pitch_salience": {
        "dmean": 0.0593697167933,
        "dmean2": 0.0956423580647,
        "dvar": 0.00339429546148,
        "dvar2": 0.00844123587012,
        "max": 0.856199681759,
        "mean": 0.531552314758,
        "median": 0.535893917084,
        "min": 0.0477399863303,
        "var": 0.0143745644018
    },
    "silence_rate_20dB": {
        "dmean": 0,
        "dmean2": 0,
        "dvar": 0,
        "dvar2": 0,
        "max": 1,
        "mean": 1,
        "median": 1,
        "min": 1,
        "var": 0
    },
    "silence_rate_30dB": {
        "dmean": 0.00234757084399,
        "dmean2": 0.00469544809312,
        "dvar": 0.00234166788869,
        "dvar2": 0.00610858434811,
        "max": 1,
        "mean": 0.997783005238,
        "median": 1,
        "min": 0,
        "var": 0.00221179798245
    },
    "silence_rate_60dB": {
        "dmean": 0.0326051525772,
        "dmean2": 0.0652145594358,
        "dvar": 0.0315462090075,
        "dvar2": 0.0681460499763,
        "max": 1,
        "mean": 0.309989571571,
        "median": 0,
        "min": 0,
        "var": 0.213904455304
    },
    "spectral_centroid": {
        "dmean": 216.636016846,
        "dmean2": 318.465820312,
        "dvar": 81730.625,
        "dvar2": 154214.25,
        "max": 10757.7119141,
        "mean": 1424.99987793,
        "median": 1309.43725586,
        "min": 132.20916748,
        "var": 664340.125
    },
    "spectral_complexity": {
        "dmean": 2.34170198441,
        "dmean2": 3.42911171913,
        "dvar": 9.1569185257,
        "dvar2": 16.5943145752,
        "max": 55,
        "mean": 13.8826942444,
        "median": 11,
        "min": 0,
        "var": 143.845413208
    },
    "spectral_decrease": {
        "dmean": 1.17422338519e-09,
        "dmean2": 1.73562741956e-09,
        "dvar": 5.15314496466e-18,
        "dvar2": 1.13196722065e-17,
        "max": 1.2854935967e-16,
        "mean": -4.19990575651e-09,
        "median": -2.34503394481e-09,
        "min": -5.31464792175e-08,
        "var": 2.56557511609e-17
    },
    "spectral_energy": {
        "dmean": 0.00462224148214,
        "dmean2": 0.00680223572999,
        "dvar": 7.72283528931e-05,
        "dvar2": 0.000167985010194,
        "max": 0.208569288254,
        "mean": 0.0170842204243,
        "median": 0.00961638242006,
        "min": 1.08574257019e-20,
        "var": 0.000414679583628
    },
    "spectral_energyband_high": {
        "dmean": 0.000163655888173,
        "dmean2": 0.000232126039919,
        "dvar": 1.51579669705e-07,
        "dvar2": 3.06284903218e-07,
        "max": 0.0178823769093,
        "mean": 0.00052213575691,
        "median": 9.57982847467e-05,
        "min": 7.62453648841e-21,
        "var": 9.46112606925e-07
    },
    "spectral_energyband_low": {
        "dmean": 0.00268503907137,
        "dmean2": 0.00416478607804,
        "dvar": 4.21373260906e-05,
        "dvar2": 9.47159423959e-05,
        "max": 0.140191286802,
        "mean": 0.00604167254642,
        "median": 0.00143015210051,
        "min": 7.52586493335e-23,
        "var": 0.000111136563646
    },
    "spectral_energyband_middle_high": {
        "dmean": 0.00126274104696,
        "dmean2": 0.00185382540803,
        "dvar": 6.12780149822e-06,
        "dvar2": 1.39345847856e-05,
        "max": 0.0713427737355,
        "mean": 0.00416929181665,
        "median": 0.0017104386352,
        "min": 1.55928866806e-21,
        "var": 3.40378792316e-05
    },
    "spectral_energyband_middle_low": {
        "dmean": 0.00262192310765,
        "dmean2": 0.00403015036136,
        "dvar": 3.57311764674e-05,
        "dvar2": 8.81439627847e-05,
        "max": 0.183226764202,
        "mean": 0.00757427839562,
        "median": 0.00353995314799,
        "min": 2.72920074299e-22,
        "var": 0.000118705589557
    },
    "spectral_entropy": {
        "dmean": 0.135039448738,
        "dmean2": 0.192522153258,
        "dvar": 0.025350721553,
        "dvar2": 0.0443778559566,
        "max": 9.80665206909,
        "mean": 7.24574327469,
        "median": 7.31766653061,
        "min": 4.77639722824,
        "var": 0.400375247002
    },
    "spectral_flux": {
        "dmean": 0.0145496325567,
        "dmean2": 0.0229688212276,
        "dvar": 0.000382477534004,
        "dvar2": 0.000874666206073,
        "max": 0.336545556784,
        "mean": 0.0531708486378,
        "median": 0.0401338227093,
        "min": 1.04821991365e-10,
        "var": 0.00216729636304
    },
    "spectral_kurtosis": {
        "dmean": 2.27355623245,
        "dmean2": 3.83701205254,
        "dvar": 11.9397954941,
        "dvar2": 33.036907196,
        "max": 108.625587463,
        "mean": 7.2992606163,
        "median": 4.60266780853,
        "min": -1.26037585735,
        "var": 83.7423171997
    },
    "spectral_rms": {
        "dmean": 0.000459215574665,
        "dmean2": 0.000653390656225,
        "dvar": 4.37029541445e-07,
        "dvar2": 8.78948469563e-07,
        "max": 0.0142647204921,
        "mean": 0.00334319216199,
        "median": 0.00306297838688,
        "min": 3.25462898819e-12,
        "var": 5.49067954125e-06
    },
    "spectral_rolloff": {
        "dmean": 398.320892334,
        "dmean2": 654.254699707,
        "dvar": 585604.6875,
        "dvar2": 1146578.125,
        "max": 21339.4042969,
        "mean": 1642.62683105,
        "median": 1162.79296875,
        "min": 86.1328125,
        "var": 4058797.25
    },
    "spectral_skewness": {
        "dmean": 0.245215311646,
        "dmean2": 0.396157592535,
        "dvar": 0.0789986476302,
        "dvar2": 0.200226783752,
        "max": 8.45919513702,
        "mean": 1.71007418633,
        "median": 1.46945762634,
        "min": -0.200003251433,
        "var": 0.866443157196
    },
    "spectral_spread": {
        "dmean": 360562.96875,
        "dmean2": 512273.53125,
        "dvar": 342153986048,
        "dvar2": 522818027520,
        "max": 42016544,
        "mean": 3869051.25,
        "median": 3665929.5,
        "min": 800980.125,
        "var": 2.89718455501e+12
    },
    "spectral_strongpeak": {
        "dmean": 0.416202247143,
        "dmean2": 0.705478668213,
        "dvar": 0.750617980957,
        "dvar2": 1.85571277142,
        "max": 16.1847953796,
        "mean": 0.804221391678,
        "median": 0.409979701042,
        "min": 0,
        "var": 1.38730823994
    },
    "zerocrossingrate": {
        "dmean": 0.00856506172568,
        "dmean2": 0.00959195289761,
        "dvar": 0.00017452040629,
        "dvar2": 0.000155704532517,
        "max": 0.7275390625,
        "mean": 0.0622477084398,
        "median": 0.052734375,
        "min": 0.00439453125,
        "var": 0.00367790204473
    },
    "barkbands": {
        "dmean": [0.000163124466781, 0.00137715355959, 0.00126352487132, 0.00114569137804, 0.000831463839859, 0.0005898992531, 0.000394423346734, 0.000447998492746, 0.000533063139301, 0.000380316370865, 0.000311752111884, 0.000433063891251, 0.000213617066038, 0.000183661424671, 0.000162013791851, 0.000170247905771, 0.000121619363199, 0.000125994483824, 0.000176358866156, 0.00013442200725, 4.74525222671e-05, 4.06437065976e-05, 2.98270515486e-05, 2.19809335249e-05, 1.05814551716e-05, 4.10506117987e-06, 1.63727946756e-07],
        "dmean2": [0.000219804132939, 0.00208675232716, 0.00210873992182, 0.00193176744506, 0.00130847434048, 0.000904338434339, 0.00060010276502, 0.000692187924869, 0.000836285762489, 0.000590822834056, 0.000478008267237, 0.000690536107868, 0.000331478484441, 0.000290023832349, 0.000253762729699, 0.000270011340035, 0.000189719736227, 0.000196205917746, 0.000271325290669, 0.000206986311241, 7.39662355045e-05, 6.29441274214e-05, 4.36325681221e-05, 3.11950207106e-05, 1.50029381984e-05, 6.01084411755e-06, 2.55998600096e-07],
        "dvar": [3.68303062714e-07, 1.39714602483e-05, 1.16890814752e-05, 1.80204060598e-05, 4.28960447607e-06, 2.81930329038e-06, 1.17012882583e-06, 1.87653324701e-06, 1.98958855435e-06, 1.35918787691e-06, 9.06784634935e-07, 2.2017009087e-06, 4.42949783519e-07, 2.79782227608e-07, 2.89689864985e-07, 6.70008660109e-07, 8.20072756369e-08, 6.90585792995e-08, 2.26302105943e-07, 9.55501207045e-08, 1.3528365983e-08, 1.48691272628e-08, 7.13188264001e-09, 6.30620178299e-09, 1.99300909109e-09, 6.37416674998e-10, 5.98572840599e-13],
        "dvar2": [6.00023270181e-07, 2.72097513516e-05, 3.2607546018e-05, 5.01292743138e-05, 1.08466947495e-05, 6.47245906293e-06, 2.711887646e-06, 4.74828220831e-06, 4.91333912578e-06, 3.35679806085e-06, 2.14661804421e-06, 5.51858192921e-06, 1.07499408841e-06, 6.48164245831e-07, 6.47638842111e-07, 1.63558115673e-06, 1.85805944852e-07, 1.63341198345e-07, 4.89037518037e-07, 2.20825185693e-07, 3.3140306499e-08, 3.57346472413e-08, 1.47243683912e-08, 1.09114743907e-08, 3.88461218748e-09, 1.09050812824e-09, 1.31376268371e-12],
        "max": [0.013217844069, 0.113338418305, 0.0531963631511, 0.102573037148, 0.0608949996531, 0.0713660940528, 0.0354857593775, 0.0314031392336, 0.0429603941739, 0.0296544227749, 0.0278213117272, 0.056369934231, 0.0194091461599, 0.013689818792, 0.0221857558936, 0.0356398895383, 0.00738090230152, 0.00578697538003, 0.0173710659146, 0.0105794128031, 0.00544527824968, 0.00409488985315, 0.00432086875662, 0.00395212508738, 0.002022131579, 0.00187460693996, 4.15091017203e-05],
        "mean": [0.000213903607801, 0.00228984979913, 0.00245270691812, 0.00182437407784, 0.00181061273906, 0.00119163258933, 0.00075701152673, 0.000742653326597, 0.000947627064306, 0.000678580952808, 0.000534158665687, 0.000795497209765, 0.000344557571225, 0.000319263141137, 0.00026190126664, 0.000300384359434, 0.000234558392549, 0.000280159380054, 0.000384250539355, 0.000349686655682, 0.000118692027172, 9.61588521022e-05, 7.17155562597e-05, 5.15406063641e-05, 2.42439255089e-05, 8.21925095806e-06, 2.41094426201e-07],
        "median": [6.30551767244e-06, 0.000510556041263, 0.000366275489796, 0.000145877274917, 0.000535955652595, 0.000325875880662, 0.000144373392686, 0.000109739485197, 0.000168467580806, 0.000114976304758, 4.30387590313e-05, 7.45519864722e-05, 4.39140276285e-05, 4.20463838964e-05, 4.5826054702e-05, 4.11070723203e-05, 5.66525523027e-05, 8.24555536383e-05, 6.69707224006e-05, 7.14669804438e-05, 1.44547630043e-05, 6.6240927481e-06, 7.17858438293e-06, 6.74721286487e-06, 2.44972648034e-06, 5.85521377161e-07, 2.05582217916e-08],
        "min": [2.47000829679e-24, 3.00509651422e-23, 1.9662293376e-23, 4.29849518394e-24, 4.61691383962e-23, 2.55832498278e-23, 5.28466345442e-23, 4.74810929677e-23, 5.01949985182e-23, 3.0368377527e-23, 7.72158511047e-23, 8.26358177728e-23, 7.32136252555e-23, 8.63755738216e-23, 7.70181499401e-23, 7.07609999032e-23, 1.93572329754e-22, 2.43996874174e-22, 1.89224204175e-22, 2.30886182634e-22, 3.20797443654e-22, 5.30994165016e-22, 8.05482368577e-22, 8.83733129459e-22, 8.28462177047e-22, 1.65427004541e-21, 2.09757332148e-21],
        "var": [6.58953126731e-07, 3.00272586173e-05, 2.07588800549e-05, 2.48010601354e-05, 1.16202954814e-05, 7.26741382095e-06, 3.37661799676e-06, 4.02938940169e-06, 4.68090320282e-06, 3.26237682202e-06, 2.23590154746e-06, 5.36619836566e-06, 8.55994414906e-07, 7.08490574652e-07, 4.9471333341e-07, 1.80409767836e-06, 2.08540086533e-07, 2.31144369423e-07, 6.92895412158e-07, 4.87124225401e-07, 6.13173014585e-08, 5.69535707484e-08, 2.62838266707e-08, 1.84156316863e-08, 5.31464694475e-09, 1.53734802666e-09, 1.23307917696e-12]
    },
    "erbbands": {
        "dmean": [0.0550065301359, 0.293672531843, 1.19534575939, 2.86852669716, 2.87484765053, 3.41828250885, 3.52767109871, 5.36779737473, 5.20649766922, 5.97758865356, 12.0794296265, 11.7653245926, 12.328502655, 12.4770154953, 10.3688220978, 17.713350296, 9.8453540802, 9.00059986115, 8.17113685608, 8.34975814819, 8.23214435577, 6.12188529968, 6.71981096268, 7.95360326767, 7.99472284317, 6.24902582169, 2.53627490997, 1.58319461346, 1.64480531216, 1.13097035885, 0.831350207329, 0.567454695702, 0.328724145889, 0.160951808095, 0.0562531128526, 0.0247851610184, 0.00630362285301, 0.000777114415541, 2.49049626291e-05, 5.71350619794e-06],
        "dmean2": [0.0786928981543, 0.481160253286, 2.00631976128, 4.77797317505, 4.8015370369, 5.3032913208, 5.53064680099, 8.20674419403, 7.85853528976, 9.13065052032, 18.6556968689, 18.4817962646, 19.2580604553, 19.2981147766, 15.8575801849, 27.8299999237, 15.282957077, 14.0305490494, 12.762421608, 13.0371322632, 12.7035770416, 9.40528488159, 10.367939949, 12.1821107864, 12.1572389603, 9.65371417999, 3.86896491051, 2.49936032295, 2.57331681252, 1.69017899036, 1.20943057537, 0.823736727238, 0.46713668108, 0.230342254043, 0.079555824399, 0.0353918634355, 0.00934904254973, 0.0011676568538, 3.68730143236e-05, 8.27418443805e-06],
        "dvar": [0.0348341427743, 0.541697800159, 10.4332780838, 81.5303115845, 97.4316711426, 76.1761016846, 72.008354187, 311.745666504, 191.434783936, 336.066558838, 1368.45227051, 1052.10083008, 1634.33642578, 1628.28564453, 956.919799805, 3982.89135742, 916.151367188, 583.778442383, 583.987243652, 1349.46948242, 1545.0135498, 208.290145874, 215.718307495, 636.797241211, 427.916992188, 220.102508545, 35.9439468384, 20.0108757019, 24.4619903564, 10.5103435516, 6.6918797493, 3.77221465111, 1.6589281559, 0.385757952929, 0.0782600343227, 0.0306405927986, 0.00104786548764, 1.50156147356e-05, 1.45714587063e-08, 1.21732748881e-10],
        "dvar2": [0.0608615726233, 1.33258140087, 29.513885498, 218.121734619, 274.855834961, 180.831176758, 180.517120361, 706.526000977, 435.363311768, 833.853027344, 3509.79882812, 2618.99291992, 4033.09179688, 3907.20849609, 2405.43969727, 9871.33496094, 2310.20532227, 1422.23669434, 1348.16711426, 2858.47265625, 3161.79760742, 479.014648438, 505.122497559, 1285.89501953, 1013.52026367, 509.085388184, 83.0485076904, 51.2510948181, 60.5790939331, 23.9273433685, 13.9153442383, 7.14840316772, 3.0492682457, 0.791019976139, 0.140607833862, 0.0480021685362, 0.00215381779708, 3.5087850847e-05, 3.00002760412e-08, 2.48577713968e-10],
        "max": [5.42237281799, 18.0704574585, 51.5247612, 169.828842163, 407.283233643, 240.037857056, 251.902114868, 877.813903809, 541.842712402, 604.422912598, 1017.54272461, 958.328796387, 1047.68200684, 1157.26013184, 757.643371582, 2652.95654297, 844.931274414, 683.874511719, 901.749328613, 1614.61010742, 1819.99133301, 413.341003418, 397.002655029, 1167.72705078, 991.992736816, 619.853149414, 216.828048706, 215.319641113, 183.364440918, 112.758964539, 170.520935059, 82.117767334, 59.7738456726, 23.6607933044, 17.7018947601, 14.8661680222, 1.6200979948, 0.135859727859, 0.00572390761226, 0.000349480018485],
        "mean": [0.0798197537661, 0.484936863184, 2.33185863495, 5.22507190704, 5.00353622437, 7.38504457474, 7.2847366333, 10.2104434967, 10.6795749664, 10.8388156891, 21.4058609009, 21.1679058075, 22.3434104919, 23.874464035, 19.2821063995, 33.7004966736, 18.0580463409, 16.7769145966, 15.1680135727, 14.7452688217, 15.5395956039, 13.2163991928, 15.1452035904, 17.8479747772, 19.8983898163, 16.4464015961, 6.96296977997, 3.87992143631, 3.72337722778, 2.64652633667, 1.95551478863, 1.30563926697, 0.74445015192, 0.359216570854, 0.127116695046, 0.0509019196033, 0.0118695907295, 0.00142109417357, 5.15602841915e-05, 2.23910465138e-05],
        "median": [0.0125801805407, 0.121167838573, 0.427795171738, 0.757181406021, 0.95888876915, 1.93958950043, 2.50061798096, 2.27929902077, 2.267182827, 2.2926466465, 3.68790888786, 4.02118444443, 4.37431287766, 3.07345271111, 2.6476252079, 3.70208382607, 3.13634347916, 3.42486047745, 3.12049722672, 2.46614789963, 2.92048501968, 3.90524125099, 4.82773399353, 3.55617403984, 4.30831718445, 3.27177166939, 1.17457616329, 0.424849927425, 0.260277837515, 0.225186496973, 0.202610105276, 0.166989803314, 0.0903598070145, 0.0361338965595, 0.0124609973282, 0.00394694227725, 0.000805866089649, 8.80415100255e-05, 1.04162227217e-05, 1.22908959383e-05],
        "min": [4.83766665586e-22, 8.07697520291e-21, 2.33973997777e-20, 3.19780980853e-20, 1.27871550298e-19, 1.2872990528e-19, 2.58789658492e-19, 9.90706787954e-20, 5.07261789806e-19, 1.21316707461e-18, 1.35965331647e-18, 1.31684775374e-18, 8.41607728111e-19, 2.0695250357e-18, 3.44474113501e-18, 2.67491970767e-18, 3.71373861585e-18, 3.91259035357e-18, 5.16600017856e-18, 4.60698076725e-18, 6.65612717459e-18, 9.58970584622e-18, 1.22755141459e-17, 1.45728527873e-17, 1.00876172898e-17, 1.14081424817e-17, 1.2550736988e-17, 1.83415869198e-17, 2.20166808982e-17, 1.76653965475e-17, 2.19961089163e-17, 1.71974538575e-17, 1.52537779414e-17, 9.7803585697e-18, 5.55260495813e-18, 5.67369634159e-18, 3.39060009597e-18, 1.22711313294e-18, 2.33893228114e-19, 3.23931553447e-20],
        "var": [0.0672961995006, 0.931214749813, 17.5642242432, 131.550064087, 127.073394775, 251.22517395, 193.293838501, 705.501464844, 597.071716309, 770.716186523, 3001.14208984, 2412.5480957, 3799.04174805, 4160.65039062, 2263.86425781, 10049.6660156, 1944.19641113, 1460.24816895, 1324.8302002, 2630.35595703, 3703.17675781, 579.426696777, 676.354553223, 1654.44445801, 1641.77307129, 1067.06774902, 188.649841309, 77.5421295166, 89.3106918335, 39.7752914429, 20.9131145477, 10.9574127197, 4.19651699066, 0.989767193794, 0.205856099725, 0.0750966742635, 0.00242451601662, 3.35704244208e-05, 3.70863162402e-08, 7.24195037272e-10]
    },
    "gfcc": {
        "mean": [-100.561210632, 98.8453979492, -132.605484009, 25.402765274, -59.2317619324, 0.763505399227, -37.6688957214, 7.66975784302, -27.6456394196, -5.0654835701, -9.51748561859, -5.72607183456, -8.5057258606],
        "cov": [[23943.0195312, 568.718505859, -1215.42211914, 3317.06176758, -1020.18029785, 1477.59997559, 296.133636475, 560.524230957, -294.585662842, 105.407264709, -102.585083008, -454.969299316, -317.104797363], [568.718505859, 2239.18725586, 238.776885986, 9.41216087341, 549.996704102, -165.886291504, 289.43157959, -115.688850403, 117.275001526, -116.168205261, 16.5502891541, -194.414657593, 57.328212738], [-1215.42211914, 238.776885986, 1364.12512207, 360.09362793, 384.530487061, 348.218811035, 160.520172119, 22.8221893311, 51.1878814697, 18.5081348419, -163.913757324, 38.7327423096, -46.6163825989], [3317.06176758, 9.41216087341, 360.09362793, 1341.49707031, 166.455383301, 428.759765625, 167.671203613, 66.3887252808, 34.9229278564, 14.4406309128, -108.967430115, -96.1355056763, -31.2214050293], [-1020.18029785, 549.996704102, 384.530487061, 166.455383301, 667.448669434, 84.0729217529, 197.855712891, 4.12184906006, 62.2841873169, -13.0614595413, -78.180847168, -52.8868789673, 26.1841392517], [1477.59997559, -165.886291504, 348.218811035, 428.759765625, 84.0729217529, 620.288330078, 246.561935425, 101.622627258, -34.2606506348, 42.3270111084, -37.8902053833, -50.308303833, -70.27003479], [296.133636475, 289.43157959, 160.520172119, 167.671203613, 197.855712891, 246.561935425, 403.6796875, 98.4526138306, 15.2459640503, 12.6756572723, -20.495136261, -68.3241424561, -32.2917556763], [560.524230957, -115.688850403, 22.8221893311, 66.3887252808, 4.12184906006, 101.622627258, 98.4526138306, 213.948364258, 25.7052173615, 13.2844953537, -16.9688949585, -16.2096443176, -13.9679737091], [-294.585662842, 117.275001526, 51.1878814697, 34.9229278564, 62.2841873169, -34.2606506348, 15.2459640503, 25.7052173615, 173.601455688, 48.3239517212, -28.1334590912, 0.171526446939, 24.1658477783], [105.407264709, -116.168205261, 18.5081348419, 14.4406309128, -13.0614595413, 42.3270111084, 12.6756572723, 13.2844953537, 48.3239517212, 137.036468506, 33.0096321106, 20.9238452911, -11.8301362991], [-102.585083008, 16.5502891541, -163.913757324, -108.967430115, -78.180847168, -37.8902053833, -20.495136261, -16.9688949585, -28.1334590912, 33.0096321106, 181.764572144, 26.3449993134, 9.46272754669], [-454.969299316, -194.414657593, 38.7327423096, -96.1355056763, -52.8868789673, -50.308303833, -68.3241424561, -16.2096443176, 0.171526446939, 20.9238452911, 26.3449993134, 153.361755371, 36.1856002808], [-317.104797363, 57.328212738, -46.6163825989, -31.2214050293, 26.1841392517, -70.27003479, -32.2917556763, -13.9679737091, 24.1658477783, -11.8301362991, 9.46272754669, 36.1856002808, 105.804031372]],
        "icov": [[0.000278275430901, -0.000596916477662, 0.000586423906498, -0.000708779785782, 0.000602903659455, -0.00068066327367, 0.000600135710556, -0.000857530103531, 0.000836743914988, -0.000782226736192, 0.000738520931918, -0.000501817790791, 0.000502352311742], [-0.000596916477662, 0.00220564985648, -0.00149426492862, 0.00153842312284, -0.00168215646408, 0.00197755265981, -0.00202790368348, 0.0024887137115, -0.00244827684946, 0.00251151295379, -0.00234910845757, 0.00220141583122, -0.00145197368693], [0.000586423906498, -0.00149426492862, 0.00251348200254, -0.00156524870545, 0.000737000373192, -0.0021701620426, 0.00156017206609, -0.00177633063868, 0.0016652882332, -0.00179843045771, 0.00249809888192, -0.00233722734265, 0.00182518351357], [-0.000708779785782, 0.00153842312284, -0.00156524870545, 0.00284896302037, -0.00160773587413, 0.00101879995782, -0.00139849411789, 0.00223131291568, -0.00238729710691, 0.00202151504345, -0.00158683944028, 0.00178965576924, -0.00156338873785], [0.000602903659455, -0.00168215646408, 0.000737000373192, -0.00160773587413, 0.0038070930168, -0.00129652244505, 0.000467960926471, -0.00170529424213, 0.00173003470991, -0.00194057705812, 0.00217907107435, -0.000766084005591, 0.000138133080327], [-0.00068066327367, 0.00197755265981, -0.0021701620426, 0.00101879995782, -0.00129652244505, 0.00526057602838, -0.00332584511489, 0.00180413387716, -0.00115221249871, 0.00133377639577, -0.00225485954434, 0.00206218403764, -0.000820548099], [0.000600135710556, -0.00202790368348, 0.00156017206609, -0.00139849411789, 0.000467960926471, -0.00332584511489, 0.00617973692715, -0.00360733899288, 0.00203617825173, -0.00222368747927, 0.00173715816345, -0.00102651794441, 0.00173934758641], [-0.000857530103531, 0.0024887137115, -0.00177633063868, 0.00223131291568, -0.00170529424213, 0.00180413387716, -0.00360733899288, 0.00877163559198, -0.00408809399232, 0.00307509535924, -0.0023388126865, 0.00214963033795, -0.00161394581664], [0.000836743914988, -0.00244827684946, 0.0016652882332, -0.00238729710691, 0.00173003470991, -0.00115221249871, 0.00203617825173, -0.00408809399232, 0.0109966360033, -0.00665635708719, 0.00427860207856, -0.00160410592798, -0.000337989709806], [-0.000782226736192, 0.00251151295379, -0.00179843045771, 0.00202151504345, -0.00194057705812, 0.00133377639577, -0.00222368747927, 0.00307509535924, -0.00665635708719, 0.0128613375127, -0.00509076705202, 0.000730492174625, 0.000356128817657], [0.000738520931918, -0.00234910845757, 0.00249809888192, -0.00158683944028, 0.00217907107435, -0.00225485954434, 0.00173715816345, -0.0023388126865, 0.00427860207856, -0.00509076705202, 0.0098659126088, -0.0030996655114, 0.000934494135436], [-0.000501817790791, 0.00220141583122, -0.00233722734265, 0.00178965576924, -0.000766084005591, 0.00206218403764, -0.00102651794441, 0.00214963033795, -0.00160410592798, 0.000730492174625, -0.0030996655114, 0.0112846773118, -0.00480291526765], [0.000502352311742, -0.00145197368693, 0.00182518351357, -0.00156338873785, 0.000138133080327, -0.000820548099, 0.00173934758641, -0.00161394581664, -0.000337989709806, 0.000356128817657, 0.000934494135436, -0.00480291526765, 0.0135012837127]]
    },
    "melbands": {
        "dmean": [0.000412718043663, 0.000514536572155, 0.000481947732624, 0.000209038058529, 0.000122199111502, 0.000116605398944, 8.0939506006e-05, 6.67610438541e-05, 0.000106305640657, 7.42281845305e-05, 6.14795571892e-05, 5.0097834901e-05, 3.55297524948e-05, 4.85838536406e-05, 3.58240467904e-05, 1.90992832358e-05, 1.84797590919e-05, 1.43154311445e-05, 1.14285821837e-05, 1.30529970193e-05, 9.64263745118e-06, 7.14537463864e-06, 6.97093264534e-06, 5.80928099225e-06, 7.34581544748e-06, 6.45077307126e-06, 6.11935365669e-06, 4.3517056838e-06, 1.94278368326e-06, 1.34044694278e-06, 9.04802732293e-07, 1.05794686078e-06, 7.9555462662e-07, 6.37958919469e-07, 5.20831918038e-07, 4.64119125354e-07, 3.34592101581e-07, 2.496786351e-07, 2.01207001282e-07, 1.29953278361e-07],
        "dmean2": [0.000599136925302, 0.00086238613585, 0.000803944596555, 0.000331938674208, 0.000191030369024, 0.000178236630745, 0.000122487763292, 0.000101878627902, 0.000164455297636, 0.000116681971122, 9.62596459431e-05, 7.76852903073e-05, 5.44237409486e-05, 7.63830248616e-05, 5.5775824876e-05, 2.96912239719e-05, 2.90286479867e-05, 2.24942523346e-05, 1.77614074346e-05, 2.07529974432e-05, 1.49099860209e-05, 1.1143240954e-05, 1.08607755465e-05, 9.03889394976e-06, 1.1370762877e-05, 9.97736515274e-06, 9.48747947405e-06, 6.83090229359e-06, 3.02151261167e-06, 2.1500695766e-06, 1.44783609812e-06, 1.68938061051e-06, 1.22605240449e-06, 9.69469624579e-07, 7.79124604833e-07, 6.90751619459e-07, 4.96482925882e-07, 3.67119980638e-07, 2.95703955544e-07, 1.92223055251e-07],
        "dvar": [1.56332919232e-06, 1.76802029728e-06, 2.43143472289e-06, 3.14263559176e-07, 7.72322152898e-08, 1.30111786234e-07, 4.59150442111e-08, 3.96575927653e-08, 1.01221132809e-07, 4.13739478233e-08, 4.09779126187e-08, 2.61033790139e-08, 1.10247100338e-08, 3.04511225124e-08, 1.58497712732e-08, 3.11238679274e-09, 2.76048939263e-09, 2.04984651475e-09, 1.72793879205e-09, 3.78796416456e-09, 1.6582386575e-09, 3.19741261245e-10, 2.29280233688e-10, 1.86394927271e-10, 6.40917985351e-10, 3.05776542975e-10, 2.11137926587e-10, 1.20551582605e-10, 2.24564637719e-11, 1.18451021561e-11, 7.23843207595e-12, 1.00993987479e-11, 6.13823748774e-12, 3.22231239087e-12, 2.63993601285e-12, 2.07245158534e-12, 1.40598015001e-12, 9.6715495855e-13, 7.09858387349e-13, 2.45367121803e-13],
        "dvar2": [2.79048708762e-06, 4.89230114908e-06, 6.65860579829e-06, 8.05783543001e-07, 1.94935921627e-07, 2.95739511103e-07, 1.04766961329e-07, 9.76326930413e-08, 2.5755721822e-07, 1.03859143508e-07, 1.01183061929e-07, 6.32852206195e-08, 2.66379505121e-08, 7.51703979063e-08, 3.94518835378e-08, 8.06069078152e-09, 6.64385835236e-09, 4.68095562312e-09, 3.65857011353e-09, 9.64920499058e-09, 3.28463367616e-09, 7.47476247565e-10, 5.23503518313e-10, 4.39889513704e-10, 1.29494015511e-09, 7.28833216002e-10, 4.98044827602e-10, 2.89708451673e-10, 5.30313813696e-11, 3.05583405802e-11, 1.91024383811e-11, 2.56911349833e-11, 1.49427883261e-11, 7.44095410288e-12, 5.75284438142e-12, 4.16680925874e-12, 2.79183468878e-12, 1.80907730202e-12, 1.56847679376e-12, 5.21697377139e-13],
        "max": [0.0377565063536, 0.0200798902661, 0.0384866110981, 0.0197539515793, 0.00729641085491, 0.0170372202992, 0.0081078633666, 0.00708238687366, 0.0091483797878, 0.00616261409596, 0.00516686309129, 0.0043053496629, 0.00233865715563, 0.00734432367608, 0.00396610796452, 0.00196168501861, 0.00146296049934, 0.00187363824807, 0.00192057923414, 0.00228834431618, 0.00168583192863, 0.000587512273341, 0.000451135128969, 0.000380503508495, 0.00121040851809, 0.000880419509485, 0.000402994890464, 0.000501241884194, 0.000165856487001, 0.000164363809745, 0.000116018534754, 0.000113993453851, 9.88223328022e-05, 5.93663826294e-05, 0.000104677128547, 6.13015145063e-05, 4.92718536407e-05, 4.4977554353e-05, 3.50447517121e-05, 1.70525981957e-05],
        "mean": [0.000660058460198, 0.00103014882188, 0.00089449272491, 0.00044243974844, 0.000268716103164, 0.000229339508223, 0.000165011995705, 0.000117660580145, 0.000186024335562, 0.000130504908157, 0.000107419400592, 9.29095258471e-05, 6.17369514657e-05, 8.83871980477e-05, 6.42153827357e-05, 3.16988007398e-05, 3.16729674523e-05, 2.47204861807e-05, 1.82849635166e-05, 2.27282180276e-05, 1.67995840457e-05, 1.3712389773e-05, 1.42131029861e-05, 1.20996046462e-05, 1.47000791912e-05, 1.42778972076e-05, 1.44481855386e-05, 1.01415243989e-05, 4.65727816845e-06, 3.0103797144e-06, 1.89904176295e-06, 2.19373850996e-06, 1.69336090039e-06, 1.38572863762e-06, 1.12879661174e-06, 1.00512306744e-06, 7.04568321908e-07, 5.3520233223e-07, 4.0572174953e-07, 2.72676402346e-07],
        "median": [0.000135234338813, 0.000227332944633, 0.000150682099047, 0.000109452957986, 9.41659527598e-05, 5.50477998331e-05, 3.45562802977e-05, 2.2247164452e-05, 2.86247013719e-05, 2.40828467213e-05, 1.85794997378e-05, 9.94105903374e-06, 6.01817737333e-06, 8.97294012248e-06, 6.83173675498e-06, 4.7725134209e-06, 4.74267790196e-06, 3.79402536055e-06, 3.13868599733e-06, 2.70001237368e-06, 3.02821126752e-06, 3.17048329634e-06, 4.20162177761e-06, 3.34876040142e-06, 2.25907569984e-06, 2.66799315796e-06, 2.75791126114e-06, 1.74805336428e-06, 6.96196423178e-07, 3.29826093548e-07, 1.58104342063e-07, 1.24084877484e-07, 1.17990921922e-07, 1.15893755037e-07, 1.11640375167e-07, 1.08880335858e-07, 8.93476794772e-08, 6.4709482217e-08, 4.24966053458e-08, 2.41786306532e-08],
        "min": [8.32204709886e-24, 1.2800539831e-23, 7.44867789145e-24, 8.11909290947e-24, 7.628452192e-24, 2.75978865893e-24, 8.83046716342e-24, 1.27320367277e-23, 1.06788747606e-23, 7.37919581178e-24, 4.13222697095e-24, 7.85666886302e-24, 1.06065354267e-23, 1.00186289485e-23, 3.90518294166e-24, 7.20220303478e-24, 7.10628543731e-24, 8.593541468e-24, 5.06332975257e-24, 4.22906122478e-24, 9.36030795699e-24, 1.03256338913e-23, 7.79950011322e-24, 1.38041065865e-23, 1.13602644115e-23, 6.21948468969e-24, 9.09608925198e-24, 6.10785022198e-24, 8.84540818896e-24, 7.08435115984e-24, 1.10318276956e-23, 1.24298020268e-23, 5.94053874044e-24, 1.18294165579e-23, 1.29012529139e-23, 9.82730177997e-24, 1.05365177105e-23, 1.0538301325e-23, 9.73124928729e-24, 7.79035011558e-24],
        "var": [3.29167687596e-06, 3.11870940095e-06, 3.6821663798e-06, 7.7831202816e-07, 2.31058905342e-07, 3.12361436272e-07, 1.43372332673e-07, 9.32138135568e-08, 2.26112078394e-07, 9.56075254521e-08, 9.430231529e-08, 6.47851550184e-08, 2.55087861945e-08, 7.19896959822e-08, 3.94229964229e-08, 6.06004935122e-09, 6.63734667228e-09, 4.58668170111e-09, 3.02947844588e-09, 1.04992210481e-08, 3.62440322199e-09, 7.80153441848e-10, 6.53881671031e-10, 5.15137654755e-10, 1.4598746656e-09, 1.00894126387e-09, 8.70291005928e-10, 4.61313709454e-10, 9.69896385428e-11, 4.27184052021e-11, 2.17986080575e-11, 3.27379720555e-11, 1.92656151449e-11, 1.10930119257e-11, 7.46631836218e-12, 5.94905591803e-12, 3.58837590718e-12, 2.31782323369e-12, 1.36611642138e-12, 6.0806042276e-13]
    },
    "mfcc": {
        "mean": [-732.007568359, 121.04410553, -10.8499832153, 20.5735988617, -1.35287320614, -8.69753742218, 0.580001831055, 1.4990067482, -9.29080867767, 2.15308570862, -6.56592845917, -2.55784845352, -2.40244054794],
        "cov": [[19640.4882812, -448.276763916, -253.130859375, 1522.25817871, -139.876846313, 859.549072266, 865.999755859, 505.889984131, 190.61895752, 533.751831055, 256.945281982, 157.316589355, -1.28644990921], [-448.276763916, 1933.53845215, -33.0833740234, 92.0732727051, 192.833694458, -4.61362409592, 84.4791793823, -4.29581642151, 80.9944381714, 14.6634283066, 29.0537605286, -21.7383842468, -39.6983680725], [-253.130859375, -33.0833740234, 1025.82824707, 236.718109131, 197.949035645, 385.963134766, 136.075714111, 131.050018311, 183.05078125, 0.0344432257116, 76.9597930908, 23.4488506317, -26.1401367188], [1522.25817871, 92.0732727051, 236.718109131, 797.928222656, 293.877227783, 292.365661621, 120.516090393, 102.002464294, 172.954055786, 59.6477355957, 35.7348442078, -11.9542474747, 23.3123645782], [-139.876846313, 192.833694458, 197.949035645, 293.877227783, 424.484588623, 199.556869507, 67.5242614746, 62.2468032837, 117.502182007, 48.4713897705, -3.30702471733, -24.1916484833, -5.76596212387], [859.549072266, -4.61362409592, 385.963134766, 292.365661621, 199.556869507, 532.284851074, 236.42376709, 122.576416016, 180.674133301, 59.0068664551, 118.675544739, 2.60273122787, -37.3105163574], [865.999755859, 84.4791793823, 136.075714111, 120.516090393, 67.5242614746, 236.42376709, 417.272094727, 166.015914917, 83.0238876343, 103.344612122, 72.7796554565, 50.7827224731, -45.5114974976], [505.889984131, -4.29581642151, 131.050018311, 102.002464294, 62.2468032837, 122.576416016, 166.015914917, 215.512329102, 121.390045166, 56.7370529175, 40.8891944885, 3.15116620064, -9.07828235626], [190.61895752, 80.9944381714, 183.05078125, 172.954055786, 117.502182007, 180.674133301, 83.0238876343, 121.390045166, 271.68460083, 75.8856048584, 61.8408432007, -8.5426235199, -29.2588119507], [533.751831055, 14.6634283066, 0.0344432257116, 59.6477355957, 48.4713897705, 59.0068664551, 103.344612122, 56.7370529175, 75.8856048584, 200.750793457, 58.6621589661, 12.3041248322, -37.7857055664], [256.945281982, 29.0537605286, 76.9597930908, 35.7348442078, -3.30702471733, 118.675544739, 72.7796554565, 40.8891944885, 61.8408432007, 58.6621589661, 145.874938965, 37.0136528015, -5.37954139709], [157.316589355, -21.7383842468, 23.4488506317, -11.9542474747, -24.1916484833, 2.60273122787, 50.7827224731, 3.15116620064, -8.5426235199, 12.3041248322, 37.0136528015, 123.221244812, 36.7291679382], [-1.28644990921, -39.6983680725, -26.1401367188, 23.3123645782, -5.76596212387, -37.3105163574, -45.5114974976, -9.07828235626, -29.2588119507, -37.7857055664, -5.37954139709, 36.7291679382, 120.951423645]],
