{
"lowlevel": {
    "average_loudness": 0.497659146786,
    "barkbands_crest": {
        "dmean": 2.06341028214,
        "dmean2": 3.30668735504,
        "dvar": 4.80692577362,
        "dvar2": 12.1083059311,
        "max": 25.6980724335,
        "mean": 10.1371221542,
        "median": 9.03122520447,
        "min": 2.7039411068,
        "var": 20.5288734436
    },
    "barkbands_flatness_db": {
        "dmean": 0.0161923952401,
        "dmean2": 0.0245894733816,
        "dvar": 0.00034139957279,
        "dvar2": 0.000778894929681,
        "max": 0.433304220438,
        "mean": 0.160738110542,
        "median": 0.140131592751,
        "min": 0.0299016628414,
        "var": 0.00453511346132
    },
    "barkbands_kurtosis": {
        "dmean": 2.79314255714,
        "dmean2": 4.29562807083,
        "dvar": 44.5903587341,
        "dvar2": 95.6543655396,
        "max": 217.337310791,
        "mean": 6.41832208633,
        "median": 1.07719087601,
        "min": -1.89606440067,
        "var": 283.808074951
    },
    "barkbands_skewness": {
        "dmean": 0.445118278265,
        "dmean2": 0.672226548195,
        "dvar": 0.332153111696,
        "dvar2": 0.713790476322,
        "max": 12.5256204605,
        "mean": 1.08250057697,
        "median": 0.993135690689,
        "min": -8.26290893555,
        "var": 3.78123688698
    },
    "barkbands_spread": {
        "dmean": 4.02551317215,
        "dmean2": 6.18497419357,
        "dvar": 48.1825332642,
        "dvar2": 114.052238464,
        "max": 142.163894653,
        "mean": 19.0368881226,
        "median": 17.3238449097,
        "min": 0.749131023884,
        "var": 189.897201538
    },
    "dissonance": {
        "dmean": 0.0204986799508,
        "dmean2": 0.0346554927528,
        "dvar": 0.000437352253357,
        "dvar2": 0.0011869877344,
        "max": 0.5,
        "mean": 0.452354997396,
        "median": 0.466238319874,
        "min": 0.169540077448,
        "var": 0.00198465236463
    },
    "dynamic_complexity": 6.39719343185,
    "erbbands_crest": {
        "dmean": 2.39918065071,
        "dmean2": 3.82392501831,
        "dvar": 5.86434650421,
        "dvar2": 14.4977436066,
        "max": 28.7344856262,
        "mean": 10.2893629074,
        "median": 9.31929588318,
        "min": 2.06900191307,
        "var": 20.8100147247
    },
    "erbbands_flatness_db": {
        "dmean": 0.0139787839726,
        "dmean2": 0.0202640034258,
        "dvar": 0.000219195295358,
        "dvar2": 0.000423543708166,
        "max": 0.402942627668,
        "mean": 0.184526711702,
        "median": 0.180007398129,
        "min": 0.0149553436786,
        "var": 0.00269959215075
    },
    "erbbands_kurtosis": {
        "dmean": 0.876735389233,
        "dmean2": 1.37689816952,
        "dvar": 2.15656089783,
        "dvar2": 5.16435813904,
        "max": 56.7954902649,
        "mean": 0.983169972897,
        "median": 0.251334547997,
        "min": -1.89851403236,
        "var": 7.55719041824
    },
    "erbbands_skewness": {
        "dmean": 0.300837278366,
        "dmean2": 0.453445762396,
        "dvar": 0.0984476059675,
        "dvar2": 0.21162904799,
        "max": 6.33250999451,
        "mean": 0.325218051672,
        "median": 0.322702825069,
        "min": -2.41401982307,
        "var": 0.747890353203
    },
    "erbbands_spread": {
        "dmean": 5.62656736374,
        "dmean2": 8.53226852417,
        "dvar": 58.1972084045,
        "dvar2": 116.062927246,
        "max": 191.34928894,
        "mean": 30.1391963959,
        "median": 26.871131897,
        "min": 2.86277532578,
        "var": 294.401153564
    },
    "hfc": {
        "dmean": 2.527312994,
        "dmean2": 3.73546266556,
        "dvar": 17.0212306976,
        "dvar2": 35.9972457886,
        "max": 99.9799880981,
        "mean": 15.8709964752,
        "median": 10.5240707397,
        "min": 1.1418905425e-16,
        "var": 304.918121338
    },
    "melbands_crest": {
        "dmean": 2.73982477188,
        "dmean2": 4.4017701149,
        "dvar": 9.23348903656,
        "dvar2": 22.8924617767,
        "max": 36.9628791809,
        "mean": 13.5067358017,
        "median": 12.3883342743,
        "min": 2.13873815536,
        "var": 31.8025169373
    },
    "melbands_flatness_db": {
        "dmean": 0.0192092657089,
        "dmean2": 0.0284866243601,
        "dvar": 0.000564722227864,
        "dvar2": 0.00123827718198,
        "max": 0.546525537968,
        "mean": 0.211952105165,
        "median": 0.191684395075,
        "min": 0.00575304217637,
        "var": 0.00854692235589
    },
    "melbands_kurtosis": {
        "dmean": 4.66617107391,
        "dmean2": 7.29197120667,
        "dvar": 145.172958374,
        "dvar2": 314.006317139,
        "max": 617.525390625,
        "mean": 9.39311313629,
        "median": 3.59511232376,
        "min": -1.677085042,
        "var": 404.100982666
    },
    "melbands_skewness": {
        "dmean": 0.538997173309,
        "dmean2": 0.831057190895,
        "dvar": 0.514090299606,
        "dvar2": 1.1715477705,
        "max": 17.5688781738,
        "mean": 1.98089933395,
        "median": 1.6362401247,
        "min": -1.3923279047,
        "var": 2.65107774734
    },
    "melbands_spread": {
        "dmean": 5.57343292236,
        "dmean2": 8.54402542114,
        "dvar": 73.8746185303,
        "dvar2": 166.670455933,
        "max": 240.952560425,
        "mean": 26.9038524628,
        "median": 21.7320976257,
        "min": 0.622579395771,
        "var": 614.422668457
    },
    "pitch_salience": {
        "dmean": 0.0598559491336,
        "dmean2": 0.0964801236987,
        "dvar": 0.003954120446,
        "dvar2": 0.00997192692012,
        "max": 0.888336539268,
        "mean": 0.530780315399,
        "median": 0.538525819778,
        "min": 0.0865542590618,
        "var": 0.0151023473591
    },
    "silence_rate_20dB": {
        "dmean": 0,
        "dmean2": 0,
        "dvar": 0,
        "dvar2": 0,
        "max": 1,
        "mean": 1,
        "median": 1,
        "min": 1,
        "var": 0
    },
    "silence_rate_30dB": {
        "dmean": 0,
        "dmean2": 0,
        "dvar": 0,
        "dvar2": 0,
        "max": 1,
        "mean": 1,
        "median": 1,
        "min": 1,
        "var": 0
    },
    "silence_rate_60dB": {
        "dmean": 0.0141562148929,
        "dmean2": 0.0283159464598,
        "dvar": 0.0139551563188,
        "dvar2": 0.0322338752449,
        "max": 1,
        "mean": 0.300595968962,
        "median": 0,
        "min": 0,
        "var": 0.210215985775
    },
    "spectral_centroid": {
        "dmean": 187.623077393,
        "dmean2": 280.512176514,
        "dvar": 56699.7851562,
        "dvar2": 116661.5625,
        "max": 10917.3037109,
        "mean": 1403.24975586,
        "median": 1320.55371094,
        "min": 169.481628418,
        "var": 927502.3125
    },
    "spectral_complexity": {
        "dmean": 2.06755256653,
        "dmean2": 3.26552414894,
        "dvar": 5.8533577919,
        "dvar2": 13.2281837463,
        "max": 54,
        "mean": 15.6646385193,
        "median": 15,
        "min": 0,
        "var": 142.401077271
    },
    "spectral_decrease": {
        "dmean": 9.83940928734e-10,
        "dmean2": 1.52324963754e-09,
        "dvar": 4.39681402594e-18,
        "dvar2": 1.0383793444e-17,
        "max": 7.04277389221e-17,
        "mean": -4.12296818908e-09,
        "median": -3.28137983452e-09,
        "min": -2.99022708816e-08,
        "var": 1.69967980389e-17
    },
    "spectral_energy": {
        "dmean": 0.00383736891672,
        "dmean2": 0.00593207264319,
        "dvar": 6.36371987639e-05,
        "dvar2": 0.000150266394485,
        "max": 0.117116197944,
        "mean": 0.0170005783439,
        "median": 0.0134875401855,
        "min": 1.07256979972e-20,
        "var": 0.00028210747405
    },
    "spectral_energyband_high": {
        "dmean": 0.000158451817697,
        "dmean2": 0.000231154408539,
        "dvar": 1.71829981355e-07,
        "dvar2": 3.24185293721e-07,
        "max": 0.0115809645504,
        "mean": 0.000465090386569,
        "median": 0.00016096852778,
        "min": 7.36851439531e-21,
        "var": 6.09822052411e-07
    },
    "spectral_energyband_low": {
        "dmean": 0.00241112266667,
        "dmean2": 0.00390455825254,
        "dvar": 5.39421380381e-05,
        "dvar2": 0.000135416557896,
        "max": 0.0959352701902,
        "mean": 0.00428108358756,
        "median": 0.00197342969477,
        "min": 6.27791853573e-23,
        "var": 6.65857151034e-05
    },
    "spectral_energyband_middle_high": {
        "dmean": 0.00139504170511,
        "dmean2": 0.00215067598037,
        "dvar": 6.14113696429e-06,
        "dvar2": 1.52593420353e-05,
        "max": 0.0515532456338,
        "mean": 0.00601569097489,
        "median": 0.00268484838307,
        "min": 1.95978615523e-21,
        "var": 6.24011809123e-05
    },
    "spectral_energyband_middle_low": {
        "dmean": 0.0022427784279,
        "dmean2": 0.0035435364116,
        "dvar": 2.41477046075e-05,
        "dvar2": 5.97452344664e-05,
        "max": 0.0906690433621,
        "mean": 0.00708712870255,
        "median": 0.00513803493232,
        "min": 3.93861942644e-22,
        "var": 6.30380309303e-05
    },
    "spectral_entropy": {
        "dmean": 0.124063700438,
        "dmean2": 0.182387113571,
        "dvar": 0.024940861389,
        "dvar2": 0.0482676513493,
        "max": 9.7946395874,
        "mean": 7.30457925797,
        "median": 7.44106578827,
        "min": 4.79107761383,
        "var": 0.48669347167
    },
    "spectral_flux": {
        "dmean": 0.0151299033314,
        "dmean2": 0.0244167726487,
        "dvar": 0.00044978549704,
        "dvar2": 0.0011136289686,
        "max": 0.276516079903,
        "mean": 0.0571040995419,
        "median": 0.0513239577413,
        "min": 1.03564948284e-10,
        "var": 0.00223409221508
    },
    "spectral_kurtosis": {
        "dmean": 2.30856537819,
        "dmean2": 3.89237713814,
        "dvar": 17.5376853943,
        "dvar2": 48.4420967102,
        "max": 136.100952148,
        "mean": 8.11490154266,
        "median": 5.1711640358,
        "min": -1.21756339073,
        "var": 126.238090515
    },
    "spectral_rms": {
        "dmean": 0.000375986332074,
        "dmean2": 0.000564575893804,
        "dvar": 3.83276471894e-07,
        "dvar2": 8.43975783482e-07,
        "max": 0.0106892334297,
        "mean": 0.00343482312746,
        "median": 0.00362747488543,
        "min": 3.23482538499e-12,
        "var": 4.7878006626e-06
    },
    "spectral_rolloff": {
        "dmean": 399.384338379,
        "dmean2": 679.151916504,
        "dvar": 1417550.25,
        "dvar2": 3517098.5,
        "max": 21382.4707031,
        "mean": 2045.18530273,
        "median": 1227.39257812,
        "min": 21.533203125,
        "var": 13076053
    },
    "spectral_skewness": {
        "dmean": 0.237558484077,
        "dmean2": 0.382723331451,
        "dvar": 0.0867489799857,
        "dvar2": 0.214981526136,
        "max": 9.23608589172,
        "mean": 1.91760158539,
        "median": 1.63871407509,
        "min": -0.0153061011806,
        "var": 1.02376401424
    },
    "spectral_spread": {
        "dmean": 389887.21875,
        "dmean2": 554601.8125,
        "dvar": 485374525440,
        "dvar2": 735398330368,
        "max": 41232444,
        "mean": 4313743,
        "median": 3671885.5,
        "min": 695937.75,
        "var": 7.88533870592e+12
    },
    "spectral_strongpeak": {
        "dmean": 0.531507968903,
        "dmean2": 0.917317986488,
        "dvar": 0.962443351746,
        "dvar2": 2.50479674339,
        "max": 10.5675001144,
        "mean": 1.0545078516,
        "median": 0.389967441559,
        "min": 0,
        "var": 2.10118722916
    },
    "zerocrossingrate": {
        "dmean": 0.00810566265136,
        "dmean2": 0.00967029761523,
        "dvar": 0.000233907208894,
        "dvar2": 0.000323788757669,
        "max": 0.7294921875,
        "mean": 0.074804276228,
        "median": 0.05322265625,
        "min": 0.00341796875,
        "var": 0.0131531599909
    },
    "barkbands": {
        "dmean": [1.87294926945e-06, 0.000740316172596, 0.00159806874581, 0.000880989071447, 0.000566273112781, 0.000577615515795, 0.00060574314557, 0.000556475366466, 0.000434007000877, 0.000546427443624, 0.000532617385034, 0.000304084678646, 0.000458946800791, 0.000308724556817, 0.000241717192694, 0.000179115595529, 0.000162459356943, 0.000154038905748, 0.000115833878226, 0.000164846496773, 3.5291101085e-05, 1.76650082722e-05, 2.37774620473e-05, 2.84857032966e-05, 1.36798989843e-05, 5.9550466176e-06, 1.31896990752e-06],
        "dmean2": [3.21433662975e-06, 0.00128252070863, 0.00264881574549, 0.00147726631258, 0.000931738468353, 0.000858746818267, 0.000977217336185, 0.000885034387466, 0.000692977395374, 0.000848350347951, 0.00086113542784, 0.000487571727717, 0.000727396109141, 0.00046821864089, 0.000381588266464, 0.000284440349787, 0.000262415676843, 0.000246948329732, 0.000182855903404, 0.000263959751464, 5.6912565924e-05, 2.59524840658e-05, 3.43655592587e-05, 4.17580922658e-05, 1.95166121557e-05, 8.10698657006e-06, 2.21209597839e-06],
        "dvar": [3.07263763044e-11, 4.84914789922e-06, 3.2134277717e-05, 1.2033463463e-05, 1.95953043658e-06, 1.47104526604e-06, 1.93067012333e-06, 1.25630594994e-06, 1.14714123356e-06, 2.18904665417e-06, 2.27898340199e-06, 7.03323735252e-07, 1.49034326569e-06, 8.39838492084e-07, 4.77917978969e-07, 3.76323441742e-07, 1.79288321078e-07, 1.54970777544e-07, 5.30157890921e-08, 1.11388381185e-07, 9.37855570982e-09, 5.57274448809e-09, 9.44759115384e-09, 1.6881157805e-08, 5.26787724553e-09, 1.17584919579e-09, 3.16236550835e-11],
        "dvar2": [8.2886079944e-11, 1.37865454235e-05, 8.27810436022e-05, 3.0647173844e-05, 5.34083574166e-06, 3.28232613356e-06, 5.00141595694e-06, 3.16813361678e-06, 2.80767426375e-06, 5.0000326155e-06, 6.00573412157e-06, 1.71911153757e-06, 3.66475114788e-06, 1.83974577794e-06, 1.14686656616e-06, 9.51474987687e-07, 4.27837477446e-07, 4.08239060334e-07, 1.34350571557e-07, 2.87437757152e-07, 2.41377247079e-08, 1.01361612437e-08, 1.75779497624e-08, 3.4503589319e-08, 9.90134640944e-09, 2.20377627258e-09, 8.0066536734e-11],
        "max": [0.000138740899274, 0.0356797352433, 0.0731008946896, 0.0811309143901, 0.0339866243303, 0.0358890369534, 0.0325426459312, 0.0194587595761, 0.0279595218599, 0.0330918729305, 0.0251241661608, 0.0157212857157, 0.0240859054029, 0.0222664177418, 0.0134729770944, 0.0145903844386, 0.0146411983296, 0.0145769193769, 0.00457577593625, 0.00728246150538, 0.00279955472797, 0.00285901129246, 0.00321445427835, 0.00331780058332, 0.00234961113892, 0.00157175597269, 0.000130405867822],
        "mean": [2.73351474789e-06, 0.00129726179875, 0.00232953159139, 0.00127393566072, 0.00111002614722, 0.00126559182536, 0.00113647175021, 0.00121311959811, 0.000742026604712, 0.00113306636922, 0.000962951336987, 0.000512186554261, 0.000899453705642, 0.000580404361244, 0.000429900101153, 0.000420478027081, 0.00035021911026, 0.00033610072569, 0.000298681174172, 0.000424145546276, 8.06770913186e-05, 4.1446666728e-05, 5.8895591792e-05, 6.29552378086e-05, 2.70777782134e-05, 9.98512405204e-06, 1.25850954191e-06],
        "median": [3.01507895983e-07, 0.000357240875019, 0.000543962814845, 0.000389816705137, 0.000586964306422, 0.000463383214083, 0.000398908130592, 0.000362075807061, 0.000223935523536, 0.000179718292202, 0.00016920210328, 0.000111460598418, 0.000130535918288, 0.000104779392132, 6.3604558818e-05, 4.45015975856e-05, 8.24659946375e-05, 7.56741792429e-05, 7.89906043792e-05, 0.00013046276581, 1.80559600267e-05, 9.18726072996e-06, 1.3496946849e-05, 1.53706860146e-05, 7.01603767084e-06, 2.26738916353e-06, 7.12868626351e-08],
        "min": [1.09910451646e-23, 1.74800737648e-23, 3.59973102934e-23, 1.10099675711e-23, 1.01338485523e-22, 6.44065422959e-23, 2.6191755042e-23, 3.84448459151e-23, 1.04350672004e-22, 1.21174891545e-22, 1.23097844131e-22, 1.38892581259e-22, 1.24022351247e-22, 1.14002038081e-22, 1.29931500029e-22, 1.36304726215e-22, 2.05711447581e-22, 3.50635949622e-22, 3.45185387773e-22, 4.32632827927e-22, 3.4660667531e-22, 4.6488741921e-22, 5.51612691915e-22, 7.99886075719e-22, 1.22767658511e-21, 1.68001826341e-21, 2.16948229702e-21],
        "var": [3.69457207883e-11, 5.6046451391e-06, 3.35106960847e-05, 1.25907781694e-05, 3.03249407807e-06, 5.61188699066e-06, 4.27758550359e-06, 4.82524274048e-06, 2.37867084252e-06, 7.85603151598e-06, 5.9534936554e-06, 1.49670438532e-06, 4.26817177868e-06, 2.7955125006e-06, 1.09770564904e-06, 1.41721250202e-06, 5.29015892425e-07, 4.73901820897e-07, 2.50862314033e-07, 4.61166052901e-07, 2.38666029162e-08, 1.23415464515e-08, 2.15443769491e-08, 3.05582936733e-08, 8.8691365363e-09, 1.92381288677e-09, 3.58320109695e-11]
    },
    "erbbands": {
        "dmean": [0.00625789025798, 0.229123622179, 1.61030876637, 2.32946610451, 2.48253417015, 1.85705888271, 2.67227888107, 5.88439846039, 7.82840156555, 10.2011213303, 10.4061250687, 10.9374790192, 12.8194484711, 18.3932151794, 21.2523097992, 10.9282159805, 19.7050552368, 15.9054517746, 14.6893033981, 9.60336208344, 7.09994506836, 8.16769981384, 9.17915248871, 4.26903343201, 7.28377008438, 7.27223777771, 2.67330813408, 0.800005912781, 0.596211135387, 0.636413037777, 0.710759937763, 0.718260526657, 0.409016281366, 0.179494440556, 0.0892229229212, 0.0357202365994, 0.0096508199349, 0.00172937684692, 0.000245458330028, 1.2362875168e-05],
        "dmean2": [0.0105686932802, 0.393283128738, 2.64513587952, 3.83507680893, 4.17767953873, 3.006731987, 4.20949316025, 8.598072052, 12.3365392685, 16.5230121613, 16.3169689178, 17.5150127411, 20.0127716064, 27.8077945709, 34.6426773071, 17.318145752, 31.143447876, 24.3817958832, 22.9004154205, 14.5991163254, 10.8765611649, 12.8102025986, 14.6365299225, 6.74676132202, 11.5850610733, 11.6990747452, 4.24036216736, 1.26762771606, 0.888990581036, 0.905524134636, 1.03917455673, 1.07132780552, 0.598294556141, 0.263060033321, 0.126842439175, 0.0490118637681, 0.0131543762982, 0.00254654092714, 0.000410774140619, 2.01228995138e-05],
        "dvar": [0.000313307478791, 0.482351273298, 30.2811374664, 53.7487068176, 90.5196914673, 15.7592372894, 36.771446228, 173.934158325, 366.077270508, 459.0128479, 547.242980957, 762.047607422, 1129.09399414, 3142.47338867, 4294.29980469, 722.333862305, 2802.67041016, 1921.45861816, 1733.45581055, 699.916625977, 416.161315918, 419.698120117, 603.550476074, 76.3329391479, 227.156311035, 226.047470093, 45.6620941162, 4.13025474548, 5.73456096649, 8.44490623474, 8.31152534485, 10.422492981, 3.59547400475, 0.794507324696, 0.276508510113, 0.0476738736033, 0.00294554582797, 3.89420347346e-05, 1.19468018056e-06, 2.2349866402e-09],
        "dvar2": [0.000831511744764, 1.34100055695, 78.3333206177, 137.208099365, 242.081085205, 40.3295860291, 91.3863983154, 357.67388916, 918.147033691, 1201.80102539, 1296.20983887, 1891.81933594, 2801.54907227, 6486.02783203, 12182.9199219, 1740.71179199, 6853.33984375, 4645.23828125, 4027.68066406, 1650.82189941, 952.44909668, 1013.33050537, 1585.61328125, 191.532897949, 602.531005859, 589.009460449, 118.84462738, 10.0821685791, 11.1492443085, 14.3426189423, 15.9768733978, 21.5725784302, 7.6178483963, 1.54781579971, 0.560126900673, 0.0911908522248, 0.00571171334013, 7.95725864009e-05, 3.03176011585e-06, 5.68540547974e-09],
        "max": [0.346589326859, 11.1467504501, 72.3605422974, 143.313598633, 178.884277344, 130.549743652, 206.029403687, 448.10723877, 388.739105225, 586.251098633, 508.843109131, 663.977783203, 635.562927246, 1505.69763184, 1661.39208984, 664.121948242, 1242.54174805, 1262.53552246, 930.439025879, 632.616638184, 539.704345703, 877.917785645, 1026.57849121, 308.134918213, 348.519470215, 308.898681641, 177.739761353, 67.0200500488, 90.3147125244, 105.52217865, 97.423538208, 87.7960891724, 47.118347168, 26.2109565735, 19.6733608246, 10.5489368439, 2.17071628571, 0.256149858236, 0.0270376652479, 0.00127988529857],
        "mean": [0.0127681577578, 0.403462558985, 2.46119022369, 3.5743894577, 3.88740420341, 3.72374343872, 5.49031734467, 12.5899133682, 15.7441358566, 21.7376270294, 22.3124065399, 19.6265583038, 27.09258461, 38.7901687622, 39.1557388306, 22.3805866241, 40.0792541504, 32.7464370728, 30.7118492126, 21.1143951416, 18.9369754791, 19.3083724976, 21.0778217316, 11.9546480179, 20.2796783447, 19.1149864197, 6.79648733139, 2.20439767838, 1.44333434105, 1.45919919014, 1.75227868557, 1.60554754734, 0.85401815176, 0.377547055483, 0.158299088478, 0.0595745705068, 0.0155371706933, 0.00243824138306, 0.000237295855186, 2.9165590604e-05],
        "median": [0.00381290493533, 0.123355656862, 0.711760699749, 1.4355006218, 1.66816997528, 1.82271909714, 2.30601978302, 4.08485126495, 5.88434791565, 9.04049682617, 6.96608400345, 6.60075998306, 6.00890922546, 7.0959405899, 7.38544797897, 6.10326957703, 6.76581096649, 8.5935459137, 6.22097158432, 2.89520931244, 3.25740623474, 5.10284805298, 4.61446809769, 4.03260326385, 5.24110126495, 6.05910873413, 1.86659240723, 0.534809708595, 0.328570604324, 0.320555627346, 0.412132829428, 0.359843403101, 0.214042320848, 0.0982097834349, 0.03815818578, 0.0137348705903, 0.00339600280859, 0.000423218094511, 2.35324405367e-05, 1.89539168787e-05],
        "min": [1.28686866847e-22, 5.64307985711e-21, 3.87097456091e-20, 4.53212806917e-20, 2.27774883316e-19, 3.47595872453e-19, 2.99480172088e-19, 5.33113096803e-19, 2.89400123294e-19, 6.67033999867e-19, 9.65775241174e-19, 2.15716688955e-18, 3.74582826053e-18, 4.93805773948e-18, 5.05404541856e-18, 6.16906834067e-18, 6.3010962926e-18, 5.34409216445e-18, 7.27260172407e-18, 6.59286812365e-18, 7.25741716956e-18, 9.65397116237e-18, 1.70426817475e-17, 2.52212315307e-17, 1.20769155254e-17, 1.93310388618e-17, 1.45422371785e-17, 1.60799493936e-17, 1.44558927574e-17, 1.76754600268e-17, 1.73483282925e-17, 1.60049803603e-17, 1.42593099761e-17, 1.49086831529e-17, 8.24507330249e-18, 4.94679566188e-18, 3.06835493114e-18, 1.36949418082e-18, 3.49515655257e-19, 3.02065809436e-20],
        "var": [0.000454110704595, 0.56145131588, 32.7457389832, 59.8426055908, 86.4215316772, 35.1131248474, 110.598068237, 658.180847168, 849.042175293, 1276.94458008, 1902.8548584, 1555.50866699, 3660.53686523, 11577.7226562, 9658.53027344, 2220.92724609, 8200.703125, 5254.65917969, 6130.38427734, 2343.16772461, 2082.75292969, 1454.07116699, 1956.74243164, 351.255096436, 1177.89855957, 913.585449219, 142.631637573, 16.2908744812, 12.7236948013, 18.5606575012, 18.3975753784, 19.1009044647, 5.94099521637, 1.42648231983, 0.392505556345, 0.07364153862, 0.00464232033119, 6.91611203365e-05, 1.35761729325e-06, 3.10573899931e-09]
    },
    "gfcc": {
        "mean": [-103.303352356, 100.130485535, -119.837295532, 16.2753925323, -56.7697257996, 6.21466159821, -38.1615867615, 8.1072883606, -29.3141708374, -0.892872393131, -10.0048551559, -10.6219644547, -15.0059041977],
        "cov": [[48937.21875, 3475.24121094, -5884.22949219, 2306.50268555, -2024.75939941, 602.055969238, -701.04284668, 957.329040527, -679.397705078, 76.4750289917, 50.4920921326, -358.816558838, -438.767211914], [3475.24121094, 2500.4284668, -450.074005127, -287.579833984, -24.0332813263, -329.700775146, -26.5242004395, -200.063110352, -48.5174446106, -73.2815704346, 10.83452034, -227.289047241, -26.4396800995], [-5884.22949219, -450.074005127, 1403.2121582, -155.317062378, 248.750045776, -6.23331022263, 93.5008773804, -117.219680786, 99.3121795654, 33.1818084717, -51.3304595947, 71.2837295532, -19.645772934], [2306.50268555, -287.579833984, -155.317062378, 585.998352051, -11.1356363297, 177.424255371, -3.08971166611, 139.208404541, 54.6981315613, 40.5010032654, 12.1157674789, 20.3174762726, -20.5990085602], [-2024.75939941, -24.0332813263, 248.750045776, -11.1356363297, 413.992950439, 36.7560272217, 98.0444641113, 31.8406467438, 98.3720550537, 32.404876709, -21.4369468689, -10.5604600906, 12.7118167877], [602.055969238, -329.700775146, -6.23331022263, 177.424255371, 36.7560272217, 311.262359619, 99.418762207, 93.2452545166, -1.86922168732, 21.5671901703, 21.0837593079, 11.5970830917, -24.9608516693], [-701.04284668, -26.5242004395, 93.5008773804, -3.08971166611, 98.0444641113, 99.418762207, 242.520584106, 32.4151687622, -1.39114391804, 26.5908641815, 24.0964603424, 4.43523216248, -6.732609272], [957.329040527, -200.063110352, -117.219680786, 139.208404541, 31.8406467438, 93.2452545166, 32.4151687622, 217.171264648, 44.7176895142, 13.7045602798, 7.29263973236, 11.4434261322, -1.48432850838], [-679.397705078, -48.5174446106, 99.3121795654, 54.6981315613, 98.3720550537, -1.86922168732, -1.39114391804, 44.7176895142, 168.696044922, 44.5044593811, -5.52564764023, 6.93544816971, 9.33005428314], [76.4750289917, -73.2815704346, 33.1818084717, 40.5010032654, 32.404876709, 21.5671901703, 26.5908641815, 13.7045602798, 44.5044593811, 123.153663635, 24.0983181, 11.7071743011, -9.89757537842], [50.4920921326, 10.83452034, -51.3304595947, 12.1157674789, -21.4369468689, 21.0837593079, 24.0964603424, 7.29263973236, -5.52564764023, 24.0983181, 105.130203247, 28.6960544586, 3.36151099205], [-358.816558838, -227.289047241, 71.2837295532, 20.3174762726, -10.5604600906, 11.5970830917, 4.43523216248, 11.4434261322, 6.93544816971, 11.7071743011, 28.6960544586, 137.528549194, 37.2922515869], [-438.767211914, -26.4396800995, -19.645772934, -20.5990085602, 12.7118167877, -24.9608516693, -6.732609272, -1.48432850838, 9.33005428314, -9.89757537842, 3.36151099205, 37.2922515869, 96.1289825439]],
        "icov": [[0.000143317025504, -0.000283315719571, 0.00036156643182, -0.000385276100133, 0.000385189981898, -0.00029143987922, 0.000291642500088, -0.000480606482597, 0.000438203278463, -0.00047100125812, 0.000497805536725, -0.000357198819984, 0.000484091317048], [-0.000283315719571, 0.00121513160411, -0.000467692880193, 0.000822524132673, -0.000875044555869, 0.0011866921559, -0.000876052770764, 0.0014299612958, -0.00103453674819, 0.00123059016187, -0.00137146294583, 0.00159229908604, -0.00083633873146], [0.00036156643182, -0.000467692880193, 0.00202106474899, -0.000722330005374, 0.000472006300697, -0.000648129615001, 0.000351020455128, -0.000308274349663, 0.000461272516986, -0.00107034831308, 0.00172360846773, -0.0014797685435, 0.00192786951084], [-0.000385276100133, 0.000822524132673, -0.000722330005374, 0.00352619285695, -0.000878241495229, -0.000463272212073, -0.000248306983849, 0.000507970922627, -0.00190592440777, 0.000858436804265, -0.00116952171084, 0.000649522815365, -0.000875732512213], [0.000385189981898, -0.000875044555869, 0.000472006300697, -0.000878241495229, 0.00456374045461, -0.00105522060767, -0.00037770459312, -0.00169991794974, -0.000471377803478, -0.00149128271732, 0.00198130938224, -0.000348781759385, 0.000453771674074], [-0.00029143987922, 0.0011866921559, -0.000648129615001, -0.000463272212073, -0.00105522060767, 0.00617239624262, -0.00257413787767, 0.000148690785863, -0.000109786815301, 0.00120827974752, -0.00176872848533, 0.00134503899608, 3.81822337658e-06], [0.000291642500088, -0.000876052770764, 0.000351020455128, -0.000248306983849, -0.00037770459312, -0.00257413787767, 0.00644223066047, -0.00178550404962, 0.00201257434674, -0.00193204602692, -4.01597662858e-06, -0.000872190576047, 0.000858145300299], [-0.000480606482597, 0.0014299612958, -0.000308274349663, 0.000507970922627, -0.00169991794974, 0.000148690785863, -0.00178550404962, 0.00855208281428, -0.00342324981466, 0.00227446784265, -0.00163667765446, 0.00106259994209, -0.00127266463824], [0.000438203278463, -0.00103453674819, 0.000461272516986, -0.00190592440777, -0.000471377803478, -0.000109786815301, 0.00201257434674, -0.00342324981466, 0.010114857927, -0.0041728252545, 0.0017833977472, -0.00097386771813, 0.000427430262789], [-0.00047100125812, 0.00123059016187, -0.00107034831308, 0.000858436804265, -0.00149128271732, 0.00120827974752, -0.00193204602692, 0.00227446784265, -0.0041728252545, 0.011679594405, -0.00393538037315, 0.00094194652047, -5.56497689104e-05], [0.000497805536725, -0.00137146294583, 0.00172360846773, -0.00116952171084, 0.00198130938224, -0.00176872848533, -4.01597662858e-06, -0.00163667765446, 0.0017833977472, -0.00393538037315, 0.0133746312931, -0.00430446816608, 0.00187366316095], [-0.000357198819984, 0.00159229908604, -0.0014797685435, 0.000649522815365, -0.000348781759385, 0.00134503899608, -0.000872190576047, 0.00106259994209, -0.00097386771813, 0.00094194652047, -0.00430446816608, 0.0117212003097, -0.00521006295457], [0.000484091317048, -0.00083633873146, 0.00192786951084, -0.000875732512213, 0.000453771674074, 3.81822337658e-06, 0.000858145300299, -0.00127266463824, 0.000427430262789, -5.56497689104e-05, 0.00187366316095, -0.00521006295457, 0.0144784590229]]
    },
    "melbands": {
        "dmean": [0.000125619029859, 0.000642421247903, 0.000416009570472, 0.000146097212564, 8.73993485584e-05, 0.000124350233818, 0.000121692719404, 0.000114922389912, 8.08421173133e-05, 7.10428575985e-05, 6.58688004478e-05, 7.68465324654e-05, 6.84702608851e-05, 4.02624355047e-05, 3.18039856211e-05, 4.99955713167e-05, 3.14366116072e-05, 2.62566463789e-05, 1.43726274473e-05, 1.62526575878e-05, 8.40229404275e-06, 9.45721330936e-06, 9.98617542791e-06, 6.84210363033e-06, 3.66731637769e-06, 5.4873503359e-06, 6.88820955475e-06, 5.21272477272e-06, 2.51634878623e-06, 7.21290462025e-07, 4.76643663205e-07, 3.62774130735e-07, 3.76074979158e-07, 3.79643836368e-07, 4.0873462126e-07, 5.06041146764e-07, 4.69235430955e-07, 3.17719980103e-07, 2.28888183074e-07, 1.40576304375e-07],
        "dmean2": [0.000217105014599, 0.00105489126872, 0.000684868660755, 0.000240544424742, 0.000136612099595, 0.000182974588824, 0.000192779509234, 0.000186427860172, 0.000126723782159, 0.000113529997179, 0.00010256395035, 0.000115427901619, 0.000110980196041, 6.46967891953e-05, 5.0002210628e-05, 7.96892054495e-05, 4.80749222334e-05, 4.05577884521e-05, 2.23704464588e-05, 2.56613329839e-05, 1.27828607219e-05, 1.49443194459e-05, 1.6044570657e-05, 1.08969315988e-05, 5.87464910495e-06, 8.8198830781e-06, 1.10305500129e-05, 8.39401855046e-06, 4.02465684601e-06, 1.15701425329e-06, 7.52374091917e-07, 5.62186528441e-07, 5.53271775061e-07, 5.49119022253e-07, 6.1109761873e-07, 7.66928110352e-07, 7.08264337845e-07, 4.74697856134e-07, 3.44650203488e-07, 2.09771314985e-07],
        "dvar": [1.34635214977e-07, 4.57329269921e-06, 1.90509661024e-06, 1.67634837567e-07, 3.46646054084e-08, 7.34139860015e-08, 8.11512066434e-08, 5.37770894482e-08, 3.36609993212e-08, 3.45636586019e-08, 2.98772953045e-08, 5.44158638149e-08, 3.99182731314e-08, 1.27429977681e-08, 6.54451559612e-09, 2.08739709961e-08, 8.73227090636e-09, 5.55500223598e-09, 1.62790492197e-09, 3.46777029314e-09, 5.39753242101e-10, 7.18580139836e-10, 6.31070640189e-10, 3.39506756042e-10, 6.14596568083e-11, 1.34193850476e-10, 2.26799440339e-10, 1.36054140176e-10, 4.72889158387e-11, 3.45210492136e-12, 1.38111928578e-12, 1.56628475381e-12, 3.44746692131e-12, 2.46697454132e-12, 2.49906497406e-12, 4.19092451714e-12, 5.13058432544e-12, 1.99241404625e-12, 1.32030963853e-12, 4.81366140524e-13],
        "dvar2": [3.78608234541e-07, 1.18130274132e-05, 4.88171099278e-06, 4.53534312328e-07, 8.27437531825e-08, 1.56383592298e-07, 2.06900111266e-07, 1.40467633969e-07, 7.96291388383e-08, 8.53349604313e-08, 7.39101366776e-08, 1.12397266605e-07, 1.10520659291e-07, 3.28921991866e-08, 1.5041432988e-08, 5.18895113544e-08, 2.05478087878e-08, 1.23615180314e-08, 4.05356725963e-09, 8.93213680797e-09, 1.15146980839e-09, 1.67126923412e-09, 1.60253033066e-09, 8.88734696947e-10, 1.51353624078e-10, 3.51809414934e-10, 6.00977767551e-10, 3.49709622371e-10, 1.21762169791e-10, 8.73371860943e-12, 3.28180690089e-12, 3.2765214153e-12, 6.12632297323e-12, 4.3137802358e-12, 4.86932109217e-12, 8.48394271502e-12, 1.16709758177e-11, 4.31301131962e-12, 2.91131159978e-12, 1.00081347289e-12],
        "max": [0.00595659762621, 0.029223062098, 0.0264332983643, 0.00788005441427, 0.00733764609322, 0.00867442507297, 0.00542667368427, 0.00519351661205, 0.00419839518145, 0.00485157920048, 0.00323584326543, 0.00591753749177, 0.00406767474487, 0.00297612953, 0.00182256754488, 0.00303508993238, 0.00243936432526, 0.00202475721017, 0.000909098307602, 0.00135955505539, 0.000801923917606, 0.00127422460355, 0.000571106909774, 0.000726325029973, 0.000282003282337, 0.000235127532505, 0.000433377776062, 0.000256814033492, 0.000172497268068, 5.18378692504e-05, 3.411403668e-05, 4.6157532779e-05, 6.97801588103e-05, 6.04888300586e-05, 5.76703714614e-05, 5.54520484002e-05, 6.73436588841e-05, 3.50756236003e-05, 3.50729715137e-05, 2.03388390219e-05],
        "mean": [0.000231199825066, 0.0010462688515, 0.000659532786813, 0.000264017668087, 0.000190685401321, 0.000270238640951, 0.000241872592596, 0.000249589676969, 0.000165814606589, 0.000121043791296, 0.000133889130666, 0.000155392917804, 0.00012710072042, 7.291953807e-05, 5.90997988184e-05, 9.58278833423e-05, 5.7006633142e-05, 5.24658462382e-05, 2.67022969638e-05, 3.47543500538e-05, 1.88316716958e-05, 2.00258291443e-05, 2.10939815588e-05, 1.48360486492e-05, 8.44400983624e-06, 1.31618717205e-05, 1.64975117514e-05, 1.19675123642e-05, 5.34530363439e-06, 1.67114353644e-06, 1.08798099063e-06, 7.93676804278e-07, 7.77626098625e-07, 8.10635071957e-07, 9.54503661887e-07, 1.10799794584e-06, 9.38432549447e-07, 6.20307048393e-07, 4.45276157279e-07, 2.74984188309e-07],
        "median": [6.83493854012e-05, 0.000377478543669, 0.00028891133843, 0.000130522676045, 8.74778779689e-05, 9.09304071683e-05, 8.8711065473e-05, 9.67815576587e-05, 4.94834857818e-05, 3.61060701835e-05, 2.64220652753e-05, 2.43853919528e-05, 2.28702756431e-05, 1.60392937687e-05, 1.20309005069e-05, 1.30952230393e-05, 1.21278790175e-05, 8.70207441039e-06, 4.19053912992e-06, 2.89018862532e-06, 3.29726321979e-06, 4.52361473435e-06, 4.10012262364e-06, 3.37068877343e-06, 2.56913062913e-06, 2.94631172437e-06, 4.05596256314e-06, 3.30409193339e-06, 1.17647300613e-06, 3.66906959925e-07, 2.24377529889e-07, 1.66655283351e-07, 1.63167840128e-07, 1.62177713037e-07, 2.15734530684e-07, 2.37706927919e-07, 1.97171743821e-07, 1.49019228957e-07, 1.02984586192e-07, 7.01003202153e-08],
        "min": [3.05566632422e-24, 1.61918544403e-23, 1.07409249817e-23, 2.52857609141e-23, 1.02089424307e-23, 1.21951151186e-23, 4.93000318769e-24, 6.91551441574e-24, 7.14730304894e-24, 1.60977717333e-23, 1.87464416423e-23, 1.86855400027e-23, 1.63316626808e-23, 1.43614320829e-23, 2.01327621313e-23, 8.16419129856e-24, 1.07185647193e-23, 1.16445943364e-23, 9.31614121263e-24, 9.81921516683e-24, 8.37389655958e-24, 8.10585661234e-24, 1.59196169641e-23, 1.7789288307e-23, 2.17967458817e-23, 8.95971492299e-24, 9.50958489495e-24, 1.38563433779e-23, 1.01865245815e-23, 9.40503479259e-24, 8.34970771764e-24, 6.77037426437e-24, 1.13102411638e-23, 8.59589937325e-24, 1.08913970439e-23, 7.83651110031e-24, 1.07756664159e-23, 9.39115162952e-24, 1.13895011744e-23, 1.30074588353e-23],
        "var": [1.62578686513e-07, 5.14725479661e-06, 2.05699279832e-06, 2.06517469792e-07, 1.16422093299e-07, 2.7669341307e-07, 1.92035230384e-07, 1.73797417347e-07, 1.10036992851e-07, 6.87979380132e-08, 9.62300461538e-08, 2.00673497375e-07, 1.01062745728e-07, 2.89002031195e-08, 1.80557719887e-08, 5.61320874226e-08, 2.20504521309e-08, 2.2813972933e-08, 3.83189568964e-09, 1.11861151453e-08, 2.26568674933e-09, 2.17654272383e-09, 1.79849934945e-09, 1.0005235529e-09, 2.05915090534e-10, 5.43765754646e-10, 8.59814663912e-10, 4.33258540156e-10, 1.15233100839e-10, 1.06280253695e-11, 4.5666348307e-12, 3.48635790376e-12, 6.75666076907e-12, 5.49849098544e-12, 5.53210689064e-12, 8.18516695394e-12, 7.88046277539e-12, 3.15429626863e-12, 2.05796122331e-12, 7.93907853954e-13]
    },
    "mfcc": {
        "mean": [-722.780639648, 129.170608521, -4.44146347046, 11.4220838547, 0.984446406364, -6.35517549515, 4.35490655899, -2.32499957085, -10.4165153503, 6.51640176773, -6.47394323349, 1.18999862671, -2.1030497551],
        "cov": [[24188.2890625, 284.167266846, -1903.77514648, 1017.82049561, -221.833496094, -128.680053711, 728.49029541, 467.875183105, -72.9380187988, 646.643249512, 50.8614349365, 406.357727051, 220.722412109], [284.167266846, 1840.03369141, 87.0484237671, -94.8434295654, 11.6294813156, -58.6608734131, 22.4306564331, -88.0956115723, -42.4923171997, 0.493844002485, 2.4981610775, -23.1445007324, -21.1812210083], [-1903.77514648, 87.0484237671, 749.341552734, -1.38732123375, 11.064207077, 105.157356262, -75.509552002, -52.0877304077, -0.774106919765, -107.50163269, 43.6134605408, -14.358754158, -21.8514633179], [1017.82049561, -94.8434295654, -1.38732123375, 330.822357178, 95.3653259277, 20.7876300812, -2.91127729416, 41.905330658, 46.5083885193, 39.8851509094, 29.8785667419, 22.3120651245, 53.4645957947], [-221.833496094, 11.6294813156, 11.064207077, 95.3653259277, 267.856414795, 28.575958252, -37.4438667297, 30.5378284454, 63.7451171875, 63.8650131226, 1.00555324554, 3.19569206238, 28.7874717712], [-128.680053711, -58.6608734131, 105.157356262, 20.7876300812, 28.575958252, 214.524841309, 72.9231185913, 15.0404825211, 42.3709373474, 3.14216470718, 43.2620925903, 38.2050476074, 13.9455862045], [728.49029541, 22.4306564331, -75.509552002, -2.91127729416, -37.4438667297, 72.9231185913, 245.338150024, 75.6699066162, 7.60551643372, 42.1129684448, 21.1505622864, 55.1389503479, -3.02127408981], [467.875183105, -88.0956115723, -52.0877304077, 41.905330658, 30.5378284454, 15.0404825211, 75.6699066162, 157.092605591, 37.0846786499, 40.3181037903, 13.0420875549, 15.1688890457, 28.5172042847], [-72.9380187988, -42.4923171997, -0.774106919765, 46.5083885193, 63.7451171875, 42.3709373474, 7.60551643372, 37.0846786499, 149.804840088, 51.5858764648, 18.7724647522, 7.12698936462, 22.8664417267], [646.643249512, 0.493844002485, -107.50163269, 39.8851509094, 63.8650131226, 3.14216470718, 42.1129684448, 40.3181037903, 51.5858764648, 164.271469116, 23.5194683075, 37.232460022, 15.9359130859], [50.8614349365, 2.4981610775, 43.6134605408, 29.8785667419, 1.00555324554, 43.2620925903, 21.1505622864, 13.0420875549, 18.7724647522, 23.5194683075, 133.67930603, 32.5931243896, 11.0728435516], [406.357727051, -23.1445007324, -14.358754158, 22.3120651245, 3.19569206238, 38.2050476074, 55.1389503479, 15.1688890457, 7.12698936462, 37.232460022, 32.5931243896, 103.981010437, 38.9090156555], [220.722412109, -21.1812210083, -21.8514633179, 53.4645957947, 28.7874717712, 13.9455862045, -3.02127408981, 28.5172042847, 22.8664417267, 15.9359130859, 11.0728435516, 38.9090156555, 105.497360229]],
