{
"lowlevel": {
    "average_loudness": 0.793382048607,
    "barkbands_crest": {
        "dmean": 2.06840229034,
        "dmean2": 3.3897356987,
        "dvar": 3.98350214958,
        "dvar2": 10.2536067963,
        "max": 25.2417545319,
        "mean": 8.55024623871,
        "median": 7.78894376755,
        "min": 2.59697031975,
        "var": 13.0738210678
    },
    "barkbands_flatness_db": {
        "dmean": 0.0152064217255,
        "dmean2": 0.0235984772444,
        "dvar": 0.00019933769363,
        "dvar2": 0.000469299498945,
        "max": 0.382152765989,
        "mean": 0.116669774055,
        "median": 0.107532054186,
        "min": 0.0196945834905,
        "var": 0.00202069361694
    },
    "barkbands_kurtosis": {
        "dmean": 1.48729968071,
        "dmean2": 2.40913534164,
        "dvar": 14.0897579193,
        "dvar2": 36.5938034058,
        "max": 219.730453491,
        "mean": 2.263215065,
        "median": -0.00460600852966,
        "min": -1.90469276905,
        "var": 145.718444824
    },
    "barkbands_skewness": {
        "dmean": 0.39968162775,
        "dmean2": 0.632048070431,
        "dvar": 0.18974776566,
        "dvar2": 0.459561169147,
        "max": 9.74514198303,
        "mean": 1.08148777485,
        "median": 0.942577660084,
        "min": -3.28387069702,
        "var": 1.08392393589
    },
    "barkbands_spread": {
        "dmean": 4.26155662537,
        "dmean2": 6.69733428955,
        "dvar": 20.3432884216,
        "dvar2": 47.5088882446,
        "max": 123.748733521,
        "mean": 26.0906982422,
        "median": 26.1049041748,
        "min": 0.420048326254,
        "var": 89.5665359497
    },
    "dissonance": {
        "dmean": 0.0132715608925,
        "dmean2": 0.0225619859993,
        "dvar": 0.000182279516594,
        "dvar2": 0.000499840884004,
        "max": 0.500000119209,
        "mean": 0.473835468292,
        "median": 0.478969812393,
        "min": 0.218188628554,
        "var": 0.000450107298093
    },
    "dynamic_complexity": 2.18307995796,
    "erbbands_crest": {
        "dmean": 2.21305274963,
        "dmean2": 3.54162359238,
        "dvar": 4.99034500122,
        "dvar2": 12.1221542358,
        "max": 28.6507072449,
        "mean": 8.56571674347,
        "median": 7.50195169449,
        "min": 2.30848002434,
        "var": 16.7412395477
    },
    "erbbands_flatness_db": {
        "dmean": 0.0136148268357,
        "dmean2": 0.0189896058291,
        "dvar": 0.000171326857526,
        "dvar2": 0.000314493838232,
        "max": 0.367155253887,
        "mean": 0.163527294993,
        "median": 0.158051863313,
        "min": 0.0531236194074,
        "var": 0.00182917015627
    },
    "erbbands_kurtosis": {
        "dmean": 0.617198586464,
        "dmean2": 0.956392705441,
        "dvar": 1.58597397804,
        "dvar2": 3.56007003784,
        "max": 127.140777588,
        "mean": 0.538744568825,
        "median": -0.533177852631,
        "min": -1.76694655418,
        "var": 41.8971672058
    },
    "erbbands_skewness": {
        "dmean": 0.275483548641,
        "dmean2": 0.426590353251,
        "dvar": 0.0679232850671,
        "dvar2": 0.157808884978,
        "max": 9.47836017609,
        "mean": 0.0560926385224,
        "median": -0.0345049835742,
        "min": -3.03472018242,
        "var": 0.84954982996
    },
    "erbbands_spread": {
        "dmean": 5.78884887695,
        "dmean2": 9.00849246979,
        "dvar": 32.704158783,
        "dvar2": 75.7180633545,
        "max": 136.26260376,
        "mean": 38.4739875793,
        "median": 38.0694236755,
        "min": 1.95873141289,
        "var": 178.489990234
    },
    "hfc": {
        "dmean": 4.6876411438,
        "dmean2": 6.84282684326,
        "dvar": 43.3074264526,
        "dvar2": 93.3345565796,
        "max": 137.767608643,
        "mean": 22.1974487305,
        "median": 18.3850975037,
        "min": 1.11070980387e-16,
        "var": 263.675262451
    },
    "melbands_crest": {
        "dmean": 3.028601408,
        "dmean2": 4.94284677505,
        "dvar": 8.11723899841,
        "dvar2": 20.8681659698,
        "max": 39.3856735229,
        "mean": 12.6051559448,
        "median": 11.8331346512,
        "min": 1.0049957037,
        "var": 20.062538147
    },
    "melbands_flatness_db": {
        "dmean": 0.0199502091855,
        "dmean2": 0.0315463505685,
        "dvar": 0.000405914819567,
        "dvar2": 0.000957301119342,
        "max": 0.470862418413,
        "mean": 0.159574255347,
        "median": 0.152460590005,
        "min": -7.16174952231e-07,
        "var": 0.0026741954498
    },
    "melbands_kurtosis": {
        "dmean": 3.69926190376,
        "dmean2": 6.05493688583,
        "dvar": 49.0932655334,
        "dvar2": 135.710723877,
        "max": 280.27053833,
        "mean": 7.25615310669,
        "median": 3.84034872055,
        "min": -1.79619586468,
        "var": 182.51499939
    },
    "melbands_skewness": {
        "dmean": 0.543930649757,
        "dmean2": 0.867878377438,
        "dvar": 0.370021402836,
        "dvar2": 0.923554956913,
        "max": 11.4405221939,
        "mean": 2.04641342163,
        "median": 1.89737808704,
        "min": -1.1994638443,
        "var": 1.31534719467
    },
    "melbands_spread": {
        "dmean": 7.07026481628,
        "dmean2": 11.15716362,
        "dvar": 59.5264472961,
        "dvar2": 134.988204956,
        "max": 185.0962677,
        "mean": 32.4187774658,
        "median": 30.5883960724,
        "min": 0.680198073387,
        "var": 269.230560303
    },
    "pitch_salience": {
        "dmean": 0.0616051778197,
        "dmean2": 0.10150385648,
        "dvar": 0.00305620487779,
        "dvar2": 0.00810630526394,
        "max": 0.995944738388,
        "mean": 0.564558923244,
        "median": 0.563074290752,
        "min": 0.0649035274982,
        "var": 0.00779479229823
    },
    "silence_rate_20dB": {
        "dmean": 0,
        "dmean2": 0,
        "dvar": 0,
        "dvar2": 0,
        "max": 1,
        "mean": 1,
        "median": 1,
        "min": 1,
        "var": 0
    },
    "silence_rate_30dB": {
        "dmean": 0.000261403736658,
        "dmean2": 0.000522841641214,
        "dvar": 0.000261329638306,
        "dvar2": 0.00078396621393,
        "max": 1,
        "mean": 0.999869287014,
        "median": 1,
        "min": 0,
        "var": 0.000130673826789
    },
    "silence_rate_60dB": {
        "dmean": 0.00379035412334,
        "dmean2": 0.00758120371029,
        "dvar": 0.00377638614736,
        "dvar2": 0.00883217155933,
        "max": 1,
        "mean": 0.025419851765,
        "median": 0,
        "min": 0,
        "var": 0.0247725974768
    },
    "spectral_centroid": {
        "dmean": 229.670333862,
        "dmean2": 363.634735107,
        "dvar": 62031.4921875,
        "dvar2": 138491.546875,
        "max": 11579.9345703,
        "mean": 1719.71630859,
        "median": 1727.78381348,
        "min": 210.371429443,
        "var": 445057.71875
    },
    "spectral_complexity": {
        "dmean": 3.69886279106,
        "dmean2": 5.64525175095,
        "dvar": 13.1823854446,
        "dvar2": 27.3701686859,
        "max": 63,
        "mean": 23.0081691742,
        "median": 23,
        "min": 0,
        "var": 88.3529281616
    },
    "spectral_decrease": {
        "dmean": 1.75092318422e-09,
        "dmean2": 2.77797163051e-09,
        "dvar": 8.18871417864e-18,
        "dvar2": 1.90824181482e-17,
        "max": 7.02176690643e-20,
        "mean": -5.18570431041e-09,
        "median": -4.13832257351e-09,
        "min": -3.14364676512e-08,
        "var": 1.43769383679e-17
    },
    "spectral_energy": {
        "dmean": 0.00691631622612,
        "dmean2": 0.0108971511945,
        "dvar": 0.000124290090753,
        "dvar2": 0.000288548093522,
        "max": 0.124583162367,
        "mean": 0.0215854011476,
        "median": 0.0173931922764,
        "min": 1.0027929953e-20,
        "var": 0.000236231877352
    },
    "spectral_energyband_high": {
        "dmean": 0.000255321676377,
        "dmean2": 0.000367025000742,
        "dvar": 1.64900299637e-07,
        "dvar2": 3.3235383512e-07,
        "max": 0.0144225712866,
        "mean": 0.000892767449841,
        "median": 0.000611746159848,
        "min": 7.28689412551e-21,
        "var": 8.18706098471e-07
    },
    "spectral_energyband_low": {
        "dmean": 0.00327785918489,
        "dmean2": 0.00549972103909,
        "dvar": 5.41909066669e-05,
        "dvar2": 0.000129971012939,
        "max": 0.0764563530684,
        "mean": 0.00411906745285,
        "median": 0.00158105709124,
        "min": 1.59030603515e-23,
        "var": 6.01685569563e-05
    },
    "spectral_energyband_middle_high": {
        "dmean": 0.00168518442661,
        "dmean2": 0.00255637336522,
        "dvar": 5.81406538913e-06,
        "dvar2": 1.36049657158e-05,
        "max": 0.0641683042049,
        "mean": 0.00685511436313,
        "median": 0.00514796422794,
        "min": 1.21592298676e-21,
        "var": 3.743463094e-05
    },
    "spectral_energyband_middle_low": {
        "dmean": 0.00435787625611,
        "dmean2": 0.00704693375155,
        "dvar": 6.389227201e-05,
        "dvar2": 0.00015469425125,
        "max": 0.107416078448,
        "mean": 0.0109773464501,
        "median": 0.00887159630656,
        "min": 2.1753042672e-22,
        "var": 8.70796939125e-05
    },
    "spectral_entropy": {
        "dmean": 0.108079150319,
        "dmean2": 0.16178137064,
        "dvar": 0.0135001884773,
        "dvar2": 0.0264433510602,
        "max": 9.82279872894,
        "mean": 7.61173963547,
        "median": 7.67340278625,
        "min": 5.15293216705,
        "var": 0.144381836057
    },
    "spectral_flux": {
        "dmean": 0.0240464694798,
        "dmean2": 0.0376343652606,
        "dvar": 0.000809712160844,
        "dvar2": 0.00171708257403,
        "max": 0.313307851553,
        "mean": 0.0799632817507,
        "median": 0.0696407556534,
        "min": 6.37417688076e-11,
        "var": 0.00211330014281
    },
    "spectral_kurtosis": {
        "dmean": 1.24651944637,
        "dmean2": 2.1579477787,
        "dvar": 2.24667549133,
        "dvar2": 7.0539150238,
        "max": 45.6258087158,
        "mean": 3.8590991497,
        "median": 3.32831287384,
        "min": -1.23709464073,
        "var": 5.97665929794
    },
    "spectral_rms": {
        "dmean": 0.000649327936117,
        "dmean2": 0.00100090610795,
        "dvar": 7.86231453276e-07,
        "dvar2": 1.71725707787e-06,
        "max": 0.0110247246921,
        "mean": 0.00433206232265,
        "median": 0.00411934079602,
        "min": 3.1278341462e-12,
        "var": 2.29210468206e-06
    },
    "spectral_rolloff": {
        "dmean": 476.555633545,
        "dmean2": 784.90032959,
        "dvar": 392797.6875,
        "dvar2": 830703.9375,
        "max": 20025.8789062,
        "mean": 2043.8059082,
        "median": 2002.58789062,
        "min": 21.533203125,
        "var": 1690252.875
    },
    "spectral_skewness": {
        "dmean": 0.170207574964,
        "dmean2": 0.279133349657,
        "dvar": 0.0282813869417,
        "dvar2": 0.078017257154,
        "max": 5.40973567963,
        "mean": 1.31334781647,
        "median": 1.24487471581,
        "min": -0.0700379312038,
        "var": 0.183073624969
    },
    "spectral_spread": {
        "dmean": 370054.59375,
        "dmean2": 528620.875,
        "dvar": 402154848256,
        "dvar2": 730773913600,
        "max": 41652092,
        "mean": 4215287.5,
        "median": 3977615.75,
        "min": 1619709.875,
        "var": 3.11751999488e+12
    },
    "spectral_strongpeak": {
        "dmean": 0.649344563484,
        "dmean2": 1.11487078667,
        "dvar": 1.12687849998,
        "dvar2": 2.69752836227,
        "max": 13.0781288147,
        "mean": 1.18291223049,
        "median": 0.627815842628,
        "min": 0,
        "var": 2.03817987442
    },
    "zerocrossingrate": {
        "dmean": 0.00813966989517,
        "dmean2": 0.0097042908892,
        "dvar": 8.03221191745e-05,
        "dvar2": 0.000105655177322,
        "max": 0.51953125,
        "mean": 0.0721220076084,
        "median": 0.0703125,
        "min": 0.0107421875,
        "var": 0.000964100589044
    },
    "barkbands": {
        "dmean": [8.47641204018e-05, 0.00174356205389, 0.00124954793137, 0.00204154802486, 0.00151296693366, 0.00103822210804, 0.000784392876085, 0.000389605731471, 0.000631076632999, 0.000445065612439, 0.000343694962794, 0.000528769858647, 0.000410493841628, 0.000388671847759, 0.000319703947753, 0.000315699056955, 0.000261559383944, 0.00027708732523, 0.000292244076263, 0.000186680525076, 0.000114832138934, 8.28330012155e-05, 4.12783410866e-05, 3.23965468851e-05, 2.97302485706e-05, 1.16451174108e-05, 8.48917068197e-07],
        "dmean2": [0.000131103966851, 0.00278498395346, 0.0023026750423, 0.00345629453659, 0.0025505614467, 0.00172018422745, 0.0013286046451, 0.000614896067418, 0.000982362544164, 0.000707047816832, 0.000518422340974, 0.000821810797788, 0.000645799562335, 0.000611959781963, 0.000503599178046, 0.000502568203956, 0.000417794362875, 0.000441974698333, 0.000468511076178, 0.000296404119581, 0.000180827642907, 0.000127862935187, 6.19918282609e-05, 4.60281553387e-05, 4.20753167418e-05, 1.5436027752e-05, 1.32169623157e-06],
        "dvar": [6.0560175541e-08, 2.21675345529e-05, 1.24178404803e-05, 1.6456544472e-05, 6.64497929392e-06, 4.69524093205e-06, 4.97438622915e-06, 8.97823497326e-07, 1.58508134973e-06, 1.4163342712e-06, 9.0946838327e-07, 1.17071078876e-06, 1.15411160095e-06, 9.3793613587e-07, 5.12316319146e-07, 3.1301897252e-07, 2.02275316497e-07, 1.99887466579e-07, 3.87129887258e-07, 8.67959784046e-08, 3.07721350623e-08, 1.71389586967e-08, 8.4022939717e-09, 9.1821101833e-09, 6.50268106028e-09, 1.01840091915e-09, 6.20640995194e-12],
        "dvar2": [1.33485784204e-07, 4.82665454911e-05, 3.59645600838e-05, 4.19696189056e-05, 1.82008589036e-05, 1.27046978378e-05, 1.38512386911e-05, 2.17887145482e-06, 3.62590321856e-06, 3.38629456564e-06, 1.82127143944e-06, 2.6207439987e-06, 2.61280592895e-06, 2.07662742469e-06, 1.18497075619e-06, 7.26568089249e-07, 4.60463638774e-07, 4.73788134059e-07, 1.02578064798e-06, 2.05859734592e-07, 7.33829637056e-08, 3.97146031617e-08, 1.81969781465e-08, 1.82808861382e-08, 1.38522784354e-08, 2.17391904478e-09, 1.52174470941e-11],
        "max": [0.00333031686023, 0.0591827481985, 0.0378810018301, 0.0569284595549, 0.0445513315499, 0.0345653295517, 0.045926168561, 0.0390924625099, 0.0228358041495, 0.0298049338162, 0.0453961603343, 0.0273289587349, 0.0323204807937, 0.0322558730841, 0.0260316152126, 0.0128650888801, 0.0158768873662, 0.0139757664874, 0.0242408178747, 0.00703171733767, 0.00539760431275, 0.00318106310442, 0.00296747102402, 0.0060916421935, 0.00460355496034, 0.00130170560442, 5.57792991458e-05],
        "mean": [7.5719486631e-05, 0.0017412933521, 0.00113036006223, 0.00269016879611, 0.00316574401222, 0.00181458401494, 0.00112164427992, 0.000797105312813, 0.00121221959125, 0.000756973284297, 0.000584920926485, 0.0010100917425, 0.000758543086704, 0.000673228409141, 0.000549793126993, 0.000576847058255, 0.0005295141018, 0.000627295405138, 0.0006070563104, 0.000410794746131, 0.000286680558929, 0.00020667296485, 0.000101541219919, 7.79270631028e-05, 5.6823126215e-05, 2.07489338209e-05, 1.11451208795e-06],
        "median": [2.78310949398e-06, 0.000150987878442, 0.000456102599856, 0.00147118140012, 0.0026495824568, 0.000879611121491, 0.000455332919955, 0.000307949114358, 0.000521076843143, 0.000234475563047, 0.000221976137254, 0.000381232006475, 0.000241567875491, 0.000224467454245, 0.000233715254581, 0.000325219734805, 0.000303281267406, 0.000345452630427, 0.00038308853982, 0.000260274740867, 0.000192663428606, 0.000117798961583, 4.02604637202e-05, 2.86814592982e-05, 2.05302785616e-05, 6.109858532e-06, 1.9705734644e-07],
        "min": [7.72655976595e-25, 8.16884321132e-24, 3.84659621438e-24, 2.50144243172e-24, 1.45228251355e-23, 7.24172575499e-24, 1.42236259713e-23, 9.20111030429e-24, 1.99591448901e-23, 2.61060863254e-23, 1.17579796809e-23, 3.16936070497e-23, 3.68301896371e-23, 6.22801708813e-23, 2.77591254196e-23, 8.37846390645e-23, 5.29987363931e-23, 9.0527897813e-23, 1.34795654236e-22, 2.2530677771e-22, 2.46842226039e-22, 3.83000804727e-22, 4.38687038763e-22, 6.02603701574e-22, 9.45590830615e-22, 1.34201209047e-21, 1.95444865924e-21],
        "var": [6.10938784007e-08, 2.49604818237e-05, 7.67333585827e-06, 1.71985411725e-05, 8.33666581457e-06, 6.44960437057e-06, 4.72085093861e-06, 2.17047750084e-06, 3.46225783687e-06, 2.7776643492e-06, 2.16686271415e-06, 3.33388993567e-06, 3.34757714882e-06, 2.45276760324e-06, 1.10456880975e-06, 6.80339553583e-07, 5.84976305618e-07, 6.9779957812e-07, 6.25048301117e-07, 2.50275576263e-07, 1.02732244045e-07, 6.35357579881e-08, 3.00928277852e-08, 2.33845103281e-08, 1.20793730574e-08, 1.84886694843e-09, 9.25654691786e-12]
    },
    "erbbands": {
        "dmean": [0.0650175139308, 0.381132483482, 1.24040222168, 4.1224937439, 6.78468132019, 4.61993455887, 5.66485881805, 10.0245552063, 11.9625024796, 7.84268903732, 9.51075553894, 13.2135362625, 14.4740552902, 13.1279582977, 13.8724403381, 18.9205951691, 17.3213157654, 15.6087741852, 18.0301990509, 13.2926826477, 17.3396606445, 14.3628349304, 14.123717308, 14.6615562439, 12.5583877563, 7.37418985367, 4.60840463638, 4.671189785, 3.32737970352, 1.7045289278, 1.08629512787, 0.67415702343, 0.586527943611, 0.434150964022, 0.158113032579, 0.0586763694882, 0.0195869393647, 0.00397595996037, 8.36934850668e-05, 9.24394771573e-06],
        "dmean2": [0.101771719754, 0.656467020512, 2.29948925972, 7.08276844025, 11.3987369537, 7.8874745369, 9.24677085876, 16.8129024506, 20.1440963745, 13.0081710815, 14.9528465271, 20.5809192657, 22.6959075928, 20.2033367157, 21.0260620117, 28.8677253723, 26.719203949, 24.1071872711, 28.1159267426, 20.947385788, 27.5472717285, 22.9552345276, 22.5393886566, 23.2662582397, 20.0172538757, 11.6798353195, 7.3000087738, 7.35497140884, 5.17549324036, 2.578810215, 1.63034057617, 0.984492838383, 0.833471119404, 0.628657758236, 0.222414448857, 0.0808319821954, 0.0262414813042, 0.00552690355107, 0.00011552243086, 1.37134320539e-05],
        "dvar": [0.0361085161567, 1.03026795387, 12.8459453583, 61.9490623474, 169.288284302, 59.3414001465, 105.418632507, 499.906463623, 1143.57495117, 328.144012451, 503.46887207, 805.757080078, 1486.7956543, 1504.27661133, 1049.80334473, 1706.47277832, 1878.38366699, 1734.01403809, 2005.86242676, 562.817565918, 1112.69946289, 614.083374023, 502.281982422, 981.09552002, 514.579101562, 127.539001465, 54.7824707031, 60.7309455872, 27.6423072815, 11.7264432907, 6.27835130692, 3.86805963516, 3.16520023346, 1.29232609272, 0.202397286892, 0.028503363952, 0.00284614763223, 0.000114878428576, 4.84379789611e-08, 2.0946117063e-10],
        "dvar2": [0.0770299136639, 2.56146550179, 37.4306373596, 163.155944824, 448.177337646, 166.667327881, 271.425872803, 1371.52868652, 3165.42797852, 882.607788086, 1239.94885254, 1830.31811523, 3622.74462891, 3462.16552734, 2269.61352539, 3784.48168945, 4230.94189453, 3812.15307617, 4179.94091797, 1359.39428711, 2580.92138672, 1433.28491211, 1233.98571777, 2585.88427734, 1258.59985352, 308.567138672, 131.235321045, 146.224243164, 65.1468353271, 25.5179195404, 13.2662124634, 8.08928966522, 6.46082305908, 2.71565937996, 0.44303971529, 0.063271805644, 0.00609628204256, 0.000240527791902, 1.01524193497e-07, 4.40924463607e-10],
        "max": [2.22689175606, 12.459561348, 36.2026252747, 88.392326355, 257.176422119, 107.665237427, 182.108596802, 381.570404053, 688.070129395, 377.687530518, 842.790283203, 620.702270508, 1066.86657715, 1584.53540039, 1061.22412109, 1411.41296387, 1342.8046875, 1786.14038086, 1539.01818848, 625.804382324, 887.643249512, 752.941589355, 745.759094238, 1591.68859863, 1064.40393066, 264.981384277, 245.463363647, 337.369628906, 124.430809021, 105.261520386, 89.4135971069, 111.559883118, 97.4880218506, 57.8558120728, 27.5433197021, 7.21809911728, 1.96984505653, 0.264132708311, 0.00523001654074, 0.000290459836833],
        "mean": [0.0600691214204, 0.361589938402, 1.12160897255, 5.48956537247, 12.0927181244, 8.43593502045, 10.1831932068, 16.8412532806, 17.7860908508, 13.7901000977, 20.1099796295, 25.1493854523, 26.7060565948, 25.1148147583, 27.839466095, 38.1558799744, 35.4387664795, 29.2055797577, 35.4982719421, 26.1053466797, 34.6341819763, 32.4891433716, 33.9721412659, 32.195690155, 29.7324695587, 17.318189621, 11.0510149002, 11.5559177399, 8.29508590698, 4.32783746719, 2.65940523148, 1.5998364687, 1.32624948025, 0.823294520378, 0.301446586847, 0.104532934725, 0.0335775315762, 0.00658178795129, 0.000150976455188, 3.17906524288e-05],
        "median": [0.00327474321239, 0.0435426346958, 0.435309678316, 3.24673843384, 9.03349208832, 6.33066320419, 5.83220815659, 7.53574895859, 7.66692829132, 6.71916675568, 8.62080669403, 11.1573505402, 11.0754261017, 8.43679428101, 13.1066980362, 15.071428299, 13.3990831375, 11.6366434097, 15.0318536758, 15.1851959229, 20.5777816772, 19.3955974579, 19.7723121643, 20.3547801971, 19.7845439911, 11.5512199402, 7.30641412735, 7.43937397003, 4.93674898148, 1.85561847687, 1.05368149281, 0.574518501759, 0.467808276415, 0.294401079416, 0.103492580354, 0.0334555283189, 0.00940077938139, 0.00149917812087, 4.76299646834e-05, 2.46363797487e-05],
        "min": [1.44397303143e-22, 1.63714249938e-21, 5.22315321809e-21, 6.93235272118e-21, 1.58365909316e-20, 3.65182856725e-20, 5.25063782875e-20, 8.55378618024e-20, 1.75717473461e-19, 1.94180545399e-19, 3.30254961489e-19, 4.17244143988e-19, 6.83639081977e-19, 7.66491818576e-19, 9.31090213921e-19, 1.59718908611e-18, 2.25697532945e-18, 2.78422893728e-18, 2.2907300887e-18, 3.70495519851e-18, 4.19395832047e-18, 4.15153139967e-18, 6.44236385197e-18, 7.97016809772e-18, 8.37935284005e-18, 9.6945832489e-18, 9.20416358015e-18, 9.64337332436e-18, 1.2321803173e-17, 1.26507555318e-17, 1.31739844923e-17, 1.11657785622e-17, 1.09806125278e-17, 8.6506540189e-18, 7.12893699528e-18, 4.71920187942e-18, 2.50917132448e-18, 1.19386274706e-18, 2.54852847463e-19, 2.69701754047e-20],
        "var": [0.037702254951, 1.00411248207, 7.98101997375, 59.7606506348, 190.754364014, 72.3703994751, 171.178665161, 668.035827637, 1106.52514648, 442.634765625, 1139.57641602, 1659.73217773, 2346.00463867, 3674.66845703, 2765.65625, 4929.68408203, 5717.7734375, 3522.5793457, 6045.51220703, 1243.75708008, 2543.86621094, 1940.62280273, 1944.5916748, 1671.68530273, 1285.34216309, 373.983306885, 162.74269104, 192.151260376, 96.9724578857, 43.4431991577, 22.1584243774, 9.84983444214, 7.48311281204, 2.56776952744, 0.353177845478, 0.0444649383426, 0.00518697826192, 0.000242584254011, 1.03092631321e-07, 5.57880353025e-10]
    },
    "gfcc": {
        "mean": [2.53430962563, 81.3448028564, -140.257843018, 34.8815116882, -64.9656448364, 0.71300548315, -44.0334014893, 1.99261415005, -33.9771461487, -3.51765203476, -21.7775402069, -3.27443552017, -13.5655384064],
        "cov": [[11298.5039062, 14.3427734375, -756.683349609, 334.918518066, 32.4383583069, 623.300292969, -111.892745972, 153.6509552, -272.328399658, -62.8271636963, -307.136016846, -53.2925567627, -327.858581543], [14.3427734375, 773.394836426, 3.38625979424, 107.247558594, 109.567726135, -67.7089996338, 67.1078033447, -49.2355041504, 52.9665870667, -67.3900909424, 42.1730957031, -52.8075180054, 63.6202468872], [-756.683349609, 3.38625979424, 990.786682129, 7.70894622803, 164.636917114, 180.751403809, -48.458316803, 118.835639954, -12.2515115738, 25.1754627228, -23.864730835, 114.211479187, -85.9835739136], [334.918518066, 107.247558594, 7.70894622803, 277.167449951, 69.0503463745, 47.2360610962, 38.8090438843, -2.93549799919, 32.0164680481, -19.3183574677, 25.8416366577, -31.7306003571, 17.9525508881], [32.4383583069, 109.567726135, 164.636917114, 69.0503463745, 285.730743408, 133.046035767, 73.6305847168, 49.464679718, 3.90341591835, 23.1151275635, -17.2108287811, 23.6912879944, -9.93916225433], [623.300292969, -67.7089996338, 180.751403809, 47.2360610962, 133.046035767, 318.206542969, 64.5718383789, 55.7445907593, -39.8720054626, -8.13294506073, -6.18364095688, 18.6670417786, -54.2754707336], [-111.892745972, 67.1078033447, -48.458316803, 38.8090438843, 73.6305847168, 64.5718383789, 185.958221436, 35.7749023438, 11.9118242264, -0.203627482057, 1.59669816494, -7.46522569656, 17.4863929749], [153.6509552, -49.2355041504, 118.835639954, -2.93549799919, 49.464679718, 55.7445907593, 35.7749023438, 161.973861694, 40.7933959961, 4.15046787262, -29.4571800232, 20.3619823456, -2.3190870285], [-272.328399658, 52.9665870667, -12.2515115738, 32.0164680481, 3.90341591835, -39.8720054626, 11.9118242264, 40.7933959961, 120.077537537, 28.9151687622, 17.7501449585, -9.73190593719, 24.1990470886], [-62.8271636963, -67.3900909424, 25.1754627228, -19.3183574677, 23.1151275635, -8.13294506073, -0.203627482057, 4.15046787262, 28.9151687622, 118.555137634, 39.4009246826, 22.0348567963, -9.24059867859], [-307.136016846, 42.1730957031, -23.864730835, 25.8416366577, -17.2108287811, -6.18364095688, 1.59669816494, -29.4571800232, 17.7501449585, 39.4009246826, 115.677612305, 25.860490799, 22.1019630432], [-53.2925567627, -52.8075180054, 114.211479187, -31.7306003571, 23.6912879944, 18.6670417786, -7.46522569656, 20.3619823456, -9.73190593719, 22.0348567963, 25.860490799, 100.550071716, 11.2924995422], [-327.858581543, 63.6202468872, -85.9835739136, 17.9525508881, -9.93916225433, -54.2754707336, 17.4863929749, -2.3190870285, 24.1990470886, -9.24059867859, 22.1019630432, 11.2924995422, 99.728515625]],
        "icov": [[0.000322755688103, -0.000611739815213, 0.000788192788605, -0.000820156710688, 0.000651705020573, -0.00099972076714, 0.000820241984911, -0.000859634310473, 0.000852608995046, -0.00103545130696, 0.00152259715833, -0.00124709168449, 0.00113651668653], [-0.000611739815213, 0.00333909201436, -0.00191308557987, 0.00163620663807, -0.00269800540991, 0.00288063893095, -0.0022092203144, 0.00253374502063, -0.00252081872895, 0.00404852675274, -0.00449946662411, 0.00388256064616, -0.00279570161365], [0.000788192788605, -0.00191308557987, 0.00361100188456, -0.0022406114731, 0.00128642085474, -0.00300161191262, 0.00292508909479, -0.00302246771753, 0.00211249059066, -0.00281380000524, 0.00423459382728, -0.00504060601816, 0.004098712001], [-0.000820156710688, 0.00163620663807, -0.0022406114731, 0.00685738166794, -0.0029291685205, 0.00202294718474, -0.00233245245181, 0.00278564845212, -0.00357093731873, 0.00418771896511, -0.00571724027395, 0.00533426040784, -0.0037059597671], [0.000651705020573, -0.00269800540991, 0.00128642085474, -0.0029291685205, 0.00787354260683, -0.00431994721293, 0.000562214350794, -0.00220698164776, 0.00221205991693, -0.00528325047344, 0.00609020330012, -0.00443048309535, 0.00190945959184], [-0.00099972076714, 0.00288063893095, -0.00300161191262, 0.00202294718474, -0.00431994721293, 0.00889338832349, -0.00409687589854, 0.00152800057549, -0.00100882572588, 0.00506189698353, -0.00683863740414, 0.00446953903884, -0.00118961383123], [0.000820241984911, -0.0022092203144, 0.00292508909479, -0.00233245245181, 0.000562214350794, -0.00409687589854, 0.00939599610865, -0.00388628989458, 0.00238922564313, -0.00327128940262, 0.0039272387512, -0.00292582367547, 0.00171430874616], [-0.000859634310473, 0.00253374502063, -0.00302246771753, 0.00278564845212, -0.00220698164776, 0.00152800057549, -0.00388628989458, 0.0121388845146, -0.00702396873385, 0.00371217471547, -0.00145316275302, 0.00198731268756, -0.0038290976081], [0.000852608995046, -0.00252081872895, 0.00211249059066, -0.00357093731873, 0.00221205991693, -0.00100882572588, 0.00238922564313, -0.00702396873385, 0.015130453743, -0.00659342203289, 0.00280931661837, -0.00107842730358, 0.00118158396799], [-0.00103545130696, 0.00404852675274, -0.00281380000524, 0.00418771896511, -0.00528325047344, 0.00506189698353, -0.00327128940262, 0.00371217471547, -0.00659342203289, 0.0170606542379, -0.0107183028013, 0.00391620770097, -0.00116572529078], [0.00152259715833, -0.00449946662411, 0.00423459382728, -0.00571724027395, 0.00609020330012, -0.00683863740414, 0.0039272387512, -0.00145316275302, 0.00280931661837, -0.0107183028013, 0.0216223374009, -0.0110838897526, 0.00350710819475], [-0.00124709168449, 0.00388256064616, -0.00504060601816, 0.00533426040784, -0.00443048309535, 0.00446953903884, -0.00292582367547, 0.00198731268756, -0.00107842730358, 0.00391620770097, -0.0110838897526, 0.0211862530559, -0.00865063723177], [0.00113651668653, -0.00279570161365, 0.004098712001, -0.0037059597671, 0.00190945959184, -0.00118961383123, 0.00171430874616, -0.0038290976081, 0.00118158396799, -0.00116572529078, 0.00350710819475, -0.00865063723177, 0.0187087506056]]
    },
    "melbands": {
        "dmean": [0.000512600818183, 0.000581882079132, 0.000812101294287, 0.000381602789275, 0.000190919832676, 0.000215963023948, 0.000176885849214, 8.36286999402e-05, 8.20591376396e-05, 8.86645648279e-05, 7.46234945836e-05, 5.5736523791e-05, 4.37665912614e-05, 5.2157927712e-05, 5.99838349444e-05, 3.63313301932e-05, 3.19806058542e-05, 3.37729943567e-05, 2.50447428698e-05, 1.94457552425e-05, 2.16668431676e-05, 1.70799867192e-05, 1.35270856845e-05, 1.43445149661e-05, 1.33088469738e-05, 1.19666201499e-05, 9.79111428023e-06, 4.7082621677e-06, 3.19522678183e-06, 3.17422836815e-06, 2.90461434815e-06, 2.39769019572e-06, 1.28754527395e-06, 1.00318345631e-06, 7.51125298848e-07, 5.01853037349e-07, 4.11141883205e-07, 4.19520858941e-07, 4.70489851523e-07, 3.66288105624e-07],
        "dmean2": [0.000801208603662, 0.00106748298276, 0.00138326885644, 0.000645066786092, 0.000312925636536, 0.000360828038538, 0.000298472354189, 0.000136480171932, 0.000129402498715, 0.000137983792229, 0.000117221243272, 8.6127925897e-05, 6.5217311203e-05, 7.99844419817e-05, 9.30624592002e-05, 5.60138614674e-05, 4.92835133628e-05, 5.28264426976e-05, 3.95043789467e-05, 3.09080169245e-05, 3.45245935023e-05, 2.74568556051e-05, 2.16535227082e-05, 2.28609387705e-05, 2.12171398744e-05, 1.9206197976e-05, 1.56630303536e-05, 7.60748707762e-06, 5.12376391271e-06, 5.0314197324e-06, 4.64405957246e-06, 3.79367884307e-06, 2.00740805667e-06, 1.54998349444e-06, 1.16550506846e-06, 7.61982789754e-07, 6.12928431565e-07, 6.14172734004e-07, 6.84411418206e-07, 5.44871056718e-07],
        "dvar": [2.05840865419e-06, 2.66089432444e-06, 2.45418232225e-06, 4.38185310259e-07, 1.17405711819e-07, 2.24472174182e-07, 2.56362369555e-07, 3.26739026946e-08, 3.5326422676e-08, 3.60164804647e-08, 3.79263589423e-08, 2.64176929221e-08, 1.25452741528e-08, 1.28198038851e-08, 3.01333500374e-08, 9.71270441852e-09, 7.82675080302e-09, 8.34283842011e-09, 2.8889701742e-09, 1.14711351529e-09, 1.97668237334e-09, 9.43103484197e-10, 6.92896018339e-10, 5.91143745066e-10, 8.60408022607e-10, 6.35397512383e-10, 3.37266298223e-10, 5.35802825719e-11, 2.7151779089e-11, 2.36529407172e-11, 2.2823866061e-11, 1.41827790831e-11, 5.7857421111e-12, 4.48540206713e-12, 2.79214910741e-12, 2.23719285285e-12, 1.31480340938e-12, 1.57488854857e-12, 2.08596768331e-12, 8.58994028251e-13],
        "dvar2": [4.30740101365e-06, 7.60732427807e-06, 6.39979634798e-06, 1.1805025224e-06, 3.06107779124e-07, 6.14098667029e-07, 7.09615676442e-07, 8.51827124393e-08, 8.72077592362e-08, 8.21905246084e-08, 9.21885003891e-08, 6.10813160051e-08, 2.5084705868e-08, 2.76796203735e-08, 7.13603185432e-08, 2.18138822561e-08, 1.73450374064e-08, 1.76806231877e-08, 6.871964775e-09, 2.75386025095e-09, 4.51159598569e-09, 2.20459295264e-09, 1.66017755099e-09, 1.39507105867e-09, 2.27872365421e-09, 1.6621822807e-09, 7.7666634235e-10, 1.3252901554e-10, 6.64757554558e-11, 5.73333776288e-11, 5.58225826675e-11, 3.44783125661e-11, 1.35424414738e-11, 1.01614029691e-11, 6.07204911351e-12, 5.24048382813e-12, 2.70921501379e-12, 3.40345373412e-12, 4.26362460962e-12, 1.9264936868e-12],
        "max": [0.0178985018283, 0.0160994268954, 0.0228003486991, 0.0124288154766, 0.00602243840694, 0.0078643206507, 0.0102548515424, 0.00411419197917, 0.00637346785516, 0.00428288662806, 0.005174823571, 0.00655943434685, 0.00380243803374, 0.00318858493119, 0.00861090421677, 0.00377201219089, 0.00355495302938, 0.00302039273083, 0.0017977579264, 0.000731729262043, 0.00119665858801, 0.000781065027695, 0.00150974467397, 0.000545534479897, 0.00154191977344, 0.00123367621563, 0.00089993677102, 0.000135185357067, 0.00013343860337, 0.00010705828754, 0.000184246397112, 0.000105234015791, 6.792764907e-05, 6.72982932883e-05, 5.71645978198e-05, 8.21376452222e-05, 6.35644100839e-05, 6.60717996652e-05, 9.34326235438e-05, 3.43805295415e-05],
        "mean": [0.000504890980665, 0.000539083615877, 0.00118868146092, 0.000766343553551, 0.000346815009834, 0.000371040281607, 0.000261249399045, 0.000156687936396, 0.000163866439834, 0.000167340040207, 0.000133752284455, 0.000102846206573, 8.07241376606e-05, 0.000104415565147, 0.000109148357296, 6.60586010781e-05, 5.24390634382e-05, 6.08168593317e-05, 4.28339481005e-05, 3.33266398229e-05, 4.01680263167e-05, 3.35472614097e-05, 3.00949159282e-05, 2.97413134831e-05, 2.55638278759e-05, 2.41133839154e-05, 1.95393768081e-05, 9.36336164159e-06, 6.52781818644e-06, 6.83670396029e-06, 6.53343477097e-06, 5.27854854226e-06, 2.89248214358e-06, 2.22564108299e-06, 1.65877258951e-06, 1.09425820938e-06, 8.93923981948e-07, 9.02251770185e-07, 9.10484573069e-07, 6.28141947345e-07],
        "median": [3.63076323993e-05, 0.000164122524438, 0.000768526981119, 0.00062460929621, 0.000211931663216, 0.000178119109478, 0.000115404953249, 7.08389561623e-05, 6.82840691297e-05, 6.96029965184e-05, 5.17445732839e-05, 3.08781018248e-05, 3.53588548023e-05, 4.12234003306e-05, 2.9426164474e-05, 2.15243799175e-05, 1.86062261491e-05, 2.06331769732e-05, 1.75899222086e-05, 1.88208432519e-05, 2.1524305339e-05, 1.85702665476e-05, 1.68010301422e-05, 1.56276146299e-05, 1.51092453962e-05, 1.47036553244e-05, 1.13982787298e-05, 5.7482898228e-06, 3.95530105379e-06, 4.26355563832e-06, 4.00174621973e-06, 3.0757737477e-06, 1.32109835249e-06, 8.80121149294e-07, 6.47822446354e-07, 3.81835207008e-07, 3.14830742809e-07, 3.07324739879e-07, 3.09903981588e-07, 2.10986982552e-07],
        "min": [1.79742312242e-24, 3.53433390809e-24, 2.43602574672e-24, 2.25680502931e-24, 1.80728625032e-24, 1.92013043623e-24, 2.75752245877e-24, 2.14523879807e-24, 2.10664062283e-24, 2.63175732288e-24, 3.40192715502e-24, 2.7945624365e-24, 1.72052634189e-24, 2.98778267396e-24, 4.20067169853e-24, 3.11975870898e-24, 5.57955480692e-24, 4.00357874566e-24, 2.93373919385e-24, 4.28565686714e-24, 4.17691278578e-24, 3.79870249668e-24, 4.84427136223e-24, 4.66179481865e-24, 5.44612450683e-24, 6.02446880759e-24, 5.95982638957e-24, 6.41679418488e-24, 4.79150287856e-24, 4.10494697755e-24, 4.55774485411e-24, 6.57234296146e-24, 5.2149066145e-24, 6.03335650898e-24, 7.41065164037e-24, 6.67531494757e-24, 6.22309688378e-24, 6.7974811028e-24, 5.18144195161e-24, 8.01422252959e-24],
        "var": [2.31349508795e-06, 1.8780915525e-06, 2.47036950896e-06, 5.451916536e-07, 1.78469790058e-07, 2.94237906928e-07, 2.40022245634e-07, 5.76996228574e-08, 7.71378338982e-08, 7.60149418966e-08, 6.23466434035e-08, 6.33149284113e-08, 3.05775493814e-08, 4.17351913029e-08, 8.22292420821e-08, 2.71202420521e-08, 1.40895810574e-08, 2.42569981879e-08, 6.57355947453e-09, 2.08779193933e-09, 4.39933156571e-09, 2.40776021343e-09, 2.62638955029e-09, 1.65556823806e-09, 1.30826094402e-09, 1.06793696109e-09, 8.08978661837e-10, 1.2641077074e-10, 6.71727395929e-11, 6.76421071932e-11, 6.71840916233e-11, 4.18471160502e-11, 1.85191566943e-11, 1.3743731847e-11, 8.97754700441e-12, 5.16601952189e-12, 3.25323296947e-12, 3.63740027681e-12, 4.09610496563e-12, 1.53389497284e-12]
    },
    "mfcc": {
        "mean": [-628.026123047, 105.98059082, -18.9420089722, 26.7526321411, -5.12687444687, -3.01694464684, -3.9072291851, -3.65438532829, -5.38741350174, -9.58810424805, -3.93459367752, -7.33164453506, -6.12356376648],
        "cov": [[5846.95410156, -31.3989448547, -69.5153274536, 81.2720489502, 178.186477661, 294.535614014, 203.815872192, 216.25769043, 8.3128786087, 115.282974243, 57.7876205444, -59.0857276917, -82.8168563843], [-31.3989448547, 723.208190918, 39.811504364, 107.31552124, 77.9662704468, 25.1129837036, 24.6132278442, 40.0580368042, 41.4115600586, 4.05371809006, -14.83826828, 7.27896261215, 6.8348608017], [-69.5153274536, 39.811504364, 587.591552734, -42.0087394714, 172.814880371, 44.4638252258, 9.69025611877, 112.420097351, -35.6395378113, 45.949054718, 2.94436812401, -2.60197806358, 14.4256820679], [81.2720489502, 107.31552124, -42.0087394714, 249.188018799, 13.0474872589, 4.14225292206, -5.85349941254, -12.0265626907, 36.8148002625, 14.7386751175, -14.9866580963, 25.494512558, 15.2679262161], [178.186477661, 77.9662704468, 172.814880371, 13.0474872589, 254.963317871, 78.592300415, 45.8485107422, 82.4449386597, 23.5610713959, 41.2654800415, 19.0290660858, 5.96093273163, 4.08173942566], [294.535614014, 25.1129837036, 44.4638252258, 4.14225292206, 78.592300415, 210.342010498, 107.889419556, 55.803817749, -11.1863107681, 38.4389343262, 16.6048851013, -4.10096359253, 3.73782420158], [203.815872192, 24.6132278442, 9.69025611877, -5.85349941254, 45.8485107422, 107.889419556, 177.755355835, 79.8407821655, 26.7358036041, 21.8117580414, 17.9425067902, -3.7915263176, 2.95916509628], [216.25769043, 40.0580368042, 112.420097351, -12.0265626907, 82.4449386597, 55.803817749, 79.8407821655, 177.366394043, 52.1962432861, 35.9246025085, 3.79549264908, -3.23568940163, -7.32997274399], [8.3128786087, 41.4115600586, -35.6395378113, 36.8148002625, 23.5610713959, -11.1863107681, 26.7358036041, 52.1962432861, 131.078933716, 38.6641464233, 9.3348941803, -0.477115631104, -7.03034973145], [115.282974243, 4.05371809006, 45.949054718, 14.7386751175, 41.2654800415, 38.4389343262, 21.8117580414, 35.9246025085, 38.6641464233, 107.618621826, 35.1833267212, 6.02044057846, -7.68388748169], [57.7876205444, -14.83826828, 2.94436812401, -14.9866580963, 19.0290660858, 16.6048851013, 17.9425067902, 3.79549264908, 9.3348941803, 35.1833267212, 94.5132369995, 27.1959838867, 3.81576013565], [-59.0857276917, 7.27896261215, -2.60197806358, 25.494512558, 5.96093273163, -4.10096359253, -3.7915263176, -3.23568940163, -0.477115631104, 6.02044057846, 27.1959838867, 81.0628051758, 33.5462913513], [-82.8168563843, 6.8348608017, 14.4256820679, 15.2679262161, 4.08173942566, 3.73782420158, 2.95916509628, -7.32997274399, -7.03034973145, -7.68388748169, 3.81576013565, 33.5462913513, 83.6172103882]],
